16  5348.69	2.246582e+00	1.198882e-01	1.042203e+00	4.078009e-02	2.265453e-09	1.965254e-09	1.698940e-11	4.251032e-09	2.430962e-11	9.936563e+01	
1  5335.7	2.274127e+00	1.225413e-01	1.041156e+00	4.089592e-02	2.386447e-09	1.968253e-09	5.034648e-11	3.485260e-09	-1.982882e-11	1.000293e+02	
11  5323.14	2.305272e+00	1.187759e-01	1.041727e+00	4.796356e-02	2.322761e-09	1.993462e-09	5.473311e-11	1.624804e-09	-1.120035e-11	9.906592e+01	
10  5318.85	2.329597e+00	1.176025e-01	1.041743e+00	6.325842e-02	2.371653e-09	2.059294e-09	9.291949e-11	4.225168e-10	-6.969468e-11	9.912020e+01	
2  5310.16	2.293277e+00	1.210017e-01	1.041984e+00	6.359501e-02	2.394424e-09	2.068130e-09	8.131758e-11	3.678589e-10	-2.018938e-11	1.007973e+02	
2  5303.57	2.317142e+00	1.215110e-01	1.041896e+00	6.628020e-02	2.427000e-09	2.077634e-09	8.191254e-11	6.877184e-10	-5.609751e-11	1.007269e+02	
1  5298.12	2.321794e+00	1.215494e-01	1.041650e+00	4.185396e-02	2.301608e-09	1.973936e-09	8.615704e-11	1.157943e-09	-5.551671e-11	9.928954e+01	
1  5297.92	2.320339e+00	1.212822e-01	1.041488e+00	4.612599e-02	2.302644e-09	1.992757e-09	8.851626e-11	6.083073e-10	-6.852492e-11	9.933461e+01	
11  5297.41	2.296158e+00	1.210391e-01	1.041311e+00	4.310993e-02	2.295848e-09	1.974848e-09	1.288008e-10	1.640617e-09	-1.079519e-10	9.902681e+01	
10  5289.95	2.276763e+00	1.228687e-01	1.041290e+00	4.191143e-02	2.314848e-09	1.974959e-09	6.894551e-11	1.674728e-09	-7.237809e-11	9.980681e+01	
8  5292.06	2.264630e+00	1.214106e-01	1.041833e+00	6.253799e-02	2.313723e-09	2.060004e-09	7.576591e-11	1.118465e-09	-5.877136e-11	1.004969e+02	
1  5291.15	2.254144e+00	1.223546e-01	1.041448e+00	6.510203e-02	2.359633e-09	2.066490e-09	9.718496e-11	1.736139e-09	-7.873469e-11	1.009046e+02	
4  5281	2.236384e+00	1.256507e-01	1.040340e+00	4.959420e-02	2.415514e-09	2.002548e-09	8.737428e-11	2.789769e-10	-1.054973e-10	1.013181e+02	
52  5269.05	2.239741e+00	1.227128e-01	1.040657e+00	5.428124e-02	2.387751e-09	2.018301e-09	1.131685e-10	9.134393e-11	-1.498984e-10	1.003679e+02	
9  5265.35	2.232818e+00	1.231443e-01	1.040487e+00	4.182802e-02	2.302513e-09	1.961570e-09	1.082331e-10	1.145409e-09	-9.666583e-11	9.999240e+01	
3  5265.61	2.232818e+00	1.231443e-01	1.040487e+00	4.182802e-02	2.302513e-09	1.961570e-09	1.082331e-10	1.145409e-09	-9.666583e-11	1.000651e+02	
5  5262.77	2.217428e+00	1.223607e-01	1.040411e+00	4.329290e-02	2.279399e-09	1.958539e-09	9.366551e-11	1.526839e-09	-8.058143e-11	9.994479e+01	
9  5262.27	2.225886e+00	1.221521e-01	1.040285e+00	5.124662e-02	2.318487e-09	1.985518e-09	6.474020e-11	2.322545e-09	-6.818487e-11	1.001839e+02	
1  5261.07	2.216804e+00	1.225686e-01	1.040816e+00	4.966255e-02	2.302727e-09	1.981276e-09	2.537965e-11	2.583117e-09	-1.718062e-11	1.005562e+02	
5  5264.26	2.247006e+00	1.186034e-01	1.041760e+00	5.540778e-02	2.240915e-09	2.007391e-09	1.596531e-11	2.223696e-09	-8.143340e-12	9.941884e+01	
94  5264.07	2.244813e+00	1.211279e-01	1.041278e+00	4.611196e-02	2.243438e-09	1.977654e-09	4.364451e-11	1.172329e-09	-1.013205e-11	9.988286e+01	
13  5261.57	2.249086e+00	1.193117e-01	1.041298e+00	4.716796e-02	2.247250e-09	1.973741e-09	4.523375e-11	5.654876e-10	-1.141854e-11	9.940462e+01	
34  5260.29	2.249086e+00	1.193117e-01	1.041298e+00	4.716796e-02	2.247250e-09	1.973741e-09	4.523375e-11	5.654876e-10	-1.141854e-11	9.963570e+01	
7  5258.64	2.258053e+00	1.195641e-01	1.041816e+00	4.554006e-02	2.265318e-09	1.964960e-09	1.733681e-11	7.052228e-10	-5.532798e-12	9.968567e+01	
26  5258.28	2.261691e+00	1.197882e-01	1.041132e+00	5.716181e-02	2.323201e-09	2.011890e-09	1.451575e-11	5.100089e-10	-1.053424e-11	1.002300e+02	
18  5258.71	2.274546e+00	1.183117e-01	1.041619e+00	6.361481e-02	2.343241e-09	2.038093e-09	4.773973e-11	3.491545e-10	-3.882138e-11	1.000059e+02	
31  5261.63	2.240788e+00	1.166849e-01	1.041682e+00	5.663520e-02	2.259920e-09	2.005883e-09	4.515704e-12	3.021184e-10	-7.458542e-12	9.934033e+01	
41  5260.9	2.250976e+00	1.205640e-01	1.040906e+00	5.684062e-02	2.312753e-09	2.015578e-09	5.844589e-11	2.061263e-10	-3.425418e-11	1.004317e+02	
94  5257.69	2.249701e+00	1.206650e-01	1.040928e+00	4.831330e-02	2.289050e-09	1.978122e-09	3.652178e-11	2.647668e-10	-3.200717e-11	1.000253e+02	
27  5258.36	2.247394e+00	1.195893e-01	1.041382e+00	4.723783e-02	2.269764e-09	1.968657e-09	2.027703e-11	1.048254e-09	-2.166281e-11	9.965770e+01	
8  5259.24	2.260780e+00	1.216012e-01	1.040834e+00	4.938886e-02	2.334223e-09	1.978521e-09	2.869623e-11	8.665653e-10	-5.584076e-11	1.001786e+02	
34  5258.78	2.247849e+00	1.179644e-01	1.042482e+00	5.809386e-02	2.243269e-09	2.013691e-09	6.020713e-11	7.564961e-10	-2.641827e-12	9.991962e+01	
9  5259.29	2.247849e+00	1.179644e-01	1.042482e+00	5.809386e-02	2.243269e-09	2.013691e-09	6.020713e-11	7.564961e-10	-2.641827e-12	9.949235e+01	
1  5257.09	2.245775e+00	1.207014e-01	1.041961e+00	5.701847e-02	2.330750e-09	2.014163e-09	6.168302e-11	1.406051e-10	-2.547160e-11	1.003783e+02	
14  5257.07	2.245775e+00	1.207014e-01	1.041961e+00	5.701847e-02	2.330750e-09	2.014163e-09	6.168302e-11	1.406051e-10	-2.547160e-11	9.942230e+01	
2  5257.72	2.246320e+00	1.195828e-01	1.042386e+00	6.711045e-02	2.359725e-09	2.055304e-09	3.986223e-11	1.036726e-09	-1.568262e-11	9.958652e+01	
4  5257.65	2.241191e+00	1.220314e-01	1.041390e+00	6.496820e-02	2.420812e-09	2.050910e-09	2.289013e-11	1.580186e-09	-4.274944e-11	1.000540e+02	
22  5258.44	2.241191e+00	1.220314e-01	1.041390e+00	6.496820e-02	2.420812e-09	2.050910e-09	2.289013e-11	1.580186e-09	-4.274944e-11	1.002475e+02	
9  5258.71	2.237857e+00	1.226655e-01	1.041318e+00	5.635665e-02	2.365749e-09	2.016718e-09	6.994869e-11	1.542679e-09	-6.418393e-11	9.991167e+01	
22  5258.22	2.226114e+00	1.229530e-01	1.042365e+00	4.542561e-02	2.284505e-09	1.970445e-09	2.660757e-11	2.321325e-09	8.206461e-12	9.985630e+01	
47  5258.26	2.221300e+00	1.230931e-01	1.042815e+00	4.324782e-02	2.234865e-09	1.965570e-09	3.159491e-11	1.859060e-09	2.401664e-11	9.991177e+01	
8  5258.73	2.221300e+00	1.230931e-01	1.042815e+00	4.324782e-02	2.234865e-09	1.965570e-09	3.159491e-11	1.859060e-09	2.401664e-11	1.001940e+02	
7  5257.93	2.218305e+00	1.218798e-01	1.043158e+00	4.408859e-02	2.203034e-09	1.966939e-09	1.104720e-11	1.906962e-09	3.091894e-11	9.983808e+01	
5  5258.06	2.203112e+00	1.212081e-01	1.042598e+00	5.163869e-02	2.289069e-09	2.001210e-09	3.708013e-11	6.013140e-11	-1.834268e-11	1.001192e+02	
10  5258.94	2.203112e+00	1.212081e-01	1.042598e+00	5.163869e-02	2.289069e-09	2.001210e-09	3.708013e-11	6.013140e-11	-1.834268e-11	1.002651e+02	
26  5257.45	2.203112e+00	1.212081e-01	1.042598e+00	5.163869e-02	2.289069e-09	2.001210e-09	3.708013e-11	6.013140e-11	-1.834268e-11	9.987818e+01	
48  5258.03	2.212449e+00	1.227013e-01	1.042037e+00	4.512547e-02	2.317302e-09	1.971434e-09	8.863885e-11	3.324449e-10	-5.666532e-11	9.984724e+01	
59  5259.26	2.216452e+00	1.206770e-01	1.042450e+00	5.504181e-02	2.307889e-09	2.007815e-09	9.988711e-11	6.556525e-10	-2.171677e-11	9.985511e+01	
7  5260.13	2.236089e+00	1.218177e-01	1.042032e+00	4.904255e-02	2.290582e-09	1.977602e-09	8.285483e-11	1.498891e-09	-1.207036e-11	9.964916e+01	
4  5259.66	2.236089e+00	1.218177e-01	1.042032e+00	4.904255e-02	2.290582e-09	1.977602e-09	8.285483e-11	1.498891e-09	-1.207036e-11	9.983272e+01	
41  5259.06	2.243594e+00	1.214277e-01	1.041811e+00	6.260599e-02	2.395185e-09	2.036795e-09	1.152501e-10	5.932030e-10	-5.197210e-11	1.003839e+02	
10  5260.61	2.199300e+00	1.224810e-01	1.041126e+00	5.240848e-02	2.379028e-09	1.994781e-09	9.634007e-11	3.194948e-10	-5.423887e-11	1.004154e+02	
5  5257.54	2.203554e+00	1.210096e-01	1.041283e+00	5.475686e-02	2.313739e-09	1.999154e-09	5.840955e-11	3.269513e-10	-7.675061e-12	1.000625e+02	
9  5257.51	2.203554e+00	1.210096e-01	1.041283e+00	5.475686e-02	2.313739e-09	1.999154e-09	5.840955e-11	3.269513e-10	-7.675061e-12	9.981212e+01	
21  5257.42	2.191648e+00	1.213776e-01	1.041294e+00	6.061569e-02	2.337002e-09	2.025044e-09	7.029976e-11	1.579399e-10	-3.279706e-11	1.001966e+02	
18  5259.53	2.191648e+00	1.213776e-01	1.041294e+00	6.061569e-02	2.337002e-09	2.025044e-09	7.029976e-11	1.579399e-10	-3.279706e-11	1.004893e+02	
34  5261.33	2.223511e+00	1.198723e-01	1.041407e+00	6.810110e-02	2.392856e-09	2.048385e-09	5.996226e-11	5.720215e-10	-8.711427e-11	9.990945e+01	
9  5261.62	2.227461e+00	1.209191e-01	1.041784e+00	6.291595e-02	2.338840e-09	2.023294e-09	3.895234e-11	2.262436e-09	-1.060278e-11	1.001707e+02	
31  5259.77	2.236760e+00	1.215177e-01	1.041369e+00	5.708580e-02	2.322346e-09	2.001952e-09	4.205786e-11	2.016125e-09	-2.967910e-11	9.984625e+01	
11  5259.58	2.209898e+00	1.198920e-01	1.041320e+00	6.501859e-02	2.281741e-09	2.038287e-09	7.733215e-11	9.840796e-10	-4.471293e-11	9.979992e+01	
45  5258.94	2.228533e+00	1.192786e-01	1.040910e+00	7.227616e-02	2.299111e-09	2.065452e-09	7.624096e-11	2.080217e-09	-3.325996e-11	9.974034e+01	
2  5258.62	2.236582e+00	1.226056e-01	1.041033e+00	6.455361e-02	2.336899e-09	2.043429e-09	4.693595e-11	1.375634e-09	-3.434949e-11	1.004961e+02	
20  5255.97	2.236582e+00	1.226056e-01	1.041033e+00	6.455361e-02	2.336899e-09	2.043429e-09	4.693595e-11	1.375634e-09	-3.434949e-11	9.987422e+01	
43  5255.96	2.236582e+00	1.226056e-01	1.041033e+00	6.455361e-02	2.336899e-09	2.043429e-09	4.693595e-11	1.375634e-09	-3.434949e-11	1.000087e+02	
57  5256.84	2.238493e+00	1.223536e-01	1.041463e+00	6.418528e-02	2.299265e-09	2.037391e-09	3.392485e-11	2.816079e-09	-1.024923e-11	9.986356e+01	
44  5256.83	2.238493e+00	1.223536e-01	1.041463e+00	6.418528e-02	2.299265e-09	2.037391e-09	3.392485e-11	2.816079e-09	-1.024923e-11	1.000248e+02	
45  5257.57	2.235636e+00	1.225996e-01	1.041328e+00	5.340169e-02	2.295637e-09	2.001313e-09	3.654957e-11	3.899718e-10	-4.255880e-11	9.966257e+01	
9  5261.54	2.211176e+00	1.233985e-01	1.040640e+00	6.158776e-02	2.331348e-09	2.035108e-09	2.868450e-11	3.894450e-10	-1.240370e-11	1.005624e+02	
1  5256.54	2.229755e+00	1.184282e-01	1.041253e+00	8.902871e-02	2.379835e-09	2.142812e-09	1.567730e-11	7.330238e-10	-2.199444e-11	1.001688e+02	
10  5257.3	2.242597e+00	1.174121e-01	1.041981e+00	9.534809e-02	2.389619e-09	2.166801e-09	2.007070e-11	8.822486e-10	1.944794e-11	1.004221e+02	
1  5258.42	2.258444e+00	1.177391e-01	1.042434e+00	9.981162e-02	2.387452e-09	2.188893e-09	5.550458e-11	1.507155e-09	-1.086721e-11	1.004947e+02	
3  5258.28	2.258444e+00	1.177391e-01	1.042434e+00	9.981162e-02	2.387452e-09	2.188893e-09	5.550458e-11	1.507155e-09	-1.086721e-11	1.004789e+02	
19  5258.58	2.245242e+00	1.210099e-01	1.042102e+00	7.794364e-02	2.382165e-09	2.106660e-09	6.062595e-11	7.696596e-10	-2.862245e-11	1.005780e+02	
22  5257.16	2.213148e+00	1.205834e-01	1.042769e+00	6.234275e-02	2.314062e-09	2.041082e-09	5.418072e-11	1.308296e-11	8.538398e-12	1.002322e+02	
5  5256.34	2.222838e+00	1.213693e-01	1.042023e+00	6.720968e-02	2.386177e-09	2.058927e-09	3.979980e-11	7.792428e-10	-2.118186e-11	1.004177e+02	
31  5256.06	2.239092e+00	1.214497e-01	1.042036e+00	6.465123e-02	2.390742e-09	2.049243e-09	1.885470e-11	1.249451e-09	-2.232651e-11	1.001547e+02	
28  5255.67	2.239092e+00	1.214497e-01	1.042036e+00	6.465123e-02	2.390742e-09	2.049243e-09	1.885470e-11	1.249451e-09	-2.232651e-11	9.986390e+01	
2  5254.25	2.228849e+00	1.198850e-01	1.041788e+00	7.131445e-02	2.351193e-09	2.071345e-09	1.041314e-12	1.457457e-09	-2.817262e-12	9.963273e+01	
76  5253.67	2.228849e+00	1.198850e-01	1.041788e+00	7.131445e-02	2.351193e-09	2.071345e-09	1.041314e-12	1.457457e-09	-2.817262e-12	9.977042e+01	
14  5254.33	2.253476e+00	1.188275e-01	1.042056e+00	8.556950e-02	2.418386e-09	2.131592e-09	1.930115e-11	8.759524e-10	-2.754301e-11	1.000285e+02	
41  5254.24	2.253476e+00	1.188275e-01	1.042056e+00	8.556950e-02	2.418386e-09	2.131592e-09	1.930115e-11	8.759524e-10	-2.754301e-11	9.992177e+01	
22  5256.57	2.254234e+00	1.199888e-01	1.042073e+00	7.401281e-02	2.377669e-09	2.083296e-09	5.440081e-11	1.608450e-09	-2.767676e-11	9.969980e+01	
6  5258.47	2.238854e+00	1.214759e-01	1.041785e+00	6.426306e-02	2.349743e-09	2.044205e-09	8.255876e-11	1.972331e-09	-4.817636e-11	9.964110e+01	
16  5256.81	2.253679e+00	1.221928e-01	1.040644e+00	7.746837e-02	2.458287e-09	2.092657e-09	3.120087e-11	2.612197e-09	-3.588088e-11	1.003306e+02	
6  5257.3	2.249640e+00	1.209344e-01	1.040800e+00	7.698958e-02	2.406432e-09	2.091360e-09	6.443253e-11	1.916052e-09	-7.727632e-11	9.970404e+01	
13  5257.26	2.235205e+00	1.170436e-01	1.041519e+00	9.934094e-02	2.400482e-09	2.185781e-09	6.719499e-11	7.182082e-10	-4.123058e-11	9.995095e+01	
3  5257.01	2.215978e+00	1.199422e-01	1.041256e+00	8.011035e-02	2.364797e-09	2.110139e-09	1.006297e-10	2.625190e-10	-7.378645e-11	9.994748e+01	
3  5260.1	2.230100e+00	1.205967e-01	1.041114e+00	8.785570e-02	2.413388e-09	2.142558e-09	6.383543e-11	1.136015e-09	-7.704283e-11	1.003088e+02	
4  5258.92	2.230100e+00	1.205967e-01	1.041114e+00	8.785570e-02	2.413388e-09	2.142558e-09	6.383543e-11	1.136015e-09	-7.704283e-11	9.985975e+01	
12  5258.5	2.232552e+00	1.204618e-01	1.041063e+00	9.133222e-02	2.409146e-09	2.151850e-09	8.376375e-11	1.158680e-09	-7.260267e-11	9.998067e+01	
11  5258.09	2.246767e+00	1.180846e-01	1.042647e+00	1.079254e-01	2.471329e-09	2.221658e-09	2.477594e-11	1.239468e-09	-1.727415e-11	1.004837e+02	
2  5260.83	2.244024e+00	1.171500e-01	1.041753e+00	9.485211e-02	2.474763e-09	2.158914e-09	3.963283e-11	3.011438e-10	-8.134180e-11	9.928143e+01	
8  5261.25	2.241480e+00	1.209423e-01	1.040573e+00	7.929211e-02	2.534061e-09	2.091691e-09	1.722018e-11	7.192669e-10	-5.626252e-11	9.987450e+01	
13  5259.56	2.225210e+00	1.217298e-01	1.041200e+00	6.915283e-02	2.450563e-09	2.054335e-09	1.760714e-11	6.147763e-10	-4.844549e-11	9.972787e+01	
22  5259.23	2.225210e+00	1.217298e-01	1.041200e+00	6.915283e-02	2.450563e-09	2.054335e-09	1.760714e-11	6.147763e-10	-4.844549e-11	9.988259e+01	
18  5259.37	2.191871e+00	1.232933e-01	1.042389e+00	5.854720e-02	2.355760e-09	2.018662e-09	5.272998e-12	1.098345e-09	1.060687e-11	1.003688e+02	
2  5258.73	2.191871e+00	1.232933e-01	1.042389e+00	5.854720e-02	2.355760e-09	2.018662e-09	5.272998e-12	1.098345e-09	1.060687e-11	1.002301e+02	
38  5256.31	2.203530e+00	1.214212e-01	1.042737e+00	6.547250e-02	2.357081e-09	2.051401e-09	1.500773e-11	9.829719e-10	2.065859e-11	1.000207e+02	
14  5256.35	2.203530e+00	1.214212e-01	1.042737e+00	6.547250e-02	2.357081e-09	2.051401e-09	1.500773e-11	9.829719e-10	2.065859e-11	9.997142e+01	
11  5255.92	2.214013e+00	1.226890e-01	1.042222e+00	7.022376e-02	2.393776e-09	2.075339e-09	2.305643e-11	1.099147e-09	-1.123164e-12	1.003697e+02	
43  5256.01	2.211978e+00	1.211156e-01	1.041651e+00	7.262562e-02	2.346363e-09	2.074400e-09	8.871085e-12	2.213098e-09	-9.652993e-12	9.959508e+01	
1  5258.2	2.209333e+00	1.231575e-01	1.040979e+00	7.477877e-02	2.403089e-09	2.088230e-09	9.135443e-13	1.550830e-09	-5.868328e-12	1.004328e+02	
41  5256.09	2.207198e+00	1.218488e-01	1.041503e+00	7.812920e-02	2.391012e-09	2.104792e-09	2.014915e-11	5.330603e-10	-3.160736e-11	1.002034e+02	
68  5255.83	2.207198e+00	1.218488e-01	1.041503e+00	7.812920e-02	2.391012e-09	2.104792e-09	2.014915e-11	5.330603e-10	-3.160736e-11	9.987321e+01	
12  5256.22	2.223586e+00	1.194957e-01	1.042232e+00	1.015634e-01	2.484258e-09	2.204384e-09	2.505364e-11	2.745425e-10	-3.250038e-11	1.004160e+02	
85  5255.62	2.223586e+00	1.194957e-01	1.042232e+00	1.015634e-01	2.484258e-09	2.204384e-09	2.505364e-11	2.745425e-10	-3.250038e-11	9.981953e+01	
3  5258.75	2.242390e+00	1.215812e-01	1.042626e+00	1.004545e-01	2.480139e-09	2.199142e-09	1.337428e-11	1.894542e-09	-1.657056e-11	1.002588e+02	
12  5259.53	2.220035e+00	1.218910e-01	1.043504e+00	8.440951e-02	2.389085e-09	2.142587e-09	9.211749e-12	1.763634e-10	4.138246e-11	1.002237e+02	
12  5260	2.220035e+00	1.218910e-01	1.043504e+00	8.440951e-02	2.389085e-09	2.142587e-09	9.211749e-12	1.763634e-10	4.138246e-11	9.989483e+01	
12  5260.22	2.219141e+00	1.224304e-01	1.043617e+00	8.432718e-02	2.397094e-09	2.143057e-09	8.458167e-12	1.390389e-10	3.210106e-11	1.000461e+02	
50  5258.6	2.197166e+00	1.226323e-01	1.042545e+00	8.136422e-02	2.466018e-09	2.126951e-09	6.060709e-11	5.952055e-11	-5.642084e-11	9.975857e+01	
5  5259.6	2.194419e+00	1.227780e-01	1.042559e+00	9.235231e-02	2.517161e-09	2.174667e-09	6.776642e-11	2.055025e-12	-8.692707e-11	1.002501e+02	
4  5258.97	2.215766e+00	1.255487e-01	1.041311e+00	7.808425e-02	2.540124e-09	2.111890e-09	3.531771e-11	1.018666e-09	-7.427664e-11	1.001541e+02	
7  5260.96	2.219189e+00	1.247786e-01	1.040335e+00	7.804257e-02	2.526036e-09	2.104759e-09	1.457550e-11	1.852694e-09	-3.021586e-11	9.985337e+01	
4  5259.98	2.219189e+00	1.247786e-01	1.040335e+00	7.804257e-02	2.526036e-09	2.104759e-09	1.457550e-11	1.852694e-09	-3.021586e-11	1.001643e+02	
3  5259.69	2.227276e+00	1.231216e-01	1.040685e+00	9.170937e-02	2.546017e-09	2.158212e-09	6.855697e-11	1.645348e-09	-5.771606e-11	1.002322e+02	
40  5258.92	2.207157e+00	1.213422e-01	1.041010e+00	9.659724e-02	2.533159e-09	2.176337e-09	6.477763e-11	1.247262e-09	-5.923702e-11	1.000639e+02	
10  5255.41	2.223701e+00	1.212030e-01	1.041640e+00	9.659996e-02	2.498107e-09	2.182155e-09	3.003108e-11	3.073388e-10	-2.595687e-11	1.001050e+02	
24  5256.94	2.218370e+00	1.210316e-01	1.041248e+00	9.938289e-02	2.540858e-09	2.191534e-09	8.642989e-11	1.603485e-10	-1.395360e-10	9.970626e+01	
9  5257.65	2.208580e+00	1.234620e-01	1.041604e+00	9.468619e-02	2.552389e-09	2.178502e-09	4.738966e-11	2.034260e-11	-1.242671e-10	1.004309e+02	
160  5257.29	2.208580e+00	1.234620e-01	1.041604e+00	9.468619e-02	2.552389e-09	2.178502e-09	4.738966e-11	2.034260e-11	-1.242671e-10	1.003298e+02	
10  5257.11	2.208580e+00	1.234620e-01	1.041604e+00	9.468619e-02	2.552389e-09	2.178502e-09	4.738966e-11	2.034260e-11	-1.242671e-10	1.001511e+02	
187  5257.1	2.208580e+00	1.234620e-01	1.041604e+00	9.468619e-02	2.552389e-09	2.178502e-09	4.738966e-11	2.034260e-11	-1.242671e-10	1.001619e+02	
5  5257.06	2.219009e+00	1.217902e-01	1.041631e+00	9.337511e-02	2.545059e-09	2.169393e-09	6.399616e-11	8.349739e-11	-1.222110e-10	9.956230e+01	
74  5256.87	2.234998e+00	1.208540e-01	1.041830e+00	1.097628e-01	2.615934e-09	2.240582e-09	9.710131e-11	1.420821e-10	-1.607929e-10	9.990206e+01	
44  5258	2.229032e+00	1.218766e-01	1.041129e+00	1.047217e-01	2.621946e-09	2.216213e-09	9.431211e-11	3.478344e-10	-1.681187e-10	9.988448e+01	
3  5257.88	2.229032e+00	1.218766e-01	1.041129e+00	1.047217e-01	2.621946e-09	2.216213e-09	9.431211e-11	3.478344e-10	-1.681187e-10	9.991732e+01	
7  5256.66	2.248513e+00	1.215536e-01	1.041269e+00	1.024275e-01	2.556790e-09	2.204538e-09	2.870802e-11	4.120758e-10	-7.207667e-11	9.985349e+01	
94  5256.26	2.248513e+00	1.215536e-01	1.041269e+00	1.024275e-01	2.556790e-09	2.204538e-09	2.870802e-11	4.120758e-10	-7.207667e-11	1.002543e+02	
16  5255.47	2.244719e+00	1.197999e-01	1.042036e+00	9.705623e-02	2.495690e-09	2.179725e-09	1.467918e-11	3.691273e-11	-6.990037e-11	9.949388e+01	
142  5252.94	2.244719e+00	1.197999e-01	1.042036e+00	9.705623e-02	2.495690e-09	2.179725e-09	1.467918e-11	3.691273e-11	-6.990037e-11	1.000013e+02	
24  5254.5	2.241387e+00	1.218077e-01	1.041977e+00	7.939090e-02	2.428280e-09	2.107050e-09	3.227849e-11	3.323462e-10	-4.761673e-11	9.985777e+01	
4  5256.04	2.240100e+00	1.198913e-01	1.042174e+00	8.277031e-02	2.370612e-09	2.121046e-09	6.718847e-12	1.851970e-10	-9.427316e-12	9.947538e+01	
2  5255.15	2.240100e+00	1.198913e-01	1.042174e+00	8.277031e-02	2.370612e-09	2.121046e-09	6.718847e-12	1.851970e-10	-9.427316e-12	9.959015e+01	
7  5254.62	2.246986e+00	1.208420e-01	1.041938e+00	7.845064e-02	2.421634e-09	2.101200e-09	2.923156e-11	8.668106e-10	-5.963856e-12	9.978809e+01	
1  5254.39	2.217493e+00	1.205439e-01	1.042296e+00	8.051718e-02	2.367810e-09	2.108569e-09	6.578794e-12	9.197118e-10	1.762207e-11	9.997195e+01	
5  5254.87	2.217493e+00	1.205439e-01	1.042296e+00	8.051718e-02	2.367810e-09	2.108569e-09	6.578794e-12	9.197118e-10	1.762207e-11	9.982664e+01	
12  5257.11	2.238434e+00	1.231741e-01	1.041437e+00	7.119656e-02	2.416598e-09	2.068288e-09	5.522319e-11	1.323025e-09	-5.399074e-11	9.973667e+01	
8  5256.8	2.254447e+00	1.211203e-01	1.042058e+00	9.185297e-02	2.471479e-09	2.156514e-09	4.040861e-11	3.682221e-10	-2.358598e-11	1.003276e+02	
25  5257.71	2.238955e+00	1.228406e-01	1.041397e+00	8.427177e-02	2.460523e-09	2.125282e-09	2.710729e-11	6.889482e-10	-4.648257e-11	1.003156e+02	
107  5257.2	2.238955e+00	1.228406e-01	1.041397e+00	8.427177e-02	2.460523e-09	2.125282e-09	2.710729e-11	6.889482e-10	-4.648257e-11	1.001810e+02	
3  5257.17	2.252784e+00	1.213621e-01	1.041849e+00	8.353181e-02	2.454322e-09	2.115028e-09	1.829426e-11	1.504473e-09	-1.277655e-11	9.978692e+01	
8  5257.26	2.252784e+00	1.213621e-01	1.041849e+00	8.353181e-02	2.454322e-09	2.115028e-09	1.829426e-11	1.504473e-09	-1.277655e-11	9.976833e+01	
3  5258.71	2.264691e+00	1.209019e-01	1.041691e+00	1.001570e-01	2.526141e-09	2.187517e-09	3.350840e-11	9.381713e-10	-6.140353e-11	1.001811e+02	
29  5257.82	2.234077e+00	1.226550e-01	1.041775e+00	8.776966e-02	2.445389e-09	2.137591e-09	1.292349e-11	2.225088e-09	-3.779119e-12	1.004048e+02	
9  5257.34	2.234077e+00	1.226550e-01	1.041775e+00	8.776966e-02	2.445389e-09	2.137591e-09	1.292349e-11	2.225088e-09	-3.779119e-12	9.998409e+01	
51  5256.1	2.205442e+00	1.218066e-01	1.042358e+00	8.429695e-02	2.393073e-09	2.130996e-09	4.162067e-11	5.047679e-10	-5.872165e-12	9.991919e+01	
21  5256.69	2.205442e+00	1.218066e-01	1.042358e+00	8.429695e-02	2.393073e-09	2.130996e-09	4.162067e-11	5.047679e-10	-5.872165e-12	9.976635e+01	
29  5259.75	2.221111e+00	1.183392e-01	1.043194e+00	1.014378e-01	2.363398e-09	2.197382e-09	2.956735e-11	1.081374e-09	2.933237e-11	9.948623e+01	
20  5256.91	2.221111e+00	1.183392e-01	1.043194e+00	1.014378e-01	2.363398e-09	2.197382e-09	2.956735e-11	1.081374e-09	2.933237e-11	1.000248e+02	
2  5258.53	2.221111e+00	1.183392e-01	1.043194e+00	1.014378e-01	2.363398e-09	2.197382e-09	2.956735e-11	1.081374e-09	2.933237e-11	9.962299e+01	
1  5260.51	2.246121e+00	1.184489e-01	1.043210e+00	1.074385e-01	2.418836e-09	2.225870e-09	6.590819e-11	1.654260e-09	-1.737111e-11	9.964047e+01	
1  5258.01	2.258723e+00	1.194191e-01	1.042499e+00	1.080059e-01	2.458914e-09	2.228792e-09	6.108782e-11	1.301019e-09	-2.788865e-11	9.982345e+01	
21  5259.05	2.241496e+00	1.172549e-01	1.042088e+00	1.156863e-01	2.462219e-09	2.255475e-09	9.667390e-11	8.393288e-10	-2.875671e-11	9.965182e+01	
5  5259.07	2.243002e+00	1.188399e-01	1.041459e+00	1.045018e-01	2.479452e-09	2.208148e-09	6.263657e-11	1.197804e-10	-3.423125e-11	9.957018e+01	
2  5256.5	2.243002e+00	1.188399e-01	1.041459e+00	1.045018e-01	2.479452e-09	2.208148e-09	6.263657e-11	1.197804e-10	-3.423125e-11	1.000872e+02	
8  5259.29	2.268173e+00	1.187323e-01	1.041223e+00	1.148497e-01	2.529909e-09	2.248710e-09	4.966085e-11	1.365433e-09	-3.418009e-11	1.002773e+02	
20  5261.08	2.268173e+00	1.187323e-01	1.041223e+00	1.148497e-01	2.529909e-09	2.248710e-09	4.966085e-11	1.365433e-09	-3.418009e-11	1.005952e+02	
4  5259.48	2.268173e+00	1.187323e-01	1.041223e+00	1.148497e-01	2.529909e-09	2.248710e-09	4.966085e-11	1.365433e-09	-3.418009e-11	9.991216e+01	
5  5257.43	2.238865e+00	1.203762e-01	1.041288e+00	9.859880e-02	2.462609e-09	2.183087e-09	3.339895e-11	1.198604e-09	-1.417291e-11	9.987148e+01	
7  5257.99	2.249275e+00	1.180164e-01	1.041682e+00	1.102545e-01	2.482919e-09	2.228346e-09	4.935191e-11	1.372263e-09	-2.304576e-11	9.964726e+01	
4  5260.15	2.261312e+00	1.173570e-01	1.041811e+00	1.081641e-01	2.486513e-09	2.222938e-09	7.296218e-11	3.056465e-10	-2.913331e-11	9.941425e+01	
13  5256.83	2.261312e+00	1.173570e-01	1.041811e+00	1.081641e-01	2.486513e-09	2.222938e-09	7.296218e-11	3.056465e-10	-2.913331e-11	9.982474e+01	
2  5255.49	2.261189e+00	1.185641e-01	1.042077e+00	9.581581e-02	2.463000e-09	2.173950e-09	3.041126e-11	4.593025e-10	-3.414480e-11	9.953583e+01	
36  5254.26	2.247649e+00	1.189858e-01	1.042185e+00	9.805294e-02	2.486345e-09	2.183695e-09	9.116038e-12	2.789946e-10	-2.211164e-12	1.000987e+02	
29  5254.86	2.245182e+00	1.195747e-01	1.042231e+00	1.001966e-01	2.492091e-09	2.193517e-09	1.584487e-11	6.267696e-10	-8.295489e-12	1.003519e+02	
50  5254.76	2.245182e+00	1.195747e-01	1.042231e+00	1.001966e-01	2.492091e-09	2.193517e-09	1.584487e-11	6.267696e-10	-8.295489e-12	1.003285e+02	
23  5254.29	2.245182e+00	1.195747e-01	1.042231e+00	1.001966e-01	2.492091e-09	2.193517e-09	1.584487e-11	6.267696e-10	-8.295489e-12	1.000567e+02	
25  5256.07	2.243275e+00	1.195733e-01	1.042480e+00	9.543293e-02	2.429265e-09	2.168317e-09	1.642544e-12	1.999523e-09	3.970849e-12	9.966178e+01	
2  5254.99	2.244202e+00	1.221298e-01	1.041933e+00	8.074166e-02	2.440422e-09	2.115471e-09	6.609591e-11	3.691955e-10	-3.167608e-11	9.983332e+01	
66  5254.49	2.244202e+00	1.221298e-01	1.041933e+00	8.074166e-02	2.440422e-09	2.115471e-09	6.609591e-11	3.691955e-10	-3.167608e-11	1.001182e+02	
38  5254.55	2.251177e+00	1.226561e-01	1.041637e+00	8.161256e-02	2.480742e-09	2.119297e-09	9.462550e-11	2.390414e-10	-1.094592e-10	9.993178e+01	
17  5260.5	2.238470e+00	1.230263e-01	1.041406e+00	7.567855e-02	2.418231e-09	2.083892e-09	8.412184e-11	2.191476e-09	-7.536173e-11	9.969285e+01	
51  5259.21	2.244474e+00	1.182303e-01	1.042749e+00	1.022022e-01	2.359744e-09	2.196816e-09	4.506797e-11	2.931900e-09	1.077658e-11	9.969851e+01	
7  5262.43	2.236087e+00	1.220476e-01	1.042685e+00	8.052826e-02	2.360866e-09	2.113705e-09	7.081622e-12	1.739859e-09	2.911014e-11	1.001574e+02	
50  5260.25	2.221079e+00	1.232582e-01	1.042691e+00	6.715336e-02	2.336277e-09	2.066844e-09	2.524074e-11	1.577563e-10	7.367711e-11	1.004618e+02	
1  5258.83	2.239230e+00	1.235858e-01	1.042243e+00	6.546981e-02	2.328086e-09	2.054162e-09	6.577385e-11	1.830129e-09	6.603183e-12	9.980917e+01	
7  5258.67	2.239230e+00	1.235858e-01	1.042243e+00	6.546981e-02	2.328086e-09	2.054162e-09	6.577385e-11	1.830129e-09	6.603183e-12	1.002825e+02	
10  5257.5	2.226924e+00	1.248134e-01	1.041818e+00	5.681112e-02	2.325211e-09	2.016951e-09	6.558134e-11	1.653462e-09	-1.222913e-11	1.002118e+02	
18  5257.68	2.249821e+00	1.237996e-01	1.042059e+00	7.074612e-02	2.404635e-09	2.076085e-09	4.257777e-11	1.050376e-09	-2.760732e-11	1.004868e+02	
5  5257.78	2.257414e+00	1.205310e-01	1.042906e+00	7.013847e-02	2.313211e-09	2.070744e-09	6.000463e-11	4.935018e-10	2.669912e-11	9.970299e+01	
20  5257.15	2.257414e+00	1.205310e-01	1.042906e+00	7.013847e-02	2.313211e-09	2.070744e-09	6.000463e-11	4.935018e-10	2.669912e-11	1.000197e+02	
20  5257.33	2.257414e+00	1.205310e-01	1.042906e+00	7.013847e-02	2.313211e-09	2.070744e-09	6.000463e-11	4.935018e-10	2.669912e-11	9.982265e+01	
20  5257.17	2.257414e+00	1.205310e-01	1.042906e+00	7.013847e-02	2.313211e-09	2.070744e-09	6.000463e-11	4.935018e-10	2.669912e-11	1.000426e+02	
38  5257.39	2.257414e+00	1.205310e-01	1.042906e+00	7.013847e-02	2.313211e-09	2.070744e-09	6.000463e-11	4.935018e-10	2.669912e-11	9.979940e+01	
15  5257.82	2.254059e+00	1.233391e-01	1.041993e+00	7.253732e-02	2.458896e-09	2.084097e-09	1.050311e-10	5.006111e-10	-8.210010e-11	1.004878e+02	
17  5257.1	2.259450e+00	1.194474e-01	1.042908e+00	9.536948e-02	2.482895e-09	2.176893e-09	8.359459e-11	1.057366e-10	-8.341349e-11	1.003917e+02	
12  5257.35	2.259450e+00	1.194474e-01	1.042908e+00	9.536948e-02	2.482895e-09	2.176893e-09	8.359459e-11	1.057366e-10	-8.341349e-11	1.004247e+02	
41  5256.71	2.269985e+00	1.189182e-01	1.042478e+00	1.002432e-01	2.519462e-09	2.193025e-09	1.096735e-10	1.853741e-10	-1.086987e-10	1.003200e+02	
37  5256.42	2.252938e+00	1.193013e-01	1.041921e+00	9.339862e-02	2.500088e-09	2.163965e-09	1.501223e-10	4.118919e-10	-1.594677e-10	9.989344e+01	
8  5256.81	2.252938e+00	1.193013e-01	1.041921e+00	9.339862e-02	2.500088e-09	2.163965e-09	1.501223e-10	4.118919e-10	-1.594677e-10	9.971322e+01	
24  5255.91	2.242553e+00	1.216670e-01	1.041576e+00	9.131272e-02	2.554946e-09	2.160072e-09	1.638248e-10	8.028623e-11	-1.805902e-10	1.004502e+02	
17  5255.24	2.243970e+00	1.208546e-01	1.041804e+00	8.477246e-02	2.471669e-09	2.130722e-09	2.003681e-10	1.872485e-10	-1.812861e-10	9.978424e+01	
1  5254.05	2.246064e+00	1.196038e-01	1.042223e+00	9.124467e-02	2.456882e-09	2.155609e-09	1.229703e-10	1.009877e-10	-9.196399e-11	1.000606e+02	
60  5254.55	2.246064e+00	1.196038e-01	1.042223e+00	9.124467e-02	2.456882e-09	2.155609e-09	1.229703e-10	1.009877e-10	-9.196399e-11	9.975452e+01	
100  5254.65	2.246064e+00	1.196038e-01	1.042223e+00	9.124467e-02	2.456882e-09	2.155609e-09	1.229703e-10	1.009877e-10	-9.196399e-11	9.973288e+01	
90  5254.72	2.246064e+00	1.196038e-01	1.042223e+00	9.124467e-02	2.456882e-09	2.155609e-09	1.229703e-10	1.009877e-10	-9.196399e-11	9.971849e+01	
100  5254.03	2.246064e+00	1.196038e-01	1.042223e+00	9.124467e-02	2.456882e-09	2.155609e-09	1.229703e-10	1.009877e-10	-9.196399e-11	9.995550e+01	
1  5254.09	2.246064e+00	1.196038e-01	1.042223e+00	9.124467e-02	2.456882e-09	2.155609e-09	1.229703e-10	1.009877e-10	-9.196399e-11	1.000890e+02	
8  5257.92	2.229155e+00	1.187097e-01	1.042410e+00	9.325556e-02	2.378001e-09	2.162242e-09	1.110428e-10	1.587822e-09	-1.958742e-11	1.001107e+02	
21  5255.8	2.245848e+00	1.192555e-01	1.042623e+00	8.013136e-02	2.345424e-09	2.110809e-09	8.546703e-11	4.728291e-10	1.006016e-11	9.978536e+01	
9  5255.76	2.245848e+00	1.192555e-01	1.042623e+00	8.013136e-02	2.345424e-09	2.110809e-09	8.546703e-11	4.728291e-10	1.006016e-11	1.001542e+02	
21  5255.48	2.241425e+00	1.196987e-01	1.042525e+00	8.040213e-02	2.368248e-09	2.113286e-09	8.772130e-11	3.785466e-10	-1.572447e-11	1.002382e+02	
7  5256.74	2.241425e+00	1.196987e-01	1.042525e+00	8.040213e-02	2.368248e-09	2.113286e-09	8.772130e-11	3.785466e-10	-1.572447e-11	9.950440e+01	
1  5256.46	2.250778e+00	1.189634e-01	1.042072e+00	9.198332e-02	2.424604e-09	2.158654e-09	1.248359e-10	3.215874e-10	-6.587447e-11	9.955214e+01	
19  5256.03	2.258370e+00	1.180645e-01	1.042237e+00	1.047511e-01	2.472364e-09	2.210227e-09	1.170322e-10	5.642660e-10	-5.553585e-11	9.993595e+01	
2  5258.45	2.261726e+00	1.183950e-01	1.041616e+00	9.544147e-02	2.478130e-09	2.168027e-09	7.082602e-11	2.261933e-10	-2.201537e-11	9.968954e+01	
2  5258.27	2.218217e+00	1.207400e-01	1.041598e+00	9.537243e-02	2.503415e-09	2.173930e-09	5.073652e-11	1.882630e-10	-2.959641e-11	1.006857e+02	
10  5257.49	2.223498e+00	1.205749e-01	1.042185e+00	9.521161e-02	2.433370e-09	2.177073e-09	6.848765e-11	3.333570e-10	-2.945701e-11	1.005021e+02	
12  5260.13	2.220118e+00	1.193602e-01	1.042558e+00	9.881160e-02	2.406193e-09	2.196964e-09	4.486126e-11	1.842030e-10	-4.624878e-11	1.001470e+02	
8  5258.27	2.220536e+00	1.193131e-01	1.041782e+00	1.034505e-01	2.475883e-09	2.215369e-09	7.907644e-11	3.684978e-11	-9.112232e-11	1.002129e+02	
30  5259.82	2.276713e+00	1.170810e-01	1.041977e+00	1.292103e-01	2.581132e-09	2.322029e-09	1.202900e-10	4.782418e-10	-1.405812e-10	1.002765e+02	
9  5261.24	2.255310e+00	1.183478e-01	1.041948e+00	1.122634e-01	2.468986e-09	2.251506e-09	1.762684e-10	1.860948e-11	-1.656656e-10	9.978561e+01	
120  5260.54	2.255310e+00	1.183478e-01	1.041948e+00	1.122634e-01	2.468986e-09	2.251506e-09	1.762684e-10	1.860948e-11	-1.656656e-10	1.000458e+02	
5  5262.79	2.255310e+00	1.183478e-01	1.041948e+00	1.122634e-01	2.468986e-09	2.251506e-09	1.762684e-10	1.860948e-11	-1.656656e-10	9.956692e+01	
6  5262.04	2.272255e+00	1.198893e-01	1.041461e+00	1.150352e-01	2.554435e-09	2.260032e-09	1.160356e-10	1.241402e-09	-1.488789e-10	1.000759e+02	
3  5262.16	2.256729e+00	1.210316e-01	1.042135e+00	9.569379e-02	2.485308e-09	2.178011e-09	1.047786e-10	1.460444e-09	-1.192152e-10	9.979622e+01	
10  5261.49	2.264854e+00	1.188219e-01	1.041767e+00	1.070107e-01	2.454870e-09	2.223379e-09	1.633253e-10	1.247934e-09	-1.037459e-10	9.961027e+01	
2  5261.04	2.259124e+00	1.178017e-01	1.042206e+00	1.211164e-01	2.465385e-09	2.282269e-09	8.912275e-11	1.058632e-09	-2.519178e-11	1.003439e+02	
4  5258.43	2.270490e+00	1.203923e-01	1.041263e+00	1.027542e-01	2.496290e-09	2.204141e-09	1.113448e-10	1.242964e-09	-1.018577e-10	9.981424e+01	
3  5258.45	2.270490e+00	1.203923e-01	1.041263e+00	1.027542e-01	2.496290e-09	2.204141e-09	1.113448e-10	1.242964e-09	-1.018577e-10	1.002220e+02	
47  5260.31	2.258841e+00	1.207029e-01	1.040485e+00	1.035480e-01	2.546890e-09	2.209559e-09	1.455108e-10	7.454807e-10	-1.681480e-10	1.001673e+02	
13  5261.75	2.258841e+00	1.207029e-01	1.040485e+00	1.035480e-01	2.546890e-09	2.209559e-09	1.455108e-10	7.454807e-10	-1.681480e-10	1.004647e+02	
5  5260.38	2.241536e+00	1.200931e-01	1.040327e+00	9.300538e-02	2.469776e-09	2.159993e-09	1.986060e-10	4.486434e-10	-1.540986e-10	9.994369e+01	
14  5258.91	2.209609e+00	1.207633e-01	1.041028e+00	8.466552e-02	2.415430e-09	2.122617e-09	1.559017e-10	6.739048e-10	-9.156250e-11	1.002560e+02	
2  5258.19	2.229090e+00	1.211224e-01	1.041704e+00	8.570262e-02	2.425227e-09	2.131649e-09	1.533800e-10	4.822437e-10	-8.023940e-11	1.004875e+02	
5  5255.96	2.257168e+00	1.208683e-01	1.041209e+00	8.037150e-02	2.418360e-09	2.104710e-09	9.836760e-11	6.672444e-10	-7.775356e-11	9.978052e+01	
11  5256.56	2.280175e+00	1.227368e-01	1.041402e+00	7.417442e-02	2.416365e-09	2.083011e-09	4.126016e-11	2.209090e-09	-3.504577e-11	9.997660e+01	
10  5257.12	2.280175e+00	1.227368e-01	1.041402e+00	7.417442e-02	2.416365e-09	2.083011e-09	4.126016e-11	2.209090e-09	-3.504577e-11	9.974966e+01	
4  5256.57	2.280175e+00	1.227368e-01	1.041402e+00	7.417442e-02	2.416365e-09	2.083011e-09	4.126016e-11	2.209090e-09	-3.504577e-11	1.000394e+02	
8  5256.57	2.258860e+00	1.187476e-01	1.041746e+00	8.558347e-02	2.405868e-09	2.121985e-09	5.949334e-11	1.409948e-09	-1.873670e-11	9.967262e+01	
2  5256.08	2.273759e+00	1.183726e-01	1.041608e+00	9.921438e-02	2.475122e-09	2.185980e-09	4.693635e-11	6.276566e-10	-2.976055e-11	1.001578e+02	
55  5256.56	2.266877e+00	1.204615e-01	1.042222e+00	8.419014e-02	2.457763e-09	2.127713e-09	1.573409e-11	9.729769e-10	-4.461511e-12	1.003447e+02	
7  5257.93	2.272672e+00	1.203585e-01	1.042055e+00	9.072572e-02	2.503022e-09	2.154379e-09	2.932370e-11	1.635238e-09	-5.110928e-11	1.003365e+02	
24  5259.71	2.267271e+00	1.149213e-01	1.042949e+00	1.036910e-01	2.388861e-09	2.202758e-09	8.210293e-13	1.788171e-09	1.200753e-12	9.930676e+01	
20  5257.95	2.267271e+00	1.149213e-01	1.042949e+00	1.036910e-01	2.388861e-09	2.202758e-09	8.210293e-13	1.788171e-09	1.200753e-12	9.949983e+01	
32  5256.95	2.267271e+00	1.149213e-01	1.042949e+00	1.036910e-01	2.388861e-09	2.202758e-09	8.210293e-13	1.788171e-09	1.200753e-12	1.001460e+02	
18  5257.41	2.233700e+00	1.150355e-01	1.042828e+00	8.550927e-02	2.253904e-09	2.123184e-09	8.692263e-12	6.535971e-10	2.622261e-11	9.951687e+01	
90  5257.51	2.233700e+00	1.150355e-01	1.042828e+00	8.550927e-02	2.253904e-09	2.123184e-09	8.692263e-12	6.535971e-10	2.622261e-11	1.002049e+02	
95  5256.73	2.233700e+00	1.150355e-01	1.042828e+00	8.550927e-02	2.253904e-09	2.123184e-09	8.692263e-12	6.535971e-10	2.622261e-11	9.965980e+01	
45  5256.79	2.212020e+00	1.176522e-01	1.042592e+00	8.061359e-02	2.267758e-09	2.105753e-09	1.276782e-11	1.053751e-09	2.675105e-11	1.003853e+02	
28  5255.7	2.212020e+00	1.176522e-01	1.042592e+00	8.061359e-02	2.267758e-09	2.105753e-09	1.276782e-11	1.053751e-09	2.675105e-11	1.002145e+02	
8  5255.98	2.243141e+00	1.166202e-01	1.042003e+00	8.896090e-02	2.326764e-09	2.134522e-09	3.897305e-11	8.838077e-10	-1.141668e-12	9.999693e+01	
70  5256.58	2.251549e+00	1.184795e-01	1.042249e+00	7.327737e-02	2.267024e-09	2.072604e-09	2.922599e-11	1.362528e-09	2.258542e-11	9.981592e+01	
38  5255.57	2.244338e+00	1.183201e-01	1.042842e+00	7.571004e-02	2.322840e-09	2.088292e-09	1.304737e-11	4.944498e-10	3.392324e-11	1.002909e+02	
13  5256.46	2.247751e+00	1.198037e-01	1.042300e+00	6.996458e-02	2.332548e-09	2.064111e-09	6.718585e-11	1.596930e-10	-3.577403e-11	1.001376e+02	
63  5254.59	2.258372e+00	1.178300e-01	1.042625e+00	7.780204e-02	2.330250e-09	2.096970e-09	1.645480e-11	4.270010e-10	-3.546376e-12	9.989974e+01	
72  5254.61	2.258372e+00	1.178300e-01	1.042625e+00	7.780204e-02	2.330250e-09	2.096970e-09	1.645480e-11	4.270010e-10	-3.546376e-12	9.992523e+01	
44  5254.25	2.236188e+00	1.183606e-01	1.042039e+00	7.638771e-02	2.353130e-09	2.084802e-09	2.770309e-12	5.980353e-10	4.255770e-12	1.001597e+02	
17  5254.94	2.237391e+00	1.184315e-01	1.041777e+00	7.743552e-02	2.352074e-09	2.094351e-09	2.081836e-11	1.304856e-10	1.286939e-11	1.003002e+02	
17  5255.35	2.227329e+00	1.178017e-01	1.041677e+00	7.288470e-02	2.314553e-09	2.076662e-09	1.150216e-11	1.243889e-10	-1.361517e-12	9.976827e+01	
43  5255.21	2.227329e+00	1.178017e-01	1.041677e+00	7.288470e-02	2.314553e-09	2.076662e-09	1.150216e-11	1.243889e-10	-1.361517e-12	9.991065e+01	
26  5255.77	2.261604e+00	1.203352e-01	1.040889e+00	6.533515e-02	2.388657e-09	2.047543e-09	3.013372e-11	1.041127e-10	-6.704768e-11	9.986520e+01	
38  5255.65	2.259489e+00	1.191523e-01	1.041469e+00	6.932431e-02	2.336376e-09	2.059300e-09	3.045358e-11	1.544579e-09	-2.701393e-11	9.974889e+01	
4  5257.81	2.219485e+00	1.220401e-01	1.041137e+00	5.581011e-02	2.389411e-09	2.007460e-09	4.133185e-11	2.219407e-10	-4.818610e-11	1.004664e+02	
3  5258.04	2.262578e+00	1.211466e-01	1.041659e+00	6.456178e-02	2.399321e-09	2.045856e-09	7.179832e-11	6.909898e-10	-1.076631e-10	1.000228e+02	
29  5257.3	2.244442e+00	1.200525e-01	1.042346e+00	6.052709e-02	2.292633e-09	2.024953e-09	3.447718e-11	1.650323e-09	-2.274487e-11	9.981057e+01	
10  5257.23	2.265429e+00	1.208771e-01	1.041504e+00	5.796007e-02	2.348740e-09	2.015200e-09	5.043359e-11	1.410890e-09	-5.462993e-11	9.970125e+01	
31  5255.26	2.257836e+00	1.208652e-01	1.042145e+00	5.628206e-02	2.286001e-09	2.008208e-09	7.289396e-12	2.494101e-09	-8.379457e-13	9.974818e+01	
13  5258.29	2.269943e+00	1.228161e-01	1.041678e+00	4.738830e-02	2.291973e-09	1.974785e-09	1.782655e-11	2.857212e-09	-5.568391e-12	9.980258e+01	
9  5259.86	2.250198e+00	1.204440e-01	1.042611e+00	5.053507e-02	2.272420e-09	1.986794e-09	1.092172e-11	2.902041e-09	4.913025e-12	9.949868e+01	
20  5260.15	2.237640e+00	1.216682e-01	1.041885e+00	5.288726e-02	2.377351e-09	2.004194e-09	6.319281e-11	5.088044e-10	-5.876337e-11	1.001644e+02	
15  5257.34	2.227369e+00	1.227262e-01	1.041999e+00	4.433699e-02	2.318610e-09	1.970088e-09	3.101023e-11	1.160308e-10	-2.257509e-13	1.003708e+02	
59  5258.22	2.240875e+00	1.220924e-01	1.042548e+00	4.501417e-02	2.303739e-09	1.975797e-09	2.736229e-11	2.874121e-10	-5.488485e-12	1.001061e+02	
30  5258.08	2.240875e+00	1.220924e-01	1.042548e+00	4.501417e-02	2.303739e-09	1.975797e-09	2.736229e-11	2.874121e-10	-5.488485e-12	9.971433e+01	
20  5258.47	2.240875e+00	1.220924e-01	1.042548e+00	4.501417e-02	2.303739e-09	1.975797e-09	2.736229e-11	2.874121e-10	-5.488485e-12	1.001629e+02	
78  5258.4	2.240875e+00	1.220924e-01	1.042548e+00	4.501417e-02	2.303739e-09	1.975797e-09	2.736229e-11	2.874121e-10	-5.488485e-12	9.963215e+01	
1  5259.65	2.225799e+00	1.225343e-01	1.042288e+00	5.279610e-02	2.332227e-09	2.012183e-09	5.174438e-11	1.924216e-10	-1.983560e-11	1.001988e+02	
14  5255.9	2.223004e+00	1.230078e-01	1.042225e+00	4.742707e-02	2.323703e-09	1.984254e-09	7.032550e-11	4.769466e-11	-2.889888e-11	1.001006e+02	
36  5257.08	2.251366e+00	1.238211e-01	1.042425e+00	4.731233e-02	2.345442e-09	1.986496e-09	4.723172e-11	6.402171e-11	-5.779340e-11	1.000106e+02	
29  5258.62	2.267607e+00	1.227573e-01	1.042277e+00	4.701863e-02	2.319246e-09	1.979770e-09	7.853807e-12	7.427674e-10	-1.519397e-11	9.958238e+01	
12  5259.49	2.268696e+00	1.218826e-01	1.041811e+00	5.507163e-02	2.364944e-09	2.011064e-09	4.918528e-11	7.087375e-10	-1.491278e-11	9.978971e+01	
1  5259.38	2.268696e+00	1.218826e-01	1.041811e+00	5.507163e-02	2.364944e-09	2.011064e-09	4.918528e-11	7.087375e-10	-1.491278e-11	1.001243e+02	
59  5259.81	2.263188e+00	1.218806e-01	1.042366e+00	4.326775e-02	2.298495e-09	1.963911e-09	4.035028e-11	4.490667e-10	-1.151047e-11	9.960522e+01	
10  5259.3	2.263188e+00	1.218806e-01	1.042366e+00	4.326775e-02	2.298495e-09	1.963911e-09	4.035028e-11	4.490667e-10	-1.151047e-11	9.996449e+01	
10  5259.41	2.263188e+00	1.218806e-01	1.042366e+00	4.326775e-02	2.298495e-09	1.963911e-09	4.035028e-11	4.490667e-10	-1.151047e-11	1.000129e+02	
30  5259.5	2.263188e+00	1.218806e-01	1.042366e+00	4.326775e-02	2.298495e-09	1.963911e-09	4.035028e-11	4.490667e-10	-1.151047e-11	1.000441e+02	
8  5259.3	2.263188e+00	1.218806e-01	1.042366e+00	4.326775e-02	2.298495e-09	1.963911e-09	4.035028e-11	4.490667e-10	-1.151047e-11	9.975999e+01	
8  5260.59	2.272375e+00	1.225712e-01	1.041911e+00	4.358599e-02	2.336998e-09	1.962117e-09	5.333673e-11	8.333460e-10	-3.360884e-11	9.981801e+01	
12  5260.27	2.241003e+00	1.215494e-01	1.041455e+00	4.628105e-02	2.296141e-09	1.964951e-09	5.840038e-11	4.204417e-10	-2.822311e-12	9.986624e+01	
1  5260.65	2.251219e+00	1.231482e-01	1.041062e+00	4.997768e-02	2.374210e-09	1.985092e-09	1.090682e-10	8.755802e-11	-6.296988e-11	1.003624e+02	
1  5257.1	2.254468e+00	1.211165e-01	1.040895e+00	6.841060e-02	2.426983e-09	2.061468e-09	1.322062e-10	2.740894e-10	-1.201077e-10	1.002856e+02	
24  5256.98	2.254468e+00	1.211165e-01	1.040895e+00	6.841060e-02	2.426983e-09	2.061468e-09	1.322062e-10	2.740894e-10	-1.201077e-10	1.002628e+02	
5  5257.48	2.245509e+00	1.207899e-01	1.040743e+00	6.640560e-02	2.440953e-09	2.049053e-09	1.986823e-10	2.242434e-10	-2.012082e-10	9.981548e+01	
26  5258.62	2.256873e+00	1.186371e-01	1.041846e+00	6.371301e-02	2.351898e-09	2.036306e-09	1.227664e-10	3.737843e-11	-8.505896e-11	9.945338e+01	
193  5260.09	2.212381e+00	1.182295e-01	1.041945e+00	7.095709e-02	2.335625e-09	2.064016e-09	1.629192e-10	2.016621e-10	-5.801924e-11	1.001355e+02	
30  5258.89	2.254052e+00	1.201727e-01	1.041645e+00	7.244091e-02	2.383056e-09	2.074352e-09	1.564484e-10	8.324929e-10	-7.932173e-11	1.003842e+02	
4  5261.16	2.271958e+00	1.191756e-01	1.041016e+00	7.079005e-02	2.381199e-09	2.064799e-09	1.714107e-10	9.443860e-10	-8.776276e-11	9.975875e+01	
5  5259.75	2.281338e+00	1.192325e-01	1.041501e+00	8.026899e-02	2.432576e-09	2.104541e-09	1.131076e-10	1.156479e-09	-6.696422e-11	1.003062e+02	
15  5257.34	2.279504e+00	1.180910e-01	1.041937e+00	8.135710e-02	2.421845e-09	2.111306e-09	1.080261e-10	3.824892e-10	-1.233991e-10	9.976644e+01	
17  5257.95	2.272070e+00	1.186445e-01	1.041686e+00	7.896330e-02	2.417371e-09	2.104832e-09	1.123813e-10	4.800073e-10	-1.094668e-10	9.992526e+01	
10  5257.86	2.272090e+00	1.171739e-01	1.041670e+00	8.037026e-02	2.367539e-09	2.101765e-09	8.681536e-11	4.599930e-10	-7.863164e-11	9.951429e+01	
13  5260.66	2.297084e+00	1.154030e-01	1.041590e+00	1.001542e-01	2.422417e-09	2.184776e-09	6.834562e-11	5.029678e-10	-3.094198e-11	9.999807e+01	
16  5258.96	2.268333e+00	1.153650e-01	1.041624e+00	1.006278e-01	2.368544e-09	2.182935e-09	8.157743e-11	5.852496e-10	-2.995073e-11	1.000723e+02	
33  5259.55	2.228124e+00	1.173688e-01	1.041910e+00	7.962787e-02	2.245142e-09	2.094972e-09	6.127763e-11	1.566219e-09	3.587126e-11	1.000714e+02	
2  5259.63	2.242432e+00	1.178507e-01	1.042146e+00	8.340327e-02	2.269342e-09	2.116858e-09	6.277675e-11	9.434220e-10	2.853185e-13	1.002138e+02	
5  5259.5	2.240753e+00	1.209114e-01	1.040992e+00	6.267114e-02	2.259689e-09	2.030041e-09	5.414830e-11	1.624769e-09	-1.156316e-11	9.995645e+01	
4  5259.98	2.244363e+00	1.210320e-01	1.040670e+00	6.544654e-02	2.322427e-09	2.041406e-09	5.893801e-11	7.060432e-10	-1.551019e-11	1.002745e+02	
3  5258.74	2.209716e+00	1.202760e-01	1.040536e+00	6.686474e-02	2.358848e-09	2.049199e-09	7.299413e-11	2.711324e-10	-4.638330e-11	1.003202e+02	
47  5259.69	2.214637e+00	1.217539e-01	1.040829e+00	5.161814e-02	2.334492e-09	1.989107e-09	6.467790e-11	1.290981e-10	-3.946207e-12	1.003503e+02	
43  5256.4	2.226507e+00	1.202852e-01	1.041414e+00	6.211181e-02	2.334814e-09	2.036551e-09	8.051409e-11	1.021343e-10	-2.434124e-11	1.002545e+02	
49  5256.2	2.238583e+00	1.214565e-01	1.041639e+00	4.834246e-02	2.283539e-09	1.980613e-09	7.883145e-11	3.146359e-10	-1.541777e-11	9.988678e+01	
6  5256.56	2.201622e+00	1.201965e-01	1.041628e+00	5.600452e-02	2.269560e-09	2.005126e-09	1.318012e-11	9.146901e-10	2.170432e-11	1.000660e+02	
10  5256.62	2.201622e+00	1.201965e-01	1.041628e+00	5.600452e-02	2.269560e-09	2.005126e-09	1.318012e-11	9.146901e-10	2.170432e-11	1.000937e+02	
20  5256.84	2.201622e+00	1.201965e-01	1.041628e+00	5.600452e-02	2.269560e-09	2.005126e-09	1.318012e-11	9.146901e-10	2.170432e-11	1.001681e+02	
20  5257.52	2.201622e+00	1.201965e-01	1.041628e+00	5.600452e-02	2.269560e-09	2.005126e-09	1.318012e-11	9.146901e-10	2.170432e-11	9.962666e+01	
20  5256.92	2.201622e+00	1.201965e-01	1.041628e+00	5.600452e-02	2.269560e-09	2.005126e-09	1.318012e-11	9.146901e-10	2.170432e-11	9.974532e+01	
7  5256.61	2.201622e+00	1.201965e-01	1.041628e+00	5.600452e-02	2.269560e-09	2.005126e-09	1.318012e-11	9.146901e-10	2.170432e-11	9.984521e+01	
5  5256.53	2.219183e+00	1.195205e-01	1.041265e+00	6.996978e-02	2.328517e-09	2.059645e-09	2.820672e-11	1.571514e-09	-3.063510e-11	9.985270e+01	
16  5256.03	2.211420e+00	1.185312e-01	1.041413e+00	7.594194e-02	2.321999e-09	2.081574e-09	1.820192e-11	1.646496e-09	-1.329576e-12	1.000027e+02	
52  5259.89	2.189579e+00	1.175418e-01	1.041486e+00	7.055463e-02	2.270363e-09	2.062489e-09	2.893653e-11	4.274256e-10	-4.549904e-12	9.960407e+01	
28  5259.65	2.189579e+00	1.175418e-01	1.041486e+00	7.055463e-02	2.270363e-09	2.062489e-09	2.893653e-11	4.274256e-10	-4.549904e-12	9.966913e+01	
12  5259.05	2.204964e+00	1.175440e-01	1.041803e+00	8.415216e-02	2.382489e-09	2.126516e-09	9.711417e-11	1.679719e-11	-8.729955e-11	1.001734e+02	
39  5259.93	2.204964e+00	1.175440e-01	1.041803e+00	8.415216e-02	2.382489e-09	2.126516e-09	9.711417e-11	1.679719e-11	-8.729955e-11	1.003263e+02	
1  5255.02	2.233879e+00	1.179474e-01	1.041821e+00	6.998980e-02	2.310157e-09	2.063482e-09	1.214393e-11	3.963548e-10	-1.042410e-11	9.971680e+01	
42  5254.88	2.233879e+00	1.179474e-01	1.041821e+00	6.998980e-02	2.310157e-09	2.063482e-09	1.214393e-11	3.963548e-10	-1.042410e-11	9.980878e+01	
18  5254.86	2.236704e+00	1.191550e-01	1.041980e+00	6.273734e-02	2.298837e-09	2.038745e-09	1.988625e-11	1.926653e-10	9.519954e-12	1.000108e+02	
50  5256.5	2.236704e+00	1.191550e-01	1.041980e+00	6.273734e-02	2.298837e-09	2.038745e-09	1.988625e-11	1.926653e-10	9.519954e-12	9.946966e+01	
20  5255.56	2.236704e+00	1.191550e-01	1.041980e+00	6.273734e-02	2.298837e-09	2.038745e-09	1.988625e-11	1.926653e-10	9.519954e-12	9.961183e+01	
30  5255.18	2.236704e+00	1.191550e-01	1.041980e+00	6.273734e-02	2.298837e-09	2.038745e-09	1.988625e-11	1.926653e-10	9.519954e-12	1.001245e+02	
70  5254.9	2.236704e+00	1.191550e-01	1.041980e+00	6.273734e-02	2.298837e-09	2.038745e-09	1.988625e-11	1.926653e-10	9.519954e-12	1.000300e+02	
80  5255.15	2.236704e+00	1.191550e-01	1.041980e+00	6.273734e-02	2.298837e-09	2.038745e-09	1.988625e-11	1.926653e-10	9.519954e-12	1.001166e+02	
90  5254.8	2.236704e+00	1.191550e-01	1.041980e+00	6.273734e-02	2.298837e-09	2.038745e-09	1.988625e-11	1.926653e-10	9.519954e-12	9.984418e+01	
30  5254.82	2.236704e+00	1.191550e-01	1.041980e+00	6.273734e-02	2.298837e-09	2.038745e-09	1.988625e-11	1.926653e-10	9.519954e-12	9.982678e+01	
344  5254.79	2.236704e+00	1.191550e-01	1.041980e+00	6.273734e-02	2.298837e-09	2.038745e-09	1.988625e-11	1.926653e-10	9.519954e-12	9.985231e+01	
66  5254.37	2.257267e+00	1.200858e-01	1.042257e+00	6.820066e-02	2.350987e-09	2.061980e-09	3.708452e-11	2.421415e-11	-3.489123e-11	1.001821e+02	
60  5253.82	2.257267e+00	1.200858e-01	1.042257e+00	6.820066e-02	2.350987e-09	2.061980e-09	3.708452e-11	2.421415e-11	-3.489123e-11	9.980091e+01	
17  5253.93	2.257267e+00	1.200858e-01	1.042257e+00	6.820066e-02	2.350987e-09	2.061980e-09	3.708452e-11	2.421415e-11	-3.489123e-11	1.000686e+02	
18  5256.47	2.251725e+00	1.211701e-01	1.041365e+00	6.476990e-02	2.372099e-09	2.044273e-09	4.969957e-11	7.072344e-10	-8.319225e-11	9.989166e+01	
2  5258.73	2.249807e+00	1.180375e-01	1.040926e+00	7.774747e-02	2.353471e-09	2.091592e-09	6.158406e-11	1.088846e-09	-5.286586e-11	9.953492e+01	
5  5258.32	2.220942e+00	1.211873e-01	1.040728e+00	7.248497e-02	2.405821e-09	2.072353e-09	4.777743e-11	4.742841e-10	-6.021518e-11	1.005711e+02	
1  5257.51	2.214281e+00	1.185441e-01	1.040912e+00	7.662255e-02	2.352898e-09	2.085318e-09	3.646682e-11	9.884102e-10	-1.543005e-11	1.000700e+02	
10  5259.33	2.228680e+00	1.218399e-01	1.040266e+00	6.400898e-02	2.431565e-09	2.036968e-09	5.954018e-11	1.375929e-09	-9.539007e-11	1.001220e+02	
6  5257.21	2.240266e+00	1.197697e-01	1.041497e+00	7.724701e-02	2.383684e-09	2.092499e-09	5.470949e-11	1.532148e-09	-5.843601e-11	1.002021e+02	
3  5258.13	2.220556e+00	1.187660e-01	1.041435e+00	7.244851e-02	2.320822e-09	2.071342e-09	8.651923e-11	3.587375e-10	-7.910794e-11	9.968094e+01	
10  5258.3	2.212276e+00	1.203840e-01	1.040931e+00	7.154901e-02	2.389849e-09	2.067484e-09	2.972197e-11	9.788106e-10	-5.268869e-11	1.003089e+02	
10  5259.44	2.221195e+00	1.191595e-01	1.040676e+00	7.920148e-02	2.441995e-09	2.100967e-09	2.167249e-11	4.106928e-10	-8.645173e-11	1.001262e+02	
63  5257.71	2.217516e+00	1.206629e-01	1.040402e+00	6.763389e-02	2.412764e-09	2.052499e-09	1.127557e-11	4.262827e-10	-5.920530e-11	1.001501e+02	
75  5257.71	2.212697e+00	1.197658e-01	1.040653e+00	7.456566e-02	2.395379e-09	2.077974e-09	1.067924e-11	8.178089e-10	-1.978539e-11	1.003846e+02	
20  5256.59	2.212697e+00	1.197658e-01	1.040653e+00	7.456566e-02	2.395379e-09	2.077974e-09	1.067924e-11	8.178089e-10	-1.978539e-11	1.001893e+02	
35  5256.53	2.212697e+00	1.197658e-01	1.040653e+00	7.456566e-02	2.395379e-09	2.077974e-09	1.067924e-11	8.178089e-10	-1.978539e-11	9.976407e+01	
5  5256.51	2.235069e+00	1.224441e-01	1.040427e+00	6.020594e-02	2.425183e-09	2.024634e-09	3.531757e-11	2.609405e-10	-8.856353e-11	9.957026e+01	
47  5255.26	2.235069e+00	1.224441e-01	1.040427e+00	6.020594e-02	2.425183e-09	2.024634e-09	3.531757e-11	2.609405e-10	-8.856353e-11	9.994579e+01	
43  5254.65	2.234753e+00	1.184053e-01	1.042057e+00	7.576289e-02	2.305821e-09	2.082546e-09	7.307348e-12	1.460204e-09	9.519344e-13	9.964596e+01	
20  5254.19	2.234753e+00	1.184053e-01	1.042057e+00	7.576289e-02	2.305821e-09	2.082546e-09	7.307348e-12	1.460204e-09	9.519344e-13	9.980290e+01	
38  5254.67	2.234753e+00	1.184053e-01	1.042057e+00	7.576289e-02	2.305821e-09	2.082546e-09	7.307348e-12	1.460204e-09	9.519344e-13	1.001323e+02	
12  5255.18	2.265173e+00	1.170425e-01	1.041837e+00	9.056432e-02	2.391786e-09	2.145943e-09	2.295552e-11	5.262251e-12	-3.755568e-11	1.002375e+02	
140  5254.6	2.265173e+00	1.170425e-01	1.041837e+00	9.056432e-02	2.391786e-09	2.145943e-09	2.295552e-11	5.262251e-12	-3.755568e-11	9.976476e+01	
62  5254.69	2.265173e+00	1.170425e-01	1.041837e+00	9.056432e-02	2.391786e-09	2.145943e-09	2.295552e-11	5.262251e-12	-3.755568e-11	1.001283e+02	
19  5255.61	2.241753e+00	1.187355e-01	1.041693e+00	8.064992e-02	2.395911e-09	2.104900e-09	1.263971e-11	2.323839e-10	-3.037324e-11	1.003999e+02	
99  5254.78	2.234743e+00	1.182879e-01	1.041486e+00	7.835481e-02	2.358052e-09	2.091373e-09	1.437566e-11	1.275562e-09	-9.033666e-12	1.001264e+02	
73  5254.41	2.234743e+00	1.182879e-01	1.041486e+00	7.835481e-02	2.358052e-09	2.091373e-09	1.437566e-11	1.275562e-09	-9.033666e-12	9.984691e+01	
33  5255.86	2.231781e+00	1.173253e-01	1.042205e+00	8.913639e-02	2.388791e-09	2.142542e-09	9.863323e-12	4.606181e-10	-2.009085e-11	1.002099e+02	
35  5256.4	2.214603e+00	1.187682e-01	1.042208e+00	6.903332e-02	2.299323e-09	2.060693e-09	7.460816e-11	1.041579e-10	-3.796138e-11	9.974913e+01	
2  5258.11	2.225812e+00	1.189768e-01	1.042540e+00	7.508921e-02	2.370590e-09	2.084700e-09	3.822698e-11	9.284401e-10	-2.613158e-11	1.001744e+02	
8  5256.33	2.241338e+00	1.198582e-01	1.041600e+00	7.643965e-02	2.432209e-09	2.088679e-09	7.757090e-11	6.458431e-10	-7.234628e-11	1.002395e+02	
1  5257.36	2.216621e+00	1.183494e-01	1.041557e+00	8.666300e-02	2.406475e-09	2.132081e-09	7.921097e-11	3.241317e-10	-5.684152e-11	1.004077e+02	
4  5258.41	2.214999e+00	1.200956e-01	1.042096e+00	7.257441e-02	2.363024e-09	2.074322e-09	4.567735e-11	8.951004e-11	-4.911549e-14	1.006281e+02	
4  5257.14	2.209404e+00	1.184595e-01	1.042225e+00	7.306038e-02	2.306359e-09	2.070285e-09	3.408252e-11	5.238412e-10	3.644946e-11	1.002067e+02	
6  5257.32	2.209404e+00	1.184595e-01	1.042225e+00	7.306038e-02	2.306359e-09	2.070285e-09	3.408252e-11	5.238412e-10	3.644946e-11	9.967219e+01	
9  5255.94	2.219784e+00	1.172656e-01	1.042594e+00	9.230990e-02	2.367101e-09	2.157190e-09	3.030639e-11	2.600428e-11	3.416593e-11	1.002736e+02	
15  5254.54	2.247739e+00	1.182972e-01	1.041767e+00	8.265735e-02	2.402309e-09	2.113760e-09	6.984353e-12	8.067677e-10	-1.405887e-11	9.956855e+01	
40  5254.92	2.247739e+00	1.182972e-01	1.041767e+00	8.265735e-02	2.402309e-09	2.113760e-09	6.984353e-12	8.067677e-10	-1.405887e-11	1.003314e+02	
20  5253.62	2.247739e+00	1.182972e-01	1.041767e+00	8.265735e-02	2.402309e-09	2.113760e-09	6.984353e-12	8.067677e-10	-1.405887e-11	1.000760e+02	
30  5253.47	2.247739e+00	1.182972e-01	1.041767e+00	8.265735e-02	2.402309e-09	2.113760e-09	6.984353e-12	8.067677e-10	-1.405887e-11	9.984247e+01	
8  5253.71	2.247739e+00	1.182972e-01	1.041767e+00	8.265735e-02	2.402309e-09	2.113760e-09	6.984353e-12	8.067677e-10	-1.405887e-11	9.974082e+01	
5  5255.87	2.268522e+00	1.209937e-01	1.041352e+00	7.708351e-02	2.432180e-09	2.094266e-09	6.747969e-12	1.753493e-09	-3.153595e-11	1.000223e+02	
8  5253.35	2.241472e+00	1.195815e-01	1.042074e+00	8.027755e-02	2.406498e-09	2.106599e-09	1.932949e-11	8.935645e-10	-1.521436e-11	1.001500e+02	
29  5253.64	2.253306e+00	1.203676e-01	1.041570e+00	7.342828e-02	2.405371e-09	2.080174e-09	1.425051e-11	5.461988e-11	-1.616027e-11	9.999401e+01	
25  5254.09	2.253306e+00	1.203676e-01	1.041570e+00	7.342828e-02	2.405371e-09	2.080174e-09	1.425051e-11	5.461988e-11	-1.616027e-11	1.002301e+02	
33  5257.43	2.245774e+00	1.208857e-01	1.041711e+00	6.346954e-02	2.323261e-09	2.030470e-09	3.939775e-11	1.405354e-09	-2.949318e-12	9.983612e+01	
2  5256.34	2.266947e+00	1.178439e-01	1.041695e+00	8.826224e-02	2.373339e-09	2.132603e-09	5.753556e-11	1.941170e-09	-3.477376e-11	9.971597e+01	
12  5256.11	2.266947e+00	1.178439e-01	1.041695e+00	8.826224e-02	2.373339e-09	2.132603e-09	5.753556e-11	1.941170e-09	-3.477376e-11	9.992062e+01	
14  5256.41	2.240346e+00	1.195306e-01	1.040712e+00	8.109269e-02	2.389289e-09	2.104548e-09	6.232069e-12	1.869612e-09	-1.756799e-11	1.002206e+02	
11  5257.79	2.241334e+00	1.214202e-01	1.040799e+00	7.455921e-02	2.409705e-09	2.075592e-09	2.774985e-11	2.393605e-09	-2.967571e-11	1.005234e+02	
2  5258.21	2.238725e+00	1.223031e-01	1.041555e+00	6.234963e-02	2.342787e-09	2.033311e-09	2.922791e-11	1.948911e-09	5.228971e-12	1.004961e+02	
23  5257.4	2.245114e+00	1.170452e-01	1.041896e+00	8.286082e-02	2.313729e-09	2.110623e-09	3.985618e-11	1.326265e-09	2.103276e-11	9.982482e+01	
2  5257.42	2.217813e+00	1.186872e-01	1.041693e+00	7.013209e-02	2.289836e-09	2.057988e-09	5.960015e-11	1.561300e-09	-1.889142e-11	9.967754e+01	
14  5260.9	2.231631e+00	1.184259e-01	1.041529e+00	6.687412e-02	2.319529e-09	2.048915e-09	1.177597e-10	8.803757e-10	-5.753587e-11	9.938393e+01	
24  5256.99	2.235440e+00	1.208631e-01	1.040937e+00	6.734268e-02	2.404423e-09	2.052739e-09	8.433544e-11	5.461145e-10	-4.974901e-11	1.002686e+02	
18  5259.95	2.261004e+00	1.189249e-01	1.041002e+00	7.611708e-02	2.459900e-09	2.087393e-09	6.733630e-11	5.678229e-10	-1.339468e-10	9.948624e+01	
11  5259.51	2.261004e+00	1.189249e-01	1.041002e+00	7.611708e-02	2.459900e-09	2.087393e-09	6.733630e-11	5.678229e-10	-1.339468e-10	1.000639e+02	
179  5257.83	2.225492e+00	1.204247e-01	1.041429e+00	6.440227e-02	2.391035e-09	2.038536e-09	6.922461e-11	1.010930e-10	-1.062454e-10	1.003633e+02	
20  5258.43	2.225492e+00	1.204247e-01	1.041429e+00	6.440227e-02	2.391035e-09	2.038536e-09	6.922461e-11	1.010930e-10	-1.062454e-10	1.004273e+02	
10  5255.94	2.225492e+00	1.204247e-01	1.041429e+00	6.440227e-02	2.391035e-09	2.038536e-09	6.922461e-11	1.010930e-10	-1.062454e-10	9.968802e+01	
50  5256.81	2.225492e+00	1.204247e-01	1.041429e+00	6.440227e-02	2.391035e-09	2.038536e-09	6.922461e-11	1.010930e-10	-1.062454e-10	9.951035e+01	
10  5255.68	2.225492e+00	1.204247e-01	1.041429e+00	6.440227e-02	2.391035e-09	2.038536e-09	6.922461e-11	1.010930e-10	-1.062454e-10	9.993395e+01	
70  5255.77	2.225492e+00	1.204247e-01	1.041429e+00	6.440227e-02	2.391035e-09	2.038536e-09	6.922461e-11	1.010930e-10	-1.062454e-10	9.998880e+01	
40  5255.92	2.225492e+00	1.204247e-01	1.041429e+00	6.440227e-02	2.391035e-09	2.038536e-09	6.922461e-11	1.010930e-10	-1.062454e-10	1.000460e+02	
40  5256.48	2.225492e+00	1.204247e-01	1.041429e+00	6.440227e-02	2.391035e-09	2.038536e-09	6.922461e-11	1.010930e-10	-1.062454e-10	9.956440e+01	
32  5257.57	2.225492e+00	1.204247e-01	1.041429e+00	6.440227e-02	2.391035e-09	2.038536e-09	6.922461e-11	1.010930e-10	-1.062454e-10	1.003341e+02	
18  5259.66	2.250311e+00	1.214895e-01	1.041004e+00	6.862605e-02	2.485582e-09	2.059944e-09	6.894328e-11	2.743728e-10	-1.595805e-10	1.005281e+02	
7  5258	2.250311e+00	1.214895e-01	1.041004e+00	6.862605e-02	2.485582e-09	2.059944e-09	6.894328e-11	2.743728e-10	-1.595805e-10	1.003641e+02	
3  5257.48	2.264086e+00	1.209283e-01	1.041327e+00	6.804444e-02	2.452876e-09	2.056848e-09	8.420471e-11	3.676066e-10	-1.547536e-10	1.000822e+02	
11  5256.92	2.264086e+00	1.209283e-01	1.041327e+00	6.804444e-02	2.452876e-09	2.056848e-09	8.420471e-11	3.676066e-10	-1.547536e-10	9.985394e+01	
19  5256.23	2.244397e+00	1.214012e-01	1.041034e+00	7.261042e-02	2.444563e-09	2.074894e-09	1.867891e-10	1.165135e-10	-1.783601e-10	1.003339e+02	
5  5256.16	2.244397e+00	1.214012e-01	1.041034e+00	7.261042e-02	2.444563e-09	2.074894e-09	1.867891e-10	1.165135e-10	-1.783601e-10	1.003232e+02	
155  5257.04	2.233223e+00	1.215959e-01	1.041117e+00	6.234426e-02	2.381804e-09	2.033931e-09	1.494307e-10	3.560340e-10	-1.517559e-10	9.994113e+01	
3  5256.99	2.233223e+00	1.215959e-01	1.041117e+00	6.234426e-02	2.381804e-09	2.033931e-09	1.494307e-10	3.560340e-10	-1.517559e-10	9.979378e+01	
18  5257.72	2.219330e+00	1.217895e-01	1.041658e+00	5.733133e-02	2.327374e-09	2.019062e-09	2.016636e-10	1.306671e-10	-1.555851e-10	9.978234e+01	
73  5256.83	2.252880e+00	1.234140e-01	1.041415e+00	4.908360e-02	2.365954e-09	1.988556e-09	1.572819e-10	6.043535e-11	-1.786621e-10	9.955420e+01	
26  5257.57	2.244901e+00	1.248068e-01	1.042367e+00	4.785719e-02	2.367003e-09	1.989640e-09	1.017867e-10	8.895213e-12	-1.377357e-10	1.002734e+02	
10  5257.79	2.244901e+00	1.248068e-01	1.042367e+00	4.785719e-02	2.367003e-09	1.989640e-09	1.017867e-10	8.895213e-12	-1.377357e-10	1.003089e+02	
37  5257.43	2.244901e+00	1.248068e-01	1.042367e+00	4.785719e-02	2.367003e-09	1.989640e-09	1.017867e-10	8.895213e-12	-1.377357e-10	9.965066e+01	
14  5261.16	2.257067e+00	1.236369e-01	1.042990e+00	6.880516e-02	2.448348e-09	2.075214e-09	1.258324e-10	7.014905e-11	-1.407246e-10	1.004221e+02	
17  5258.31	2.272674e+00	1.207217e-01	1.042870e+00	7.870074e-02	2.430034e-09	2.111865e-09	1.930979e-10	1.769974e-11	-1.658156e-10	9.975135e+01	
2  5258.66	2.275504e+00	1.221142e-01	1.042328e+00	9.176739e-02	2.545807e-09	2.166384e-09	1.479602e-10	7.819287e-11	-2.046629e-10	1.005911e+02	
28  5256.14	2.275504e+00	1.221142e-01	1.042328e+00	9.176739e-02	2.545807e-09	2.166384e-09	1.479602e-10	7.819287e-11	-2.046629e-10	1.001807e+02	
33  5259.19	2.263671e+00	1.194496e-01	1.042885e+00	9.394260e-02	2.497541e-09	2.174022e-09	1.348366e-10	2.336197e-10	-1.531014e-10	9.977515e+01	
69  5255.83	2.267189e+00	1.213529e-01	1.042311e+00	9.495976e-02	2.570175e-09	2.176824e-09	1.250273e-10	2.695169e-11	-1.769821e-10	1.003340e+02	
170  5255.39	2.267189e+00	1.213529e-01	1.042311e+00	9.495976e-02	2.570175e-09	2.176824e-09	1.250273e-10	2.695169e-11	-1.769821e-10	1.000236e+02	
40  5256.35	2.267189e+00	1.213529e-01	1.042311e+00	9.495976e-02	2.570175e-09	2.176824e-09	1.250273e-10	2.695169e-11	-1.769821e-10	9.976657e+01	
70  5255.87	2.267189e+00	1.213529e-01	1.042311e+00	9.495976e-02	2.570175e-09	2.176824e-09	1.250273e-10	2.695169e-11	-1.769821e-10	1.003437e+02	
70  5257.13	2.267189e+00	1.213529e-01	1.042311e+00	9.495976e-02	2.570175e-09	2.176824e-09	1.250273e-10	2.695169e-11	-1.769821e-10	9.965581e+01	
20  5257.49	2.267189e+00	1.213529e-01	1.042311e+00	9.495976e-02	2.570175e-09	2.176824e-09	1.250273e-10	2.695169e-11	-1.769821e-10	9.961293e+01	
10  5255.39	2.267189e+00	1.213529e-01	1.042311e+00	9.495976e-02	2.570175e-09	2.176824e-09	1.250273e-10	2.695169e-11	-1.769821e-10	1.000287e+02	
30  5256.66	2.267189e+00	1.213529e-01	1.042311e+00	9.495976e-02	2.570175e-09	2.176824e-09	1.250273e-10	2.695169e-11	-1.769821e-10	9.971899e+01	
30  5256.89	2.267189e+00	1.213529e-01	1.042311e+00	9.495976e-02	2.570175e-09	2.176824e-09	1.250273e-10	2.695169e-11	-1.769821e-10	9.968716e+01	
100  5255.49	2.267189e+00	1.213529e-01	1.042311e+00	9.495976e-02	2.570175e-09	2.176824e-09	1.250273e-10	2.695169e-11	-1.769821e-10	1.002283e+02	
4  5255.35	2.267189e+00	1.213529e-01	1.042311e+00	9.495976e-02	2.570175e-09	2.176824e-09	1.250273e-10	2.695169e-11	-1.769821e-10	1.000592e+02	
86  5255.75	2.252426e+00	1.219757e-01	1.042030e+00	9.084249e-02	2.579767e-09	2.160018e-09	1.663259e-10	1.258871e-10	-2.368891e-10	9.988550e+01	
60  5255.58	2.252426e+00	1.219757e-01	1.042030e+00	9.084249e-02	2.579767e-09	2.160018e-09	1.663259e-10	1.258871e-10	-2.368891e-10	9.998379e+01	
30  5256.42	2.252426e+00	1.219757e-01	1.042030e+00	9.084249e-02	2.579767e-09	2.160018e-09	1.663259e-10	1.258871e-10	-2.368891e-10	9.972193e+01	
77  5256.49	2.252426e+00	1.219757e-01	1.042030e+00	9.084249e-02	2.579767e-09	2.160018e-09	1.663259e-10	1.258871e-10	-2.368891e-10	9.970916e+01	
5  5260.7	2.273199e+00	1.218364e-01	1.041340e+00	1.023728e-01	2.648950e-09	2.206263e-09	1.991507e-10	6.055414e-10	-2.808518e-10	9.984079e+01	
9  5260.85	2.264768e+00	1.231541e-01	1.041161e+00	9.836005e-02	2.636775e-09	2.191017e-09	2.155719e-10	6.819153e-10	-2.679630e-10	1.001759e+02	
6  5260.11	2.276242e+00	1.242665e-01	1.040644e+00	8.838416e-02	2.632289e-09	2.149506e-09	1.923449e-10	1.997509e-10	-2.516086e-10	1.000210e+02	
40  5261.21	2.283783e+00	1.248668e-01	1.040457e+00	8.550970e-02	2.660882e-09	2.137199e-09	2.086457e-10	3.662741e-10	-3.055681e-10	9.978246e+01	
3  5260.1	2.281055e+00	1.213713e-01	1.041615e+00	9.582683e-02	2.579945e-09	2.181077e-09	1.794883e-10	5.185781e-11	-2.546477e-10	9.938247e+01	
9  5256.11	2.281055e+00	1.213713e-01	1.041615e+00	9.582683e-02	2.579945e-09	2.181077e-09	1.794883e-10	5.185781e-11	-2.546477e-10	1.003422e+02	
11  5255.37	2.269826e+00	1.196475e-01	1.041267e+00	9.582616e-02	2.561452e-09	2.173874e-09	1.964827e-10	1.583722e-10	-2.627626e-10	9.976925e+01	
6  5255.88	2.269826e+00	1.196475e-01	1.041267e+00	9.582616e-02	2.561452e-09	2.173874e-09	1.964827e-10	1.583722e-10	-2.627626e-10	9.966203e+01	
14  5257.43	2.256439e+00	1.195368e-01	1.041090e+00	9.956319e-02	2.545491e-09	2.183890e-09	2.110243e-10	3.626122e-10	-2.243819e-10	1.000380e+02	
52  5257.76	2.256439e+00	1.195368e-01	1.041090e+00	9.956319e-02	2.545491e-09	2.183890e-09	2.110243e-10	3.626122e-10	-2.243819e-10	1.001709e+02	
78  5257.28	2.263667e+00	1.194766e-01	1.041668e+00	9.813019e-02	2.500352e-09	2.178667e-09	1.972022e-10	2.454421e-11	-1.897948e-10	1.002070e+02	
50  5257.35	2.263667e+00	1.194766e-01	1.041668e+00	9.813019e-02	2.500352e-09	2.178667e-09	1.972022e-10	2.454421e-11	-1.897948e-10	1.002291e+02	
10  5259.46	2.263667e+00	1.194766e-01	1.041668e+00	9.813019e-02	2.500352e-09	2.178667e-09	1.972022e-10	2.454421e-11	-1.897948e-10	1.005618e+02	
19  5258.71	2.263667e+00	1.194766e-01	1.041668e+00	9.813019e-02	2.500352e-09	2.178667e-09	1.972022e-10	2.454421e-11	-1.897948e-10	1.004738e+02	
1  5258.54	2.282240e+00	1.185700e-01	1.041679e+00	1.032677e-01	2.557270e-09	2.200277e-09	2.081145e-10	2.232588e-10	-2.085980e-10	1.003474e+02	
40  5259.37	2.282240e+00	1.185700e-01	1.041679e+00	1.032677e-01	2.557270e-09	2.200277e-09	2.081145e-10	2.232588e-10	-2.085980e-10	9.950619e+01	
8  5261.06	2.282240e+00	1.185700e-01	1.041679e+00	1.032677e-01	2.557270e-09	2.200277e-09	2.081145e-10	2.232588e-10	-2.085980e-10	1.006252e+02	
12  5260.56	2.284671e+00	1.185158e-01	1.040684e+00	9.127358e-02	2.448882e-09	2.147309e-09	2.266277e-10	3.269045e-10	-2.039906e-10	9.968019e+01	
3  5260.1	2.284671e+00	1.185158e-01	1.040684e+00	9.127358e-02	2.448882e-09	2.147309e-09	2.266277e-10	3.269045e-10	-2.039906e-10	9.987437e+01	
4  5261.16	2.283655e+00	1.182118e-01	1.040653e+00	9.783129e-02	2.479206e-09	2.175050e-09	2.458816e-10	4.183991e-10	-2.555961e-10	9.985781e+01	
37  5259.08	2.274242e+00	1.192790e-01	1.040822e+00	9.351178e-02	2.512534e-09	2.155634e-09	2.667943e-10	2.229046e-10	-2.999705e-10	9.998801e+01	
1  5261.23	2.269029e+00	1.200089e-01	1.039879e+00	8.424261e-02	2.513298e-09	2.116244e-09	2.397720e-10	2.514673e-10	-2.900640e-10	9.972646e+01	
12  5261.57	2.252189e+00	1.207753e-01	1.039984e+00	8.818093e-02	2.534776e-09	2.133707e-09	1.714800e-10	2.956465e-10	-2.370457e-10	1.004875e+02	
32  5261.94	2.255788e+00	1.220578e-01	1.040004e+00	7.999753e-02	2.480588e-09	2.104533e-09	2.075311e-10	2.326108e-10	-2.369689e-10	1.004421e+02	
1  5259.34	2.258197e+00	1.209120e-01	1.040354e+00	7.552048e-02	2.457873e-09	2.082020e-09	1.779177e-10	2.635094e-10	-2.453092e-10	9.977468e+01	
51  5259.28	2.258197e+00	1.209120e-01	1.040354e+00	7.552048e-02	2.457873e-09	2.082020e-09	1.779177e-10	2.635094e-10	-2.453092e-10	9.982389e+01	
59  5260.86	2.233097e+00	1.211211e-01	1.040821e+00	9.013740e-02	2.534773e-09	2.147608e-09	2.043758e-10	6.153641e-11	-2.787926e-10	1.008254e+02	
13  5260.36	2.233097e+00	1.211211e-01	1.040821e+00	9.013740e-02	2.534773e-09	2.147608e-09	2.043758e-10	6.153641e-11	-2.787926e-10	1.007895e+02	
67  5259.41	2.231081e+00	1.183550e-01	1.041151e+00	9.834160e-02	2.499736e-09	2.177739e-09	2.079346e-10	1.253644e-10	-2.965918e-10	1.001420e+02	
24  5260.39	2.231081e+00	1.183550e-01	1.041151e+00	9.834160e-02	2.499736e-09	2.177739e-09	2.079346e-10	1.253644e-10	-2.965918e-10	9.945891e+01	
13  5260.51	2.218711e+00	1.200439e-01	1.041470e+00	8.594435e-02	2.468688e-09	2.131008e-09	2.267891e-10	1.074213e-10	-3.117281e-10	9.946787e+01	
38  5260.7	2.212062e+00	1.213295e-01	1.041995e+00	7.370482e-02	2.421003e-09	2.084985e-09	2.467881e-10	5.955060e-11	-3.076573e-10	9.942699e+01	
25  5260.28	2.204891e+00	1.204934e-01	1.041459e+00	8.360398e-02	2.432668e-09	2.118430e-09	3.035534e-10	2.112879e-11	-3.119544e-10	9.966024e+01	
40  5260.72	2.204891e+00	1.204934e-01	1.041459e+00	8.360398e-02	2.432668e-09	2.118430e-09	3.035534e-10	2.112879e-11	-3.119544e-10	9.958594e+01	
40  5262.03	2.204891e+00	1.204934e-01	1.041459e+00	8.360398e-02	2.432668e-09	2.118430e-09	3.035534e-10	2.112879e-11	-3.119544e-10	1.004872e+02	
70  5259.89	2.204891e+00	1.204934e-01	1.041459e+00	8.360398e-02	2.432668e-09	2.118430e-09	3.035534e-10	2.112879e-11	-3.119544e-10	1.001688e+02	
30  5259.55	2.204891e+00	1.204934e-01	1.041459e+00	8.360398e-02	2.432668e-09	2.118430e-09	3.035534e-10	2.112879e-11	-3.119544e-10	1.000417e+02	
160  5259.53	2.204891e+00	1.204934e-01	1.041459e+00	8.360398e-02	2.432668e-09	2.118430e-09	3.035534e-10	2.112879e-11	-3.119544e-10	1.000290e+02	
30  5259.86	2.204891e+00	1.204934e-01	1.041459e+00	8.360398e-02	2.432668e-09	2.118430e-09	3.035534e-10	2.112879e-11	-3.119544e-10	1.001591e+02	
70  5260.14	2.204891e+00	1.204934e-01	1.041459e+00	8.360398e-02	2.432668e-09	2.118430e-09	3.035534e-10	2.112879e-11	-3.119544e-10	1.002256e+02	
6  5261.33	2.204891e+00	1.204934e-01	1.041459e+00	8.360398e-02	2.432668e-09	2.118430e-09	3.035534e-10	2.112879e-11	-3.119544e-10	9.950375e+01	
4  5259.01	2.214427e+00	1.204241e-01	1.041437e+00	8.129663e-02	2.458229e-09	2.110379e-09	2.464667e-10	1.620662e-10	-2.449927e-10	9.967839e+01	
95  5258.88	2.214427e+00	1.204241e-01	1.041437e+00	8.129663e-02	2.458229e-09	2.110379e-09	2.464667e-10	1.620662e-10	-2.449927e-10	9.971307e+01	
293  5259.44	2.200232e+00	1.226156e-01	1.041241e+00	6.460288e-02	2.433536e-09	2.043357e-09	2.145803e-10	1.587446e-10	-1.912295e-10	9.996059e+01	
62  5257.91	2.219341e+00	1.199383e-01	1.041847e+00	7.758735e-02	2.391844e-09	2.096060e-09	2.098978e-10	7.857166e-11	-1.866197e-10	9.953464e+01	
110  5256.93	2.219341e+00	1.199383e-01	1.041847e+00	7.758735e-02	2.391844e-09	2.096060e-09	2.098978e-10	7.857166e-11	-1.866197e-10	9.976434e+01	
23  5257.25	2.219341e+00	1.199383e-01	1.041847e+00	7.758735e-02	2.391844e-09	2.096060e-09	2.098978e-10	7.857166e-11	-1.866197e-10	9.966155e+01	
57  5255.59	2.210228e+00	1.194070e-01	1.042149e+00	9.084099e-02	2.431487e-09	2.154430e-09	1.155005e-10	1.737030e-11	-1.495088e-10	1.002953e+02	
20  5254.69	2.210228e+00	1.194070e-01	1.042149e+00	9.084099e-02	2.431487e-09	2.154430e-09	1.155005e-10	1.737030e-11	-1.495088e-10	1.000687e+02	
40  5255.37	2.210228e+00	1.194070e-01	1.042149e+00	9.084099e-02	2.431487e-09	2.154430e-09	1.155005e-10	1.737030e-11	-1.495088e-10	9.966766e+01	
40  5254.82	2.210228e+00	1.194070e-01	1.042149e+00	9.084099e-02	2.431487e-09	2.154430e-09	1.155005e-10	1.737030e-11	-1.495088e-10	9.980218e+01	
60  5254.66	2.210228e+00	1.194070e-01	1.042149e+00	9.084099e-02	2.431487e-09	2.154430e-09	1.155005e-10	1.737030e-11	-1.495088e-10	9.987581e+01	
19  5254.63	2.210228e+00	1.194070e-01	1.042149e+00	9.084099e-02	2.431487e-09	2.154430e-09	1.155005e-10	1.737030e-11	-1.495088e-10	9.989371e+01	
1  5258.89	2.219018e+00	1.208894e-01	1.042062e+00	9.551445e-02	2.510863e-09	2.175303e-09	1.026125e-10	9.921324e-11	-1.783029e-10	1.004780e+02	
30  5259.62	2.219018e+00	1.208894e-01	1.042062e+00	9.551445e-02	2.510863e-09	2.175303e-09	1.026125e-10	9.921324e-11	-1.783029e-10	1.005535e+02	
80  5257.76	2.219018e+00	1.208894e-01	1.042062e+00	9.551445e-02	2.510863e-09	2.175303e-09	1.026125e-10	9.921324e-11	-1.783029e-10	1.003297e+02	
21  5257.64	2.219018e+00	1.208894e-01	1.042062e+00	9.551445e-02	2.510863e-09	2.175303e-09	1.026125e-10	9.921324e-11	-1.783029e-10	9.965393e+01	
9  5258.8	2.216894e+00	1.214924e-01	1.042134e+00	9.165721e-02	2.484813e-09	2.156960e-09	1.729079e-10	5.243348e-11	-1.784924e-10	9.977704e+01	
20  5258.92	2.216894e+00	1.214924e-01	1.042134e+00	9.165721e-02	2.484813e-09	2.156960e-09	1.729079e-10	5.243348e-11	-1.784924e-10	1.002920e+02	
9  5258.38	2.216894e+00	1.214924e-01	1.042134e+00	9.165721e-02	2.484813e-09	2.156960e-09	1.729079e-10	5.243348e-11	-1.784924e-10	1.001353e+02	
91  5259.71	2.220894e+00	1.204291e-01	1.041894e+00	9.807060e-02	2.482009e-09	2.181100e-09	1.513158e-10	1.408611e-10	-1.684476e-10	1.000031e+02	
26  5259.83	2.220894e+00	1.204291e-01	1.041894e+00	9.807060e-02	2.482009e-09	2.181100e-09	1.513158e-10	1.408611e-10	-1.684476e-10	9.986054e+01	
14  5259.37	2.234282e+00	1.194566e-01	1.040979e+00	1.039706e-01	2.528491e-09	2.206855e-09	1.905166e-10	7.562771e-11	-2.189418e-10	9.948773e+01	
10  5259.11	2.234282e+00	1.194566e-01	1.040979e+00	1.039706e-01	2.528491e-09	2.206855e-09	1.905166e-10	7.562771e-11	-2.189418e-10	1.006130e+02	
20  5261.97	2.234282e+00	1.194566e-01	1.040979e+00	1.039706e-01	2.528491e-09	2.206855e-09	1.905166e-10	7.562771e-11	-2.189418e-10	1.008498e+02	
20  5259.82	2.234282e+00	1.194566e-01	1.040979e+00	1.039706e-01	2.528491e-09	2.206855e-09	1.905166e-10	7.562771e-11	-2.189418e-10	1.006800e+02	
60  5256.4	2.234282e+00	1.194566e-01	1.040979e+00	1.039706e-01	2.528491e-09	2.206855e-09	1.905166e-10	7.562771e-11	-2.189418e-10	1.000107e+02	
10  5257.01	2.234282e+00	1.194566e-01	1.040979e+00	1.039706e-01	2.528491e-09	2.206855e-09	1.905166e-10	7.562771e-11	-2.189418e-10	9.979800e+01	
10  5257.31	2.234282e+00	1.194566e-01	1.040979e+00	1.039706e-01	2.528491e-09	2.206855e-09	1.905166e-10	7.562771e-11	-2.189418e-10	1.003846e+02	
40  5256.5	2.234282e+00	1.194566e-01	1.040979e+00	1.039706e-01	2.528491e-09	2.206855e-09	1.905166e-10	7.562771e-11	-2.189418e-10	9.994299e+01	
10  5256.56	2.234282e+00	1.194566e-01	1.040979e+00	1.039706e-01	2.528491e-09	2.206855e-09	1.905166e-10	7.562771e-11	-2.189418e-10	9.991937e+01	
27  5256.87	2.234282e+00	1.194566e-01	1.040979e+00	1.039706e-01	2.528491e-09	2.206855e-09	1.905166e-10	7.562771e-11	-2.189418e-10	1.002968e+02	
3  5258.17	2.262051e+00	1.206576e-01	1.040904e+00	1.025296e-01	2.548138e-09	2.200873e-09	1.931565e-10	7.599192e-11	-2.420216e-10	1.003121e+02	
8  5258.73	2.262051e+00	1.206576e-01	1.040904e+00	1.025296e-01	2.548138e-09	2.200873e-09	1.931565e-10	7.599192e-11	-2.420216e-10	1.004216e+02	
2  5256.78	2.260764e+00	1.198442e-01	1.041268e+00	1.047899e-01	2.551690e-09	2.213120e-09	1.983841e-10	1.922724e-10	-2.641936e-10	1.002181e+02	
230  5256.96	2.260764e+00	1.198442e-01	1.041268e+00	1.047899e-01	2.551690e-09	2.213120e-09	1.983841e-10	1.922724e-10	-2.641936e-10	1.002594e+02	
50  5256.43	2.260764e+00	1.198442e-01	1.041268e+00	1.047899e-01	2.551690e-09	2.213120e-09	1.983841e-10	1.922724e-10	-2.641936e-10	9.986533e+01	
103  5256.34	2.260764e+00	1.198442e-01	1.041268e+00	1.047899e-01	2.551690e-09	2.213120e-09	1.983841e-10	1.922724e-10	-2.641936e-10	9.991882e+01	
88  5256.36	2.234516e+00	1.198458e-01	1.041227e+00	1.091423e-01	2.576242e-09	2.231811e-09	2.241331e-10	5.123644e-11	-2.852183e-10	1.002844e+02	
51  5256.66	2.236748e+00	1.189826e-01	1.041138e+00	1.087517e-01	2.614452e-09	2.226901e-09	2.001962e-10	5.461493e-11	-2.995078e-10	9.995940e+01	
8  5259.35	2.237499e+00	1.176396e-01	1.041885e+00	1.087200e-01	2.545744e-09	2.226478e-09	1.984371e-10	1.151984e-10	-2.903895e-10	9.950949e+01	
20  5259.25	2.237499e+00	1.176396e-01	1.041885e+00	1.087200e-01	2.545744e-09	2.226478e-09	1.984371e-10	1.151984e-10	-2.903895e-10	1.002902e+02	
37  5260.49	2.237499e+00	1.176396e-01	1.041885e+00	1.087200e-01	2.545744e-09	2.226478e-09	1.984371e-10	1.151984e-10	-2.903895e-10	1.004406e+02	
143  5256.44	2.239040e+00	1.173875e-01	1.041265e+00	1.083180e-01	2.566353e-09	2.222425e-09	2.294505e-10	3.163288e-11	-3.590353e-10	9.995371e+01	
10  5256.44	2.239040e+00	1.173875e-01	1.041265e+00	1.083180e-01	2.566353e-09	2.222425e-09	2.294505e-10	3.163288e-11	-3.590353e-10	9.999954e+01	
40  5256.44	2.239040e+00	1.173875e-01	1.041265e+00	1.083180e-01	2.566353e-09	2.222425e-09	2.294505e-10	3.163288e-11	-3.590353e-10	9.995266e+01	
50  5257.24	2.239040e+00	1.173875e-01	1.041265e+00	1.083180e-01	2.566353e-09	2.222425e-09	2.294505e-10	3.163288e-11	-3.590353e-10	1.002750e+02	
10  5257.72	2.239040e+00	1.173875e-01	1.041265e+00	1.083180e-01	2.566353e-09	2.222425e-09	2.294505e-10	3.163288e-11	-3.590353e-10	1.003538e+02	
89  5258.89	2.239040e+00	1.173875e-01	1.041265e+00	1.083180e-01	2.566353e-09	2.222425e-09	2.294505e-10	3.163288e-11	-3.590353e-10	9.945447e+01	
11  5259.19	2.259978e+00	1.186904e-01	1.040430e+00	1.163233e-01	2.654705e-09	2.256493e-09	2.201620e-10	1.152432e-10	-3.735589e-10	1.000320e+02	
10  5259.97	2.259978e+00	1.186904e-01	1.040430e+00	1.163233e-01	2.654705e-09	2.256493e-09	2.201620e-10	1.152432e-10	-3.735589e-10	1.003324e+02	
20  5259.47	2.259978e+00	1.186904e-01	1.040430e+00	1.163233e-01	2.654705e-09	2.256493e-09	2.201620e-10	1.152432e-10	-3.735589e-10	9.986460e+01	
30  5261.95	2.259978e+00	1.186904e-01	1.040430e+00	1.163233e-01	2.654705e-09	2.256493e-09	2.201620e-10	1.152432e-10	-3.735589e-10	9.948708e+01	
30  5259.38	2.259978e+00	1.186904e-01	1.040430e+00	1.163233e-01	2.654705e-09	2.256493e-09	2.201620e-10	1.152432e-10	-3.735589e-10	9.989287e+01	
20  5259.51	2.259978e+00	1.186904e-01	1.040430e+00	1.163233e-01	2.654705e-09	2.256493e-09	2.201620e-10	1.152432e-10	-3.735589e-10	9.985234e+01	
24  5259.54	2.259978e+00	1.186904e-01	1.040430e+00	1.163233e-01	2.654705e-09	2.256493e-09	2.201620e-10	1.152432e-10	-3.735589e-10	9.984390e+01	
15  5260.47	2.244877e+00	1.211725e-01	1.040025e+00	9.576841e-02	2.607341e-09	2.169717e-09	2.515971e-10	7.494782e-11	-3.611300e-10	9.980978e+01	
45  5259.89	2.250220e+00	1.180371e-01	1.041350e+00	1.085047e-01	2.566334e-09	2.217917e-09	2.449762e-10	1.620537e-10	-3.014887e-10	9.977018e+01	
6  5261.53	2.249911e+00	1.177439e-01	1.041265e+00	1.204154e-01	2.589470e-09	2.269370e-09	2.858233e-10	9.210143e-11	-3.184339e-10	1.002036e+02	
14  5261.43	2.249911e+00	1.177439e-01	1.041265e+00	1.204154e-01	2.589470e-09	2.269370e-09	2.858233e-10	9.210143e-11	-3.184339e-10	1.001683e+02	
85  5258.95	2.211118e+00	1.188607e-01	1.041321e+00	1.014780e-01	2.525352e-09	2.192491e-09	2.755317e-10	1.188004e-11	-2.996803e-10	9.993976e+01	
31  5260.14	2.203678e+00	1.182138e-01	1.041485e+00	1.053555e-01	2.556613e-09	2.210278e-09	2.079376e-10	6.772073e-11	-2.713612e-10	1.001029e+02	
40  5260.05	2.203678e+00	1.182138e-01	1.041485e+00	1.053555e-01	2.556613e-09	2.210278e-09	2.079376e-10	6.772073e-11	-2.713612e-10	1.000369e+02	
50  5260.2	2.203678e+00	1.182138e-01	1.041485e+00	1.053555e-01	2.556613e-09	2.210278e-09	2.079376e-10	6.772073e-11	-2.713612e-10	9.985489e+01	
10  5260.04	2.203678e+00	1.182138e-01	1.041485e+00	1.053555e-01	2.556613e-09	2.210278e-09	2.079376e-10	6.772073e-11	-2.713612e-10	9.995152e+01	
11  5261.04	2.203678e+00	1.182138e-01	1.041485e+00	1.053555e-01	2.556613e-09	2.210278e-09	2.079376e-10	6.772073e-11	-2.713612e-10	9.965658e+01	
4  5261.16	2.249603e+00	1.192171e-01	1.040907e+00	1.055991e-01	2.601243e-09	2.212223e-09	2.468084e-10	3.524820e-10	-3.088563e-10	9.951562e+01	
9  5259.55	2.248011e+00	1.226301e-01	1.040948e+00	8.631264e-02	2.549389e-09	2.135957e-09	2.032258e-10	6.036714e-10	-2.523132e-10	9.986148e+01	
1  5262.4	2.233177e+00	1.201099e-01	1.042280e+00	1.049039e-01	2.499127e-09	2.214853e-09	1.641593e-10	2.538825e-10	-1.568478e-10	1.005398e+02	
41  5259.77	2.254120e+00	1.189772e-01	1.042481e+00	1.105950e-01	2.524980e-09	2.239761e-09	2.286887e-10	2.050610e-10	-2.018638e-10	1.002599e+02	
9  5257.06	2.258499e+00	1.203352e-01	1.042131e+00	9.707663e-02	2.498406e-09	2.181783e-09	2.045027e-10	2.293177e-10	-1.897987e-10	9.997842e+01	
17  5256.42	2.243923e+00	1.222335e-01	1.041315e+00	8.434400e-02	2.527064e-09	2.129224e-09	2.038870e-10	1.362872e-11	-2.779400e-10	9.957676e+01	
38  5256.97	2.237644e+00	1.223305e-01	1.041072e+00	8.651602e-02	2.551388e-09	2.141385e-09	2.040897e-10	9.906503e-11	-3.071853e-10	9.959009e+01	
20  5255.4	2.237644e+00	1.223305e-01	1.041072e+00	8.651602e-02	2.551388e-09	2.141385e-09	2.040897e-10	9.906503e-11	-3.071853e-10	9.991286e+01	
6  5255.32	2.237644e+00	1.223305e-01	1.041072e+00	8.651602e-02	2.551388e-09	2.141385e-09	2.040897e-10	9.906503e-11	-3.071853e-10	1.000793e+02	
134  5255.76	2.255312e+00	1.220614e-01	1.041547e+00	9.373857e-02	2.599465e-09	2.168576e-09	1.950585e-10	9.168200e-11	-3.123454e-10	1.003308e+02	
50  5254.95	2.255312e+00	1.220614e-01	1.041547e+00	9.373857e-02	2.599465e-09	2.168576e-09	1.950585e-10	9.168200e-11	-3.123454e-10	1.000623e+02	
50  5254.96	2.255312e+00	1.220614e-01	1.041547e+00	9.373857e-02	2.599465e-09	2.168576e-09	1.950585e-10	9.168200e-11	-3.123454e-10	9.999162e+01	
10  5255.6	2.255312e+00	1.220614e-01	1.041547e+00	9.373857e-02	2.599465e-09	2.168576e-09	1.950585e-10	9.168200e-11	-3.123454e-10	9.976029e+01	
160  5255.07	2.255312e+00	1.220614e-01	1.041547e+00	9.373857e-02	2.599465e-09	2.168576e-09	1.950585e-10	9.168200e-11	-3.123454e-10	9.991097e+01	
40  5255.05	2.255312e+00	1.220614e-01	1.041547e+00	9.373857e-02	2.599465e-09	2.168576e-09	1.950585e-10	9.168200e-11	-3.123454e-10	1.001371e+02	
30  5256.06	2.255312e+00	1.220614e-01	1.041547e+00	9.373857e-02	2.599465e-09	2.168576e-09	1.950585e-10	9.168200e-11	-3.123454e-10	9.967878e+01	
10  5255.74	2.255312e+00	1.220614e-01	1.041547e+00	9.373857e-02	2.599465e-09	2.168576e-09	1.950585e-10	9.168200e-11	-3.123454e-10	9.973339e+01	
30  5254.96	2.255312e+00	1.220614e-01	1.041547e+00	9.373857e-02	2.599465e-09	2.168576e-09	1.950585e-10	9.168200e-11	-3.123454e-10	9.999134e+01	
14  5255.9	2.255312e+00	1.220614e-01	1.041547e+00	9.373857e-02	2.599465e-09	2.168576e-09	1.950585e-10	9.168200e-11	-3.123454e-10	9.970546e+01	
56  5256.32	2.255876e+00	1.228795e-01	1.041485e+00	9.180897e-02	2.622158e-09	2.164017e-09	1.854246e-10	1.431432e-10	-3.147149e-10	9.989261e+01	
60  5256.35	2.255876e+00	1.228795e-01	1.041485e+00	9.180897e-02	2.622158e-09	2.164017e-09	1.854246e-10	1.431432e-10	-3.147149e-10	9.988153e+01	
130  5256.16	2.255876e+00	1.228795e-01	1.041485e+00	9.180897e-02	2.622158e-09	2.164017e-09	1.854246e-10	1.431432e-10	-3.147149e-10	1.000728e+02	
133  5256.3	2.255876e+00	1.228795e-01	1.041485e+00	9.180897e-02	2.622158e-09	2.164017e-09	1.854246e-10	1.431432e-10	-3.147149e-10	1.001656e+02	
17  5255.58	2.241489e+00	1.209876e-01	1.042196e+00	1.004362e-01	2.581188e-09	2.196052e-09	1.068154e-10	3.182395e-11	-2.641882e-10	1.001801e+02	
20  5256.07	2.241489e+00	1.209876e-01	1.042196e+00	1.004362e-01	2.581188e-09	2.196052e-09	1.068154e-10	3.182395e-11	-2.641882e-10	1.002990e+02	
72  5255.37	2.241489e+00	1.209876e-01	1.042196e+00	1.004362e-01	2.581188e-09	2.196052e-09	1.068154e-10	3.182395e-11	-2.641882e-10	1.000831e+02	
208  5256.21	2.263355e+00	1.208762e-01	1.042095e+00	1.076490e-01	2.631106e-09	2.225587e-09	1.308498e-10	1.394031e-11	-2.956752e-10	1.001772e+02	
50  5256.45	2.263355e+00	1.208762e-01	1.042095e+00	1.076490e-01	2.631106e-09	2.225587e-09	1.308498e-10	1.394031e-11	-2.956752e-10	9.991284e+01	
26  5257.44	2.263355e+00	1.208762e-01	1.042095e+00	1.076490e-01	2.631106e-09	2.225587e-09	1.308498e-10	1.394031e-11	-2.956752e-10	1.004724e+02	
12  5257.14	2.255749e+00	1.206058e-01	1.042205e+00	9.867479e-02	2.602766e-09	2.188249e-09	7.826535e-11	4.096461e-11	-2.962921e-10	9.990447e+01	
82  5256.8	2.255614e+00	1.199541e-01	1.042549e+00	1.023133e-01	2.579455e-09	2.201335e-09	8.208278e-11	1.958821e-11	-2.651611e-10	1.000370e+02	
20  5256.85	2.255614e+00	1.199541e-01	1.042549e+00	1.023133e-01	2.579455e-09	2.201335e-09	8.208278e-11	1.958821e-11	-2.651611e-10	1.000677e+02	
30  5256.84	2.255614e+00	1.199541e-01	1.042549e+00	1.023133e-01	2.579455e-09	2.201335e-09	8.208278e-11	1.958821e-11	-2.651611e-10	1.000588e+02	
70  5257.15	2.255614e+00	1.199541e-01	1.042549e+00	1.023133e-01	2.579455e-09	2.201335e-09	8.208278e-11	1.958821e-11	-2.651611e-10	9.975766e+01	
20  5256.77	2.255614e+00	1.199541e-01	1.042549e+00	1.023133e-01	2.579455e-09	2.201335e-09	8.208278e-11	1.958821e-11	-2.651611e-10	9.992263e+01	
20  5257.41	2.255614e+00	1.199541e-01	1.042549e+00	1.023133e-01	2.579455e-09	2.201335e-09	8.208278e-11	1.958821e-11	-2.651611e-10	1.002334e+02	
10  5257.43	2.255614e+00	1.199541e-01	1.042549e+00	1.023133e-01	2.579455e-09	2.201335e-09	8.208278e-11	1.958821e-11	-2.651611e-10	9.969151e+01	
70  5258.77	2.255614e+00	1.199541e-01	1.042549e+00	1.023133e-01	2.579455e-09	2.201335e-09	8.208278e-11	1.958821e-11	-2.651611e-10	9.949280e+01	
30  5257.98	2.255614e+00	1.199541e-01	1.042549e+00	1.023133e-01	2.579455e-09	2.201335e-09	8.208278e-11	1.958821e-11	-2.651611e-10	1.003341e+02	
320  5256.82	2.255614e+00	1.199541e-01	1.042549e+00	1.023133e-01	2.579455e-09	2.201335e-09	8.208278e-11	1.958821e-11	-2.651611e-10	1.000465e+02	
130  5256.81	2.255614e+00	1.199541e-01	1.042549e+00	1.023133e-01	2.579455e-09	2.201335e-09	8.208278e-11	1.958821e-11	-2.651611e-10	9.989184e+01	
40  5256.84	2.255614e+00	1.199541e-01	1.042549e+00	1.023133e-01	2.579455e-09	2.201335e-09	8.208278e-11	1.958821e-11	-2.651611e-10	1.000618e+02	
100  5256.96	2.255614e+00	1.199541e-01	1.042549e+00	1.023133e-01	2.579455e-09	2.201335e-09	8.208278e-11	1.958821e-11	-2.651611e-10	1.001141e+02	
50  5256.86	2.255614e+00	1.199541e-01	1.042549e+00	1.023133e-01	2.579455e-09	2.201335e-09	8.208278e-11	1.958821e-11	-2.651611e-10	1.000710e+02	
50  5260.03	2.255614e+00	1.199541e-01	1.042549e+00	1.023133e-01	2.579455e-09	2.201335e-09	8.208278e-11	1.958821e-11	-2.651611e-10	9.936276e+01	
60  5258.24	2.255614e+00	1.199541e-01	1.042549e+00	1.023133e-01	2.579455e-09	2.201335e-09	8.208278e-11	1.958821e-11	-2.651611e-10	1.003709e+02	
49  5256.95	2.255614e+00	1.199541e-01	1.042549e+00	1.023133e-01	2.579455e-09	2.201335e-09	8.208278e-11	1.958821e-11	-2.651611e-10	9.982055e+01	
31  5254.35	2.239239e+00	1.214243e-01	1.041909e+00	9.027825e-02	2.527655e-09	2.153933e-09	1.019198e-10	2.313313e-11	-2.612885e-10	9.970320e+01	
10  5254.35	2.239239e+00	1.214243e-01	1.041909e+00	9.027825e-02	2.527655e-09	2.153933e-09	1.019198e-10	2.313313e-11	-2.612885e-10	9.970481e+01	
10  5254.55	2.239239e+00	1.214243e-01	1.041909e+00	9.027825e-02	2.527655e-09	2.153933e-09	1.019198e-10	2.313313e-11	-2.612885e-10	1.003005e+02	
