1  5366.49	2.218912e+00	1.143188e-01	1.043490e+00	1.084758e-01	2.429969e-09	2.255551e-09	9.325391e-12	2.717173e-09	1.622657e-11	1.013558e+02	
3  5362.92	2.244340e+00	1.147261e-01	1.042426e+00	1.247714e-01	2.597498e-09	2.318701e-09	5.018203e-11	3.103120e-09	-8.944346e-11	1.016926e+02	
2  5354.12	2.262589e+00	1.106416e-01	1.043273e+00	1.430801e-01	2.596888e-09	2.392978e-09	3.369339e-11	2.722838e-09	-1.058276e-10	1.011004e+02	
3  5333.63	2.255527e+00	1.102214e-01	1.044779e+00	1.429871e-01	2.507102e-09	2.387245e-09	6.619627e-12	5.038276e-09	-1.481250e-11	1.013031e+02	
2  5328.01	2.255527e+00	1.102214e-01	1.044779e+00	1.429871e-01	2.507102e-09	2.387245e-09	6.619627e-12	5.038276e-09	-1.481250e-11	9.849417e+01	
1  5320.52	2.279954e+00	1.118803e-01	1.044116e+00	1.458826e-01	2.612154e-09	2.407825e-09	2.441150e-11	4.088578e-09	-2.491753e-11	9.920224e+01	
6  5302.33	2.251265e+00	1.104258e-01	1.044675e+00	1.672658e-01	2.629719e-09	2.496849e-09	3.377585e-11	4.497848e-09	2.354326e-11	1.002468e+02	
1  5304.42	2.246304e+00	1.069668e-01	1.044752e+00	1.767374e-01	2.619385e-09	2.529461e-09	1.829131e-11	4.283123e-09	5.203102e-12	9.947524e+01	
70  5302.83	2.246304e+00	1.069668e-01	1.044752e+00	1.767374e-01	2.619385e-09	2.529461e-09	1.829131e-11	4.283123e-09	5.203102e-12	9.970204e+01	
34  5302.15	2.246304e+00	1.069668e-01	1.044752e+00	1.767374e-01	2.619385e-09	2.529461e-09	1.829131e-11	4.283123e-09	5.203102e-12	9.996442e+01	
5  5296.2	2.241817e+00	1.093781e-01	1.044529e+00	1.699899e-01	2.639276e-09	2.506785e-09	2.180078e-11	2.413464e-09	-1.145168e-11	1.005246e+02	
6  5288.85	2.242070e+00	1.095061e-01	1.044615e+00	1.622104e-01	2.553852e-09	2.472214e-09	4.047173e-11	2.412222e-09	1.241918e-12	1.001188e+02	
5  5287.53	2.251956e+00	1.109812e-01	1.044429e+00	1.697884e-01	2.638077e-09	2.509835e-09	2.617870e-11	6.917351e-10	3.727048e-12	1.011374e+02	
10  5279.16	2.251956e+00	1.109812e-01	1.044429e+00	1.697884e-01	2.638077e-09	2.509835e-09	2.617870e-11	6.917351e-10	3.727048e-12	9.968585e+01	
2  5279.94	2.251956e+00	1.109812e-01	1.044429e+00	1.697884e-01	2.638077e-09	2.509835e-09	2.617870e-11	6.917351e-10	3.727048e-12	9.959003e+01	
18  5271.84	2.247072e+00	1.147674e-01	1.042894e+00	1.578873e-01	2.683539e-09	2.459244e-09	1.453961e-11	9.716037e-10	-2.315250e-11	9.995931e+01	
5  5271.32	2.247072e+00	1.147674e-01	1.042894e+00	1.578873e-01	2.683539e-09	2.459244e-09	1.453961e-11	9.716037e-10	-2.315250e-11	1.002307e+02	
15  5270.06	2.242159e+00	1.147103e-01	1.042899e+00	1.615777e-01	2.699687e-09	2.475137e-09	9.098223e-12	3.286037e-10	-2.712494e-11	1.004586e+02	
127  5269.52	2.242159e+00	1.147103e-01	1.042899e+00	1.615777e-01	2.699687e-09	2.475137e-09	9.098223e-12	3.286037e-10	-2.712494e-11	1.002447e+02	
13  5270.06	2.281270e+00	1.152468e-01	1.041884e+00	1.660735e-01	2.804608e-09	2.491417e-09	1.189316e-11	4.560267e-10	-1.013528e-10	1.000046e+02	
48  5270.94	2.281270e+00	1.152468e-01	1.041884e+00	1.660735e-01	2.804608e-09	2.491417e-09	1.189316e-11	4.560267e-10	-1.013528e-10	1.004773e+02	
8  5269.44	2.296665e+00	1.133030e-01	1.041887e+00	1.673791e-01	2.754160e-09	2.490931e-09	3.366836e-12	3.926277e-10	-5.169624e-11	9.997190e+01	
16  5270.35	2.284551e+00	1.130434e-01	1.042458e+00	1.565137e-01	2.649483e-09	2.440525e-09	2.961964e-11	1.016329e-09	-5.473132e-11	9.930547e+01	
10  5270.84	2.274547e+00	1.160242e-01	1.041753e+00	1.555032e-01	2.725222e-09	2.434988e-09	3.557354e-11	1.220979e-09	-3.053363e-11	1.004844e+02	
16  5269.57	2.294452e+00	1.144746e-01	1.042234e+00	1.504497e-01	2.654024e-09	2.416805e-09	3.558819e-11	1.209289e-09	-6.431595e-11	9.933911e+01	
17  5267.26	2.288168e+00	1.148316e-01	1.041915e+00	1.523308e-01	2.677078e-09	2.419676e-09	2.733270e-11	1.231082e-09	-7.641369e-11	9.948543e+01	
2  5267.13	2.279823e+00	1.184927e-01	1.042153e+00	1.465761e-01	2.712171e-09	2.403286e-09	6.526347e-11	1.470597e-09	-1.087472e-10	1.004223e+02	
3  5266.89	2.268301e+00	1.182872e-01	1.043492e+00	1.349888e-01	2.582512e-09	2.355746e-09	1.791160e-11	2.271896e-09	-2.570246e-12	1.002881e+02	
3  5266.88	2.268301e+00	1.182872e-01	1.043492e+00	1.349888e-01	2.582512e-09	2.355746e-09	1.791160e-11	2.271896e-09	-2.570246e-12	1.001382e+02	
7  5264.79	2.240604e+00	1.200961e-01	1.042558e+00	1.190727e-01	2.562748e-09	2.288055e-09	8.199561e-11	9.579955e-10	-8.036440e-11	9.979256e+01	
1  5267.61	2.240604e+00	1.200961e-01	1.042558e+00	1.190727e-01	2.562748e-09	2.288055e-09	8.199561e-11	9.579955e-10	-8.036440e-11	1.007408e+02	
2  5265.16	2.260419e+00	1.204712e-01	1.041291e+00	1.222147e-01	2.632118e-09	2.297130e-09	1.647800e-10	3.155662e-11	-1.758329e-10	1.005060e+02	
15  5263.75	2.264154e+00	1.220505e-01	1.041152e+00	1.141409e-01	2.619086e-09	2.264399e-09	1.847917e-10	5.482178e-10	-2.043856e-10	1.003961e+02	
2  5259.99	2.280786e+00	1.200739e-01	1.041678e+00	1.121771e-01	2.586422e-09	2.253377e-09	1.341149e-10	1.277003e-10	-1.780643e-10	9.968049e+01	
19  5258.52	2.280786e+00	1.200739e-01	1.041678e+00	1.121771e-01	2.586422e-09	2.253377e-09	1.341149e-10	1.277003e-10	-1.780643e-10	1.002989e+02	
21  5259.16	2.281755e+00	1.216060e-01	1.040979e+00	1.064017e-01	2.635314e-09	2.228942e-09	1.361391e-10	2.710536e-10	-2.586536e-10	1.000576e+02	
44  5259.69	2.281755e+00	1.216060e-01	1.040979e+00	1.064017e-01	2.635314e-09	2.228942e-09	1.361391e-10	2.710536e-10	-2.586536e-10	9.982813e+01	
8  5258.19	2.275210e+00	1.197911e-01	1.041113e+00	1.218768e-01	2.678671e-09	2.290114e-09	8.707428e-11	1.032957e-10	-2.111095e-10	1.002976e+02	
88  5257.24	2.292219e+00	1.188362e-01	1.041707e+00	1.272939e-01	2.686261e-09	2.314891e-09	5.167551e-11	9.081888e-11	-2.269487e-10	1.000573e+02	
50  5257.39	2.292219e+00	1.188362e-01	1.041707e+00	1.272939e-01	2.686261e-09	2.314891e-09	5.167551e-11	9.081888e-11	-2.269487e-10	1.002008e+02	
20  5258.56	2.292219e+00	1.188362e-01	1.041707e+00	1.272939e-01	2.686261e-09	2.314891e-09	5.167551e-11	9.081888e-11	-2.269487e-10	9.969074e+01	
10  5257.57	2.292219e+00	1.188362e-01	1.041707e+00	1.272939e-01	2.686261e-09	2.314891e-09	5.167551e-11	9.081888e-11	-2.269487e-10	1.002655e+02	
100  5257.74	2.292219e+00	1.188362e-01	1.041707e+00	1.272939e-01	2.686261e-09	2.314891e-09	5.167551e-11	9.081888e-11	-2.269487e-10	1.003099e+02	
110  5257.26	2.292219e+00	1.188362e-01	1.041707e+00	1.272939e-01	2.686261e-09	2.314891e-09	5.167551e-11	9.081888e-11	-2.269487e-10	1.000205e+02	
191  5258.1	2.292219e+00	1.188362e-01	1.041707e+00	1.272939e-01	2.686261e-09	2.314891e-09	5.167551e-11	9.081888e-11	-2.269487e-10	9.976483e+01	
129  5258.98	2.260565e+00	1.192675e-01	1.042126e+00	1.252297e-01	2.658829e-09	2.304773e-09	5.241789e-11	9.612017e-11	-2.223944e-10	1.000460e+02	
30  5259.1	2.260565e+00	1.192675e-01	1.042126e+00	1.252297e-01	2.658829e-09	2.304773e-09	5.241789e-11	9.612017e-11	-2.223944e-10	9.991219e+01	
30  5259.5	2.260565e+00	1.192675e-01	1.042126e+00	1.252297e-01	2.658829e-09	2.304773e-09	5.241789e-11	9.612017e-11	-2.223944e-10	1.002725e+02	
50  5261.24	2.260565e+00	1.192675e-01	1.042126e+00	1.252297e-01	2.658829e-09	2.304773e-09	5.241789e-11	9.612017e-11	-2.223944e-10	9.953048e+01	
32  5259.23	2.260565e+00	1.192675e-01	1.042126e+00	1.252297e-01	2.658829e-09	2.304773e-09	5.241789e-11	9.612017e-11	-2.223944e-10	1.002003e+02	
128  5255.71	2.268861e+00	1.204013e-01	1.042430e+00	1.115014e-01	2.593836e-09	2.249087e-09	4.762905e-11	2.682149e-11	-2.005884e-10	9.991409e+01	
140  5256.54	2.268861e+00	1.204013e-01	1.042430e+00	1.115014e-01	2.593836e-09	2.249087e-09	4.762905e-11	2.682149e-11	-2.005884e-10	1.003894e+02	
80  5255.57	2.268861e+00	1.204013e-01	1.042430e+00	1.115014e-01	2.593836e-09	2.249087e-09	4.762905e-11	2.682149e-11	-2.005884e-10	1.001188e+02	
10  5255.53	2.268861e+00	1.204013e-01	1.042430e+00	1.115014e-01	2.593836e-09	2.249087e-09	4.762905e-11	2.682149e-11	-2.005884e-10	1.000529e+02	
70  5255.54	2.268861e+00	1.204013e-01	1.042430e+00	1.115014e-01	2.593836e-09	2.249087e-09	4.762905e-11	2.682149e-11	-2.005884e-10	1.000390e+02	
70  5255.94	2.268861e+00	1.204013e-01	1.042430e+00	1.115014e-01	2.593836e-09	2.249087e-09	4.762905e-11	2.682149e-11	-2.005884e-10	1.002679e+02	
40  5255.86	2.268861e+00	1.204013e-01	1.042430e+00	1.115014e-01	2.593836e-09	2.249087e-09	4.762905e-11	2.682149e-11	-2.005884e-10	1.002459e+02	
3  5255.81	2.268861e+00	1.204013e-01	1.042430e+00	1.115014e-01	2.593836e-09	2.249087e-09	4.762905e-11	2.682149e-11	-2.005884e-10	1.002288e+02	
167  5255.64	2.245269e+00	1.228841e-01	1.042165e+00	8.667444e-02	2.572550e-09	2.144717e-09	1.905329e-11	1.374697e-11	-2.197124e-10	9.986723e+01	
30  5256.4	2.245269e+00	1.228841e-01	1.042165e+00	8.667444e-02	2.572550e-09	2.144717e-09	1.905329e-11	1.374697e-11	-2.197124e-10	1.003210e+02	
10  5257.03	2.245269e+00	1.228841e-01	1.042165e+00	8.667444e-02	2.572550e-09	2.144717e-09	1.905329e-11	1.374697e-11	-2.197124e-10	9.958637e+01	
50  5256.32	2.245269e+00	1.228841e-01	1.042165e+00	8.667444e-02	2.572550e-09	2.144717e-09	1.905329e-11	1.374697e-11	-2.197124e-10	1.003065e+02	
50  5255.65	2.245269e+00	1.228841e-01	1.042165e+00	8.667444e-02	2.572550e-09	2.144717e-09	1.905329e-11	1.374697e-11	-2.197124e-10	9.986176e+01	
60  5257.64	2.245269e+00	1.228841e-01	1.042165e+00	8.667444e-02	2.572550e-09	2.144717e-09	1.905329e-11	1.374697e-11	-2.197124e-10	9.951077e+01	
40  5255.96	2.245269e+00	1.228841e-01	1.042165e+00	8.667444e-02	2.572550e-09	2.144717e-09	1.905329e-11	1.374697e-11	-2.197124e-10	1.002325e+02	
50  5255.68	2.245269e+00	1.228841e-01	1.042165e+00	8.667444e-02	2.572550e-09	2.144717e-09	1.905329e-11	1.374697e-11	-2.197124e-10	9.985150e+01	
40  5256.37	2.245269e+00	1.228841e-01	1.042165e+00	8.667444e-02	2.572550e-09	2.144717e-09	1.905329e-11	1.374697e-11	-2.197124e-10	1.003154e+02	
110  5255.55	2.245269e+00	1.228841e-01	1.042165e+00	8.667444e-02	2.572550e-09	2.144717e-09	1.905329e-11	1.374697e-11	-2.197124e-10	1.000892e+02	
90  5256.3	2.245269e+00	1.228841e-01	1.042165e+00	8.667444e-02	2.572550e-09	2.144717e-09	1.905329e-11	1.374697e-11	-2.197124e-10	1.003016e+02	
20  5257.88	2.245269e+00	1.228841e-01	1.042165e+00	8.667444e-02	2.572550e-09	2.144717e-09	1.905329e-11	1.374697e-11	-2.197124e-10	1.005168e+02	
10  5256.79	2.245269e+00	1.228841e-01	1.042165e+00	8.667444e-02	2.572550e-09	2.144717e-09	1.905329e-11	1.374697e-11	-2.197124e-10	9.961964e+01	
10  5256.83	2.245269e+00	1.228841e-01	1.042165e+00	8.667444e-02	2.572550e-09	2.144717e-09	1.905329e-11	1.374697e-11	-2.197124e-10	1.003881e+02	
10  5256.61	2.245269e+00	1.228841e-01	1.042165e+00	8.667444e-02	2.572550e-09	2.144717e-09	1.905329e-11	1.374697e-11	-2.197124e-10	1.003543e+02	
120  5255.73	2.245269e+00	1.228841e-01	1.042165e+00	8.667444e-02	2.572550e-09	2.144717e-09	1.905329e-11	1.374697e-11	-2.197124e-10	1.001686e+02	
240  5256.58	2.245269e+00	1.228841e-01	1.042165e+00	8.667444e-02	2.572550e-09	2.144717e-09	1.905329e-11	1.374697e-11	-2.197124e-10	1.003495e+02	
120  5255.53	2.245269e+00	1.228841e-01	1.042165e+00	8.667444e-02	2.572550e-09	2.144717e-09	1.905329e-11	1.374697e-11	-2.197124e-10	9.992211e+01	
80  5256.13	2.245269e+00	1.228841e-01	1.042165e+00	8.667444e-02	2.572550e-09	2.144717e-09	1.905329e-11	1.374697e-11	-2.197124e-10	1.002685e+02	
10  5255.98	2.245269e+00	1.228841e-01	1.042165e+00	8.667444e-02	2.572550e-09	2.144717e-09	1.905329e-11	1.374697e-11	-2.197124e-10	9.976358e+01	
10  5256.34	2.245269e+00	1.228841e-01	1.042165e+00	8.667444e-02	2.572550e-09	2.144717e-09	1.905329e-11	1.374697e-11	-2.197124e-10	9.969082e+01	
130  5255.81	2.245269e+00	1.228841e-01	1.042165e+00	8.667444e-02	2.572550e-09	2.144717e-09	1.905329e-11	1.374697e-11	-2.197124e-10	9.980805e+01	
60  5255.78	2.245269e+00	1.228841e-01	1.042165e+00	8.667444e-02	2.572550e-09	2.144717e-09	1.905329e-11	1.374697e-11	-2.197124e-10	1.001827e+02	
30  5255.54	2.245269e+00	1.228841e-01	1.042165e+00	8.667444e-02	2.572550e-09	2.144717e-09	1.905329e-11	1.374697e-11	-2.197124e-10	1.000817e+02	
10  5257.7	2.245269e+00	1.228841e-01	1.042165e+00	8.667444e-02	2.572550e-09	2.144717e-09	1.905329e-11	1.374697e-11	-2.197124e-10	9.950380e+01	
70  5259.01	2.245269e+00	1.228841e-01	1.042165e+00	8.667444e-02	2.572550e-09	2.144717e-09	1.905329e-11	1.374697e-11	-2.197124e-10	1.006267e+02	
50  5256.56	2.245269e+00	1.228841e-01	1.042165e+00	8.667444e-02	2.572550e-09	2.144717e-09	1.905329e-11	1.374697e-11	-2.197124e-10	9.965374e+01	
50  5255.96	2.245269e+00	1.228841e-01	1.042165e+00	8.667444e-02	2.572550e-09	2.144717e-09	1.905329e-11	1.374697e-11	-2.197124e-10	9.976818e+01	
30  5255.89	2.245269e+00	1.228841e-01	1.042165e+00	8.667444e-02	2.572550e-09	2.144717e-09	1.905329e-11	1.374697e-11	-2.197124e-10	9.978597e+01	
70  5255.61	2.245269e+00	1.228841e-01	1.042165e+00	8.667444e-02	2.572550e-09	2.144717e-09	1.905329e-11	1.374697e-11	-2.197124e-10	9.987973e+01	
38  5256.56	2.245269e+00	1.228841e-01	1.042165e+00	8.667444e-02	2.572550e-09	2.144717e-09	1.905329e-11	1.374697e-11	-2.197124e-10	9.965364e+01	
76  5256.71	2.262135e+00	1.224488e-01	1.041287e+00	9.278085e-02	2.643156e-09	2.167630e-09	5.041783e-11	4.237502e-11	-2.024251e-10	9.989086e+01	
26  5256.64	2.244894e+00	1.217733e-01	1.041866e+00	1.042168e-01	2.636782e-09	2.214570e-09	6.528334e-11	8.327887e-11	-2.048988e-10	1.003499e+02	
40  5256.64	2.244894e+00	1.217733e-01	1.041866e+00	1.042168e-01	2.636782e-09	2.214570e-09	6.528334e-11	8.327887e-11	-2.048988e-10	9.981269e+01	
20  5263.03	2.244894e+00	1.217733e-01	1.041866e+00	1.042168e-01	2.636782e-09	2.214570e-09	6.528334e-11	8.327887e-11	-2.048988e-10	1.009660e+02	
16  5257.8	2.244894e+00	1.217733e-01	1.041866e+00	1.042168e-01	2.636782e-09	2.214570e-09	6.528334e-11	8.327887e-11	-2.048988e-10	9.963407e+01	
134  5258.28	2.242802e+00	1.232653e-01	1.041805e+00	9.978818e-02	2.604952e-09	2.197842e-09	7.860826e-11	7.265671e-11	-2.073443e-10	9.982410e+01	
15  5259.05	2.242802e+00	1.232653e-01	1.041805e+00	9.978818e-02	2.604952e-09	2.197842e-09	7.860826e-11	7.265671e-11	-2.073443e-10	1.005115e+02	
135  5257.03	2.238996e+00	1.234835e-01	1.042107e+00	9.035077e-02	2.561273e-09	2.159620e-09	4.710214e-11	5.966088e-11	-1.561348e-10	1.003926e+02	
30  5256.18	2.238996e+00	1.234835e-01	1.042107e+00	9.035077e-02	2.561273e-09	2.159620e-09	4.710214e-11	5.966088e-11	-1.561348e-10	1.001605e+02	
90  5256.13	2.238996e+00	1.234835e-01	1.042107e+00	9.035077e-02	2.561273e-09	2.159620e-09	4.710214e-11	5.966088e-11	-1.561348e-10	1.001107e+02	
40  5257.46	2.238996e+00	1.234835e-01	1.042107e+00	9.035077e-02	2.561273e-09	2.159620e-09	4.710214e-11	5.966088e-11	-1.561348e-10	9.968821e+01	
40  5258.41	2.238996e+00	1.234835e-01	1.042107e+00	9.035077e-02	2.561273e-09	2.159620e-09	4.710214e-11	5.966088e-11	-1.561348e-10	1.005788e+02	
30  5258.53	2.238996e+00	1.234835e-01	1.042107e+00	9.035077e-02	2.561273e-09	2.159620e-09	4.710214e-11	5.966088e-11	-1.561348e-10	1.005911e+02	
26  5256.14	2.238996e+00	1.234835e-01	1.042107e+00	9.035077e-02	2.561273e-09	2.159620e-09	4.710214e-11	5.966088e-11	-1.561348e-10	1.001241e+02	
84  5256.98	2.251679e+00	1.239958e-01	1.042715e+00	7.915171e-02	2.513796e-09	2.117847e-09	3.320750e-11	2.515552e-11	-1.225360e-10	9.987878e+01	
273  5256.73	2.251679e+00	1.239958e-01	1.042715e+00	7.915171e-02	2.513796e-09	2.117847e-09	3.320750e-11	2.515552e-11	-1.225360e-10	1.000025e+02	
31  5257.83	2.255875e+00	1.244573e-01	1.042171e+00	7.203184e-02	2.487123e-09	2.084224e-09	5.179871e-11	1.289643e-10	-1.165515e-10	9.972298e+01	
6  5256.75	2.248111e+00	1.245323e-01	1.042017e+00	7.524308e-02	2.481022e-09	2.099311e-09	4.487421e-11	8.528041e-10	-5.480668e-11	1.001922e+02	
4  5256.61	2.248111e+00	1.245323e-01	1.042017e+00	7.524308e-02	2.481022e-09	2.099311e-09	4.487421e-11	8.528041e-10	-5.480668e-11	1.000601e+02	
4  5256.58	2.267389e+00	1.196204e-01	1.042289e+00	9.987913e-02	2.481841e-09	2.195811e-09	2.444149e-11	3.110799e-10	-3.804624e-11	9.957886e+01	
32  5258.78	2.255327e+00	1.207179e-01	1.042687e+00	9.273378e-02	2.391597e-09	2.166613e-09	3.246636e-11	1.179916e-09	6.937129e-12	9.971912e+01	
26  5257.76	2.255327e+00	1.207179e-01	1.042687e+00	9.273378e-02	2.391597e-09	2.166613e-09	3.246636e-11	1.179916e-09	6.937129e-12	1.001952e+02	
4  5255.59	2.247222e+00	1.215451e-01	1.041711e+00	8.764694e-02	2.480440e-09	2.145524e-09	8.654344e-11	4.908727e-10	-1.166632e-10	9.982815e+01	
138  5255.62	2.247222e+00	1.215451e-01	1.041711e+00	8.764694e-02	2.480440e-09	2.145524e-09	8.654344e-11	4.908727e-10	-1.166632e-10	9.981781e+01	
3  5255.55	2.264141e+00	1.216138e-01	1.041819e+00	9.320636e-02	2.539889e-09	2.168241e-09	1.240587e-10	1.967378e-11	-1.498558e-10	1.000515e+02	
10  5256.14	2.264996e+00	1.215130e-01	1.042726e+00	8.545970e-02	2.485650e-09	2.138507e-09	5.719485e-11	1.737914e-10	-5.807838e-11	1.000974e+02	
26  5256.51	2.268249e+00	1.212830e-01	1.042115e+00	8.914939e-02	2.522357e-09	2.148784e-09	2.951660e-11	7.398608e-10	-7.285475e-11	9.996885e+01	
23  5257.78	2.242822e+00	1.202129e-01	1.043268e+00	9.326504e-02	2.449364e-09	2.165537e-09	1.794524e-11	1.855730e-09	-3.165437e-12	1.002697e+02	
13  5257.48	2.242822e+00	1.202129e-01	1.043268e+00	9.326504e-02	2.449364e-09	2.165537e-09	1.794524e-11	1.855730e-09	-3.165437e-12	1.001871e+02	
7  5255.16	2.250450e+00	1.198148e-01	1.043273e+00	9.007458e-02	2.417811e-09	2.153288e-09	6.087353e-12	9.403560e-10	8.787722e-12	9.991116e+01	
60  5255.08	2.250450e+00	1.198148e-01	1.043273e+00	9.007458e-02	2.417811e-09	2.153288e-09	6.087353e-12	9.403560e-10	8.787722e-12	1.001338e+02	
30  5256.76	2.250450e+00	1.198148e-01	1.043273e+00	9.007458e-02	2.417811e-09	2.153288e-09	6.087353e-12	9.403560e-10	8.787722e-12	9.960144e+01	
1  5256.01	2.250450e+00	1.198148e-01	1.043273e+00	9.007458e-02	2.417811e-09	2.153288e-09	6.087353e-12	9.403560e-10	8.787722e-12	1.003767e+02	
63  5256.26	2.272583e+00	1.202831e-01	1.042095e+00	8.787452e-02	2.452981e-09	2.144334e-09	7.221936e-12	4.983989e-12	2.117411e-12	1.002241e+02	
31  5255.59	2.280486e+00	1.190427e-01	1.041123e+00	9.639792e-02	2.502873e-09	2.170183e-09	2.247803e-11	1.194543e-09	-4.452514e-11	9.978105e+01	
45  5254.68	2.267157e+00	1.198015e-01	1.041355e+00	9.225337e-02	2.485720e-09	2.156271e-09	5.582687e-11	9.719749e-10	-5.486637e-11	9.995000e+01	
10  5254.96	2.267157e+00	1.198015e-01	1.041355e+00	9.225337e-02	2.485720e-09	2.156271e-09	5.582687e-11	9.719749e-10	-5.486637e-11	1.002073e+02	
50  5254.7	2.267157e+00	1.198015e-01	1.041355e+00	9.225337e-02	2.485720e-09	2.156271e-09	5.582687e-11	9.719749e-10	-5.486637e-11	1.001061e+02	
43  5255.14	2.267157e+00	1.198015e-01	1.041355e+00	9.225337e-02	2.485720e-09	2.156271e-09	5.582687e-11	9.719749e-10	-5.486637e-11	1.002550e+02	
27  5255.82	2.241697e+00	1.224208e-01	1.041026e+00	7.156518e-02	2.409428e-09	2.071206e-09	7.804471e-11	4.969319e-10	-8.591464e-11	1.000025e+02	
12  5255.87	2.241697e+00	1.224208e-01	1.041026e+00	7.156518e-02	2.409428e-09	2.071206e-09	7.804471e-11	4.969319e-10	-8.591464e-11	9.987346e+01	
73  5257.1	2.265054e+00	1.245046e-01	1.040897e+00	7.120151e-02	2.518185e-09	2.079405e-09	6.870200e-11	2.064988e-10	-1.260007e-10	1.003937e+02	
25  5257.53	2.263857e+00	1.226811e-01	1.041131e+00	6.779975e-02	2.506747e-09	2.063917e-09	5.168366e-11	5.019216e-11	-1.595103e-10	9.949969e+01	
130  5255.15	2.263857e+00	1.226811e-01	1.041131e+00	6.779975e-02	2.506747e-09	2.063917e-09	5.168366e-11	5.019216e-11	-1.595103e-10	1.000559e+02	
90  5255.14	2.263857e+00	1.226811e-01	1.041131e+00	6.779975e-02	2.506747e-09	2.063917e-09	5.168366e-11	5.019216e-11	-1.595103e-10	9.998736e+01	
90  5255.14	2.263857e+00	1.226811e-01	1.041131e+00	6.779975e-02	2.506747e-09	2.063917e-09	5.168366e-11	5.019216e-11	-1.595103e-10	1.000475e+02	
180  5255.48	2.263857e+00	1.226811e-01	1.041131e+00	6.779975e-02	2.506747e-09	2.063917e-09	5.168366e-11	5.019216e-11	-1.595103e-10	1.002111e+02	
10  5255.33	2.263857e+00	1.226811e-01	1.041131e+00	6.779975e-02	2.506747e-09	2.063917e-09	5.168366e-11	5.019216e-11	-1.595103e-10	1.001628e+02	
40  5255.14	2.263857e+00	1.226811e-01	1.041131e+00	6.779975e-02	2.506747e-09	2.063917e-09	5.168366e-11	5.019216e-11	-1.595103e-10	9.999320e+01	
40  5255.4	2.263857e+00	1.226811e-01	1.041131e+00	6.779975e-02	2.506747e-09	2.063917e-09	5.168366e-11	5.019216e-11	-1.595103e-10	9.984080e+01	
21  5255.79	2.263857e+00	1.226811e-01	1.041131e+00	6.779975e-02	2.506747e-09	2.063917e-09	5.168366e-11	5.019216e-11	-1.595103e-10	1.002852e+02	
19  5257.56	2.264219e+00	1.202430e-01	1.040983e+00	7.361837e-02	2.471029e-09	2.084761e-09	6.391497e-11	1.657689e-10	-1.676166e-10	9.961939e+01	
24  5257.08	2.264219e+00	1.202430e-01	1.040983e+00	7.361837e-02	2.471029e-09	2.084761e-09	6.391497e-11	1.657689e-10	-1.676166e-10	1.000394e+02	
34  5259.68	2.285943e+00	1.181367e-01	1.041011e+00	8.743196e-02	2.495819e-09	2.137682e-09	1.006244e-10	3.835928e-10	-1.853582e-10	9.983532e+01	
59  5259.71	2.276934e+00	1.180867e-01	1.041015e+00	9.286002e-02	2.525870e-09	2.157956e-09	1.425384e-10	4.189812e-10	-1.903541e-10	1.002461e+02	
16  5259.98	2.263821e+00	1.186426e-01	1.041672e+00	9.145123e-02	2.505528e-09	2.158893e-09	1.109220e-10	2.666516e-11	-1.574369e-10	1.006617e+02	
3  5258.84	2.265237e+00	1.181244e-01	1.041346e+00	8.243275e-02	2.420682e-09	2.113818e-09	9.773960e-11	6.491841e-10	-1.356341e-10	9.987734e+01	
4  5258.02	2.266896e+00	1.189645e-01	1.040765e+00	7.294087e-02	2.405650e-09	2.072546e-09	1.500559e-10	1.213703e-10	-1.670723e-10	9.955865e+01	
10  5259.35	2.266896e+00	1.189645e-01	1.040765e+00	7.294087e-02	2.405650e-09	2.072546e-09	1.500559e-10	1.213703e-10	-1.670723e-10	1.003906e+02	
69  5258.01	2.266896e+00	1.189645e-01	1.040765e+00	7.294087e-02	2.405650e-09	2.072546e-09	1.500559e-10	1.213703e-10	-1.670723e-10	1.002119e+02	
41  5258.89	2.281946e+00	1.173285e-01	1.041389e+00	7.246001e-02	2.379234e-09	2.069850e-09	8.561651e-11	1.873726e-10	-1.387969e-10	9.964947e+01	
15  5258.88	2.281946e+00	1.173285e-01	1.041389e+00	7.246001e-02	2.379234e-09	2.069850e-09	8.561651e-11	1.873726e-10	-1.387969e-10	9.987123e+01	
5  5257.45	2.261077e+00	1.193774e-01	1.041414e+00	5.486724e-02	2.319822e-09	1.999472e-09	6.883355e-11	3.449972e-11	-1.243919e-10	9.982014e+01	
30  5257.5	2.261077e+00	1.193774e-01	1.041414e+00	5.486724e-02	2.319822e-09	1.999472e-09	6.883355e-11	3.449972e-11	-1.243919e-10	9.969572e+01	
20  5257.5	2.261077e+00	1.193774e-01	1.041414e+00	5.486724e-02	2.319822e-09	1.999472e-09	6.883355e-11	3.449972e-11	-1.243919e-10	9.985918e+01	
30  5258.46	2.261077e+00	1.193774e-01	1.041414e+00	5.486724e-02	2.319822e-09	1.999472e-09	6.883355e-11	3.449972e-11	-1.243919e-10	9.944278e+01	
30  5258.34	2.261077e+00	1.193774e-01	1.041414e+00	5.486724e-02	2.319822e-09	1.999472e-09	6.883355e-11	3.449972e-11	-1.243919e-10	9.946327e+01	
70  5257.55	2.261077e+00	1.193774e-01	1.041414e+00	5.486724e-02	2.319822e-09	1.999472e-09	6.883355e-11	3.449972e-11	-1.243919e-10	9.966659e+01	
30  5257.44	2.261077e+00	1.193774e-01	1.041414e+00	5.486724e-02	2.319822e-09	1.999472e-09	6.883355e-11	3.449972e-11	-1.243919e-10	9.979150e+01	
45  5257.58	2.261077e+00	1.193774e-01	1.041414e+00	5.486724e-02	2.319822e-09	1.999472e-09	6.883355e-11	3.449972e-11	-1.243919e-10	9.965185e+01	
25  5257.06	2.269639e+00	1.184156e-01	1.041892e+00	6.323673e-02	2.375884e-09	2.033891e-09	4.506504e-11	6.477477e-12	-1.178943e-10	9.987713e+01	
70  5257.38	2.269639e+00	1.184156e-01	1.041892e+00	6.323673e-02	2.375884e-09	2.033891e-09	4.506504e-11	6.477477e-12	-1.178943e-10	9.963517e+01	
10  5257.05	2.269639e+00	1.184156e-01	1.041892e+00	6.323673e-02	2.375884e-09	2.033891e-09	4.506504e-11	6.477477e-12	-1.178943e-10	9.980001e+01	
20  5257.09	2.269639e+00	1.184156e-01	1.041892e+00	6.323673e-02	2.375884e-09	2.033891e-09	4.506504e-11	6.477477e-12	-1.178943e-10	9.975670e+01	
120  5257.84	2.269639e+00	1.184156e-01	1.041892e+00	6.323673e-02	2.375884e-09	2.033891e-09	4.506504e-11	6.477477e-12	-1.178943e-10	9.953145e+01	
180  5257.54	2.269639e+00	1.184156e-01	1.041892e+00	6.323673e-02	2.375884e-09	2.033891e-09	4.506504e-11	6.477477e-12	-1.178943e-10	9.959367e+01	
27  5257.18	2.269639e+00	1.184156e-01	1.041892e+00	6.323673e-02	2.375884e-09	2.033891e-09	4.506504e-11	6.477477e-12	-1.178943e-10	9.970604e+01	
43  5258.84	2.258306e+00	1.193033e-01	1.042040e+00	6.804408e-02	2.368224e-09	2.058494e-09	7.990477e-11	1.855001e-10	-9.836066e-11	1.004238e+02	
4  5257.61	2.258306e+00	1.193033e-01	1.042040e+00	6.804408e-02	2.368224e-09	2.058494e-09	7.990477e-11	1.855001e-10	-9.836066e-11	9.934473e+01	
3  5257.75	2.223771e+00	1.187152e-01	1.042646e+00	6.154130e-02	2.275800e-09	2.027190e-09	2.161676e-11	6.875392e-10	6.877857e-12	9.944693e+01	
7  5257.46	2.208707e+00	1.229529e-01	1.041901e+00	5.087306e-02	2.319562e-09	1.989439e-09	2.772104e-11	9.815184e-10	9.266073e-12	1.004166e+02	
30  5258.29	2.209236e+00	1.191295e-01	1.043093e+00	6.080963e-02	2.219313e-09	2.021958e-09	2.164489e-11	1.364363e-09	3.424850e-11	9.965458e+01	
26  5256.26	2.207542e+00	1.185574e-01	1.043710e+00	6.864408e-02	2.212750e-09	2.058212e-09	9.000468e-12	1.963491e-09	3.381217e-11	9.981291e+01	
80  5256.13	2.207542e+00	1.185574e-01	1.043710e+00	6.864408e-02	2.212750e-09	2.058212e-09	9.000468e-12	1.963491e-09	3.381217e-11	9.992840e+01	
6  5256.34	2.207542e+00	1.185574e-01	1.043710e+00	6.864408e-02	2.212750e-09	2.058212e-09	9.000468e-12	1.963491e-09	3.381217e-11	1.000874e+02	
6  5257.52	2.237712e+00	1.200777e-01	1.042229e+00	7.053015e-02	2.334984e-09	2.066242e-09	5.622969e-11	1.739606e-09	-2.807798e-11	1.002778e+02	
53  5257.48	2.217810e+00	1.197591e-01	1.043609e+00	6.426683e-02	2.216545e-09	2.042030e-09	7.758012e-12	2.690862e-09	3.221480e-11	1.001275e+02	
5  5257.96	2.232349e+00	1.212483e-01	1.042858e+00	6.087410e-02	2.269856e-09	2.028216e-09	1.034874e-11	2.086737e-09	1.604615e-12	1.002408e+02	
2  5256.9	2.232349e+00	1.212483e-01	1.042858e+00	6.087410e-02	2.269856e-09	2.028216e-09	1.034874e-11	2.086737e-09	1.604615e-12	1.000171e+02	
24  5258.09	2.225518e+00	1.176200e-01	1.042686e+00	6.891663e-02	2.280712e-09	2.063416e-09	4.468275e-12	1.673601e-10	-2.115929e-12	9.942671e+01	
2  5256	2.225375e+00	1.176589e-01	1.042852e+00	8.225532e-02	2.274787e-09	2.115313e-09	3.266244e-11	8.028380e-10	2.252492e-11	1.001317e+02	
64  5254.68	2.234847e+00	1.186001e-01	1.042318e+00	7.492546e-02	2.279731e-09	2.085721e-09	1.267558e-11	3.963933e-10	1.622429e-11	9.993459e+01	
1  5257.23	2.258016e+00	1.196919e-01	1.041578e+00	8.478882e-02	2.387811e-09	2.127716e-09	3.640057e-11	3.725186e-10	-2.610857e-11	1.004923e+02	
19  5257.59	2.263040e+00	1.213167e-01	1.042311e+00	6.556962e-02	2.325705e-09	2.050533e-09	3.604306e-11	4.570609e-10	-2.873653e-11	1.000861e+02	
1  5255.08	2.257287e+00	1.187232e-01	1.041876e+00	8.405255e-02	2.361169e-09	2.121529e-09	4.876680e-11	7.188280e-10	-3.275817e-11	1.001031e+02	
33  5257.34	2.248494e+00	1.204624e-01	1.041373e+00	7.616013e-02	2.385829e-09	2.094776e-09	3.144796e-11	9.260785e-10	-1.772399e-11	1.004104e+02	
1  5254.39	2.241972e+00	1.187518e-01	1.041469e+00	7.586995e-02	2.384819e-09	2.090574e-09	7.714938e-13	8.058161e-11	-2.099047e-11	9.992693e+01	
73  5254.69	2.258702e+00	1.194809e-01	1.041248e+00	7.312930e-02	2.382900e-09	2.078472e-09	2.590894e-11	3.645403e-10	-3.738339e-11	9.980588e+01	
3  5254.69	2.258702e+00	1.194809e-01	1.041248e+00	7.312930e-02	2.382900e-09	2.078472e-09	2.590894e-11	3.645403e-10	-3.738339e-11	9.980795e+01	
27  5253.61	2.254290e+00	1.210794e-01	1.041313e+00	6.852782e-02	2.411846e-09	2.063358e-09	4.109228e-11	1.944633e-10	-7.368644e-11	1.000593e+02	
50  5254.02	2.254290e+00	1.210794e-01	1.041313e+00	6.852782e-02	2.411846e-09	2.063358e-09	4.109228e-11	1.944633e-10	-7.368644e-11	9.970050e+01	
14  5254.18	2.254290e+00	1.210794e-01	1.041313e+00	6.852782e-02	2.411846e-09	2.063358e-09	4.109228e-11	1.944633e-10	-7.368644e-11	9.966774e+01	
39  5255.98	2.242169e+00	1.205686e-01	1.041054e+00	7.606539e-02	2.361330e-09	2.089869e-09	3.856493e-11	1.553046e-09	-3.206989e-11	9.984147e+01	
23  5256.49	2.239635e+00	1.170079e-01	1.041151e+00	9.736004e-02	2.421210e-09	2.172783e-09	3.791258e-11	5.451544e-10	-5.121279e-11	9.979728e+01	
18  5253.31	2.228651e+00	1.187779e-01	1.041844e+00	8.514223e-02	2.420584e-09	2.129096e-09	5.506357e-11	4.506500e-12	-5.510269e-11	1.000896e+02	
11  5256.5	2.216741e+00	1.177821e-01	1.042527e+00	8.909741e-02	2.378111e-09	2.143030e-09	3.156737e-12	2.187371e-09	-1.789414e-12	1.000590e+02	
21  5257.11	2.204031e+00	1.198129e-01	1.042532e+00	7.229731e-02	2.342493e-09	2.077007e-09	1.019662e-11	1.699345e-09	-5.220612e-12	1.000148e+02	
10  5258.77	2.201744e+00	1.183673e-01	1.043244e+00	8.311183e-02	2.325942e-09	2.120564e-09	6.645687e-12	1.972835e-09	3.813826e-12	1.001174e+02	
3  5259.93	2.224854e+00	1.202808e-01	1.042245e+00	8.240716e-02	2.421850e-09	2.125599e-09	7.363579e-11	5.243865e-10	-7.766228e-11	1.003925e+02	
56  5259.09	2.238484e+00	1.202126e-01	1.042171e+00	8.679762e-02	2.477810e-09	2.142241e-09	7.079535e-11	3.873447e-10	-1.137149e-10	1.003922e+02	
2  5260.06	2.261106e+00	1.183310e-01	1.042636e+00	9.258957e-02	2.470471e-09	2.164156e-09	5.079765e-11	8.167858e-10	-6.043843e-11	1.002026e+02	
2  5259.96	2.231627e+00	1.184596e-01	1.042702e+00	9.444311e-02	2.392536e-09	2.170250e-09	2.198144e-11	1.922946e-09	1.172053e-11	1.005855e+02	
1  5256.94	2.234283e+00	1.165900e-01	1.042532e+00	9.987380e-02	2.374460e-09	2.180022e-09	1.568798e-11	1.860518e-09	2.348852e-11	1.001936e+02	
30  5256.73	2.234283e+00	1.165900e-01	1.042532e+00	9.987380e-02	2.374460e-09	2.180022e-09	1.568798e-11	1.860518e-09	2.348852e-11	1.000631e+02	
13  5256.95	2.234283e+00	1.165900e-01	1.042532e+00	9.987380e-02	2.374460e-09	2.180022e-09	1.568798e-11	1.860518e-09	2.348852e-11	9.988180e+01	
97  5255.43	2.230196e+00	1.171328e-01	1.043020e+00	8.849172e-02	2.305955e-09	2.142695e-09	1.062346e-11	1.181585e-10	3.982454e-11	9.972202e+01	
10  5255.27	2.230196e+00	1.171328e-01	1.043020e+00	8.849172e-02	2.305955e-09	2.142695e-09	1.062346e-11	1.181585e-10	3.982454e-11	9.976940e+01	
60  5255.16	2.230196e+00	1.171328e-01	1.043020e+00	8.849172e-02	2.305955e-09	2.142695e-09	1.062346e-11	1.181585e-10	3.982454e-11	1.000487e+02	
20  5256.13	2.230196e+00	1.171328e-01	1.043020e+00	8.849172e-02	2.305955e-09	2.142695e-09	1.062346e-11	1.181585e-10	3.982454e-11	9.958266e+01	
30  5256.42	2.230196e+00	1.171328e-01	1.043020e+00	8.849172e-02	2.305955e-09	2.142695e-09	1.062346e-11	1.181585e-10	3.982454e-11	9.953986e+01	
10  5255.06	2.230196e+00	1.171328e-01	1.043020e+00	8.849172e-02	2.305955e-09	2.142695e-09	1.062346e-11	1.181585e-10	3.982454e-11	9.998129e+01	
91  5255.04	2.230196e+00	1.171328e-01	1.043020e+00	8.849172e-02	2.305955e-09	2.142695e-09	1.062346e-11	1.181585e-10	3.982454e-11	9.989930e+01	
7  5257.64	2.226423e+00	1.167039e-01	1.042917e+00	1.042531e-01	2.349085e-09	2.204451e-09	2.735173e-11	1.610460e-09	2.687821e-11	1.003755e+02	
32  5254.22	2.250343e+00	1.178537e-01	1.042722e+00	8.893047e-02	2.355609e-09	2.144470e-09	2.938213e-11	7.847706e-10	7.729448e-12	9.988582e+01	
5  5254.79	2.250343e+00	1.178537e-01	1.042722e+00	8.893047e-02	2.355609e-09	2.144470e-09	2.938213e-11	7.847706e-10	7.729448e-12	9.969094e+01	
28  5256	2.249503e+00	1.191974e-01	1.042271e+00	9.677302e-02	2.439810e-09	2.174705e-09	4.129637e-11	1.059115e-09	-1.926490e-11	1.004290e+02	
7  5255.18	2.257567e+00	1.175344e-01	1.042319e+00	1.008011e-01	2.412081e-09	2.189801e-09	2.109413e-11	9.427393e-10	1.091467e-11	1.001081e+02	
45  5255.89	2.257567e+00	1.175344e-01	1.042319e+00	1.008011e-01	2.412081e-09	2.189801e-09	2.109413e-11	9.427393e-10	1.091467e-11	9.975182e+01	
7  5255.24	2.237415e+00	1.198553e-01	1.042467e+00	9.589630e-02	2.452212e-09	2.178205e-09	6.938098e-12	2.037921e-10	-2.277655e-12	1.004919e+02	
16  5255.15	2.235824e+00	1.186537e-01	1.042582e+00	9.708244e-02	2.431688e-09	2.180853e-09	5.655781e-12	7.768216e-10	-1.370670e-11	1.000302e+02	
26  5254.46	2.236465e+00	1.201338e-01	1.042055e+00	8.481441e-02	2.403748e-09	2.129559e-09	1.447267e-11	1.588103e-09	-1.260739e-11	9.977278e+01	
26  5254.57	2.238112e+00	1.211652e-01	1.041424e+00	8.135865e-02	2.438011e-09	2.110812e-09	2.568427e-11	2.030315e-09	-1.988961e-11	9.987626e+01	
5  5254.65	2.238112e+00	1.211652e-01	1.041424e+00	8.135865e-02	2.438011e-09	2.110812e-09	2.568427e-11	2.030315e-09	-1.988961e-11	1.002235e+02	
28  5255.49	2.215656e+00	1.212043e-01	1.042284e+00	6.502040e-02	2.300454e-09	2.050939e-09	6.191427e-12	9.442197e-10	1.914255e-11	9.975144e+01	
5  5256.48	2.193941e+00	1.212553e-01	1.042509e+00	6.026468e-02	2.253775e-09	2.031728e-09	1.223133e-11	1.174066e-09	2.467850e-11	9.965477e+01	
67  5257.64	2.189703e+00	1.228788e-01	1.042449e+00	5.580225e-02	2.293740e-09	2.017772e-09	1.375035e-11	1.165576e-09	-4.690974e-12	9.993330e+01	
48  5256.65	2.213439e+00	1.226800e-01	1.041789e+00	5.788144e-02	2.330203e-09	2.020472e-09	1.088831e-10	6.544759e-10	-5.593393e-11	9.971758e+01	
20  5256.16	2.205665e+00	1.234262e-01	1.041149e+00	5.513310e-02	2.339608e-09	2.011112e-09	1.040309e-10	4.844552e-10	-5.863460e-11	9.979988e+01	
94  5256.04	2.190139e+00	1.221204e-01	1.041370e+00	6.656770e-02	2.352353e-09	2.058841e-09	5.589145e-11	4.141672e-11	-3.285829e-11	1.001373e+02	
23  5256.25	2.211756e+00	1.220496e-01	1.041695e+00	7.080869e-02	2.371880e-09	2.078488e-09	2.214638e-11	6.705546e-10	-2.876907e-11	1.001496e+02	
20  5256.54	2.211756e+00	1.220496e-01	1.041695e+00	7.080869e-02	2.371880e-09	2.078488e-09	2.214638e-11	6.705546e-10	-2.876907e-11	1.002244e+02	
50  5256.75	2.211756e+00	1.220496e-01	1.041695e+00	7.080869e-02	2.371880e-09	2.078488e-09	2.214638e-11	6.705546e-10	-2.876907e-11	1.002682e+02	
1  5256.55	2.211756e+00	1.220496e-01	1.041695e+00	7.080869e-02	2.371880e-09	2.078488e-09	2.214638e-11	6.705546e-10	-2.876907e-11	1.002275e+02	
19  5254.83	2.223081e+00	1.201350e-01	1.042222e+00	7.953547e-02	2.337570e-09	2.102023e-09	1.640976e-11	2.178518e-09	-5.526822e-12	9.990383e+01	
10  5255.72	2.223081e+00	1.201350e-01	1.042222e+00	7.953547e-02	2.337570e-09	2.102023e-09	1.640976e-11	2.178518e-09	-5.526822e-12	9.961828e+01	
45  5254.83	2.223081e+00	1.201350e-01	1.042222e+00	7.953547e-02	2.337570e-09	2.102023e-09	1.640976e-11	2.178518e-09	-5.526822e-12	9.989812e+01	
2  5255.28	2.234061e+00	1.181856e-01	1.041721e+00	9.502281e-02	2.395087e-09	2.167467e-09	4.456759e-11	1.115699e-09	-1.178459e-11	1.000544e+02	
3  5256.99	2.239534e+00	1.196899e-01	1.041273e+00	9.587116e-02	2.483649e-09	2.167866e-09	7.139266e-11	1.273416e-09	-7.072004e-11	1.003785e+02	
28  5255.59	2.239534e+00	1.196899e-01	1.041273e+00	9.587116e-02	2.483649e-09	2.167866e-09	7.139266e-11	1.273416e-09	-7.072004e-11	1.000130e+02	
16  5256.66	2.257465e+00	1.192043e-01	1.041696e+00	9.549283e-02	2.456794e-09	2.163716e-09	6.274015e-11	1.403355e-09	-5.859871e-11	9.975503e+01	
26  5256.97	2.263982e+00	1.214582e-01	1.041650e+00	8.732973e-02	2.424826e-09	2.135486e-09	8.719710e-11	2.165378e-09	-3.736070e-11	1.000781e+02	
20  5258.08	2.263982e+00	1.214582e-01	1.041650e+00	8.732973e-02	2.424826e-09	2.135486e-09	8.719710e-11	2.165378e-09	-3.736070e-11	1.003882e+02	
3  5257.38	2.263982e+00	1.214582e-01	1.041650e+00	8.732973e-02	2.424826e-09	2.135486e-09	8.719710e-11	2.165378e-09	-3.736070e-11	9.981728e+01	
12  5257.03	2.257240e+00	1.187263e-01	1.042156e+00	9.764230e-02	2.413536e-09	2.177232e-09	8.568294e-11	1.432220e-09	-1.991353e-11	9.966692e+01	
93  5258.54	2.251703e+00	1.199371e-01	1.042371e+00	9.407174e-02	2.360040e-09	2.166315e-09	7.564655e-11	1.731055e-09	-2.950754e-12	9.985661e+01	
57  5259.71	2.253267e+00	1.184968e-01	1.042905e+00	1.045840e-01	2.364644e-09	2.212692e-09	6.892924e-11	1.488745e-09	1.872976e-11	1.000725e+02	
2  5259.58	2.256521e+00	1.172975e-01	1.042667e+00	1.068726e-01	2.378190e-09	2.224335e-09	6.656729e-11	8.650986e-10	1.333428e-11	9.979970e+01	
4  5258.73	2.236019e+00	1.177917e-01	1.043244e+00	1.010595e-01	2.368850e-09	2.201665e-09	6.277570e-11	7.166473e-10	-1.616132e-12	9.984011e+01	
1  5258.73	2.224636e+00	1.196226e-01	1.042614e+00	8.782037e-02	2.346780e-09	2.148366e-09	5.302286e-11	9.047884e-10	2.698101e-11	9.991337e+01	
2  5256.53	2.212639e+00	1.230726e-01	1.042142e+00	6.677843e-02	2.323254e-09	2.061808e-09	7.609488e-11	7.503002e-10	-2.886147e-12	9.992232e+01	
20  5256.74	2.239049e+00	1.211900e-01	1.042369e+00	8.245300e-02	2.388545e-09	2.124020e-09	8.185216e-11	1.464213e-10	-6.083887e-11	9.973449e+01	
66  5257.5	2.235896e+00	1.216497e-01	1.042902e+00	7.797232e-02	2.390501e-09	2.106280e-09	8.297946e-11	8.379216e-11	-5.558845e-11	9.984873e+01	
7  5257.55	2.235896e+00	1.216497e-01	1.042902e+00	7.797232e-02	2.390501e-09	2.106280e-09	8.297946e-11	8.379216e-11	-5.558845e-11	1.000963e+02	
3  5256.74	2.216255e+00	1.212034e-01	1.042261e+00	8.279690e-02	2.387940e-09	2.122982e-09	9.244768e-11	2.389219e-11	-7.665053e-11	1.000751e+02	
3  5257.1	2.216255e+00	1.212034e-01	1.042261e+00	8.279690e-02	2.387940e-09	2.122982e-09	9.244768e-11	2.389219e-11	-7.665053e-11	9.977103e+01	
11  5259.68	2.205405e+00	1.225355e-01	1.043233e+00	6.590983e-02	2.326955e-09	2.055126e-09	4.774974e-11	4.799916e-10	1.050928e-11	9.995005e+01	
5  5260.12	2.196351e+00	1.225800e-01	1.043244e+00	6.428626e-02	2.302160e-09	2.044621e-09	5.117282e-11	1.631144e-09	2.607866e-11	9.989927e+01	
5  5261.04	2.201931e+00	1.231585e-01	1.042420e+00	5.955549e-02	2.294919e-09	2.022180e-09	8.709866e-11	1.516626e-09	8.562369e-12	9.966527e+01	
7  5257.85	2.218328e+00	1.218235e-01	1.041997e+00	6.970680e-02	2.341132e-09	2.066841e-09	1.244050e-10	9.403949e-10	-2.734209e-11	9.953488e+01	
3  5256.73	2.230205e+00	1.195964e-01	1.041940e+00	8.565268e-02	2.395719e-09	2.128777e-09	1.021906e-10	2.219433e-10	-3.751999e-11	9.951964e+01	
43  5255	2.216954e+00	1.207409e-01	1.042373e+00	8.102906e-02	2.386119e-09	2.114051e-09	6.342197e-11	7.385068e-11	-1.262969e-11	9.989574e+01	
11  5256.29	2.203900e+00	1.215919e-01	1.042755e+00	7.782911e-02	2.385170e-09	2.102726e-09	3.010523e-11	2.237929e-10	1.902303e-12	1.001813e+02	
8  5257.26	2.215786e+00	1.214770e-01	1.042708e+00	6.795172e-02	2.323429e-09	2.058069e-09	1.797923e-11	1.240015e-09	2.340341e-11	9.949918e+01	
4  5255.41	2.230167e+00	1.238416e-01	1.041754e+00	7.574224e-02	2.478913e-09	2.099726e-09	8.462361e-11	6.230658e-11	-8.005673e-11	1.003417e+02	
29  5255.4	2.230167e+00	1.238416e-01	1.041754e+00	7.574224e-02	2.478913e-09	2.099726e-09	8.462361e-11	6.230658e-11	-8.005673e-11	9.990785e+01	
41  5257.21	2.245387e+00	1.252747e-01	1.041535e+00	6.745228e-02	2.477979e-09	2.067913e-09	4.341120e-11	1.555243e-10	-5.315725e-11	9.993157e+01	
30  5256.86	2.245387e+00	1.252747e-01	1.041535e+00	6.745228e-02	2.477979e-09	2.067913e-09	4.341120e-11	1.555243e-10	-5.315725e-11	1.001988e+02	
35  5257.33	2.245387e+00	1.252747e-01	1.041535e+00	6.745228e-02	2.477979e-09	2.067913e-09	4.341120e-11	1.555243e-10	-5.315725e-11	1.003738e+02	
15  5257.69	2.265155e+00	1.207216e-01	1.041585e+00	8.439218e-02	2.428987e-09	2.129850e-09	2.564623e-11	6.660891e-10	-3.293383e-11	9.944614e+01	
10  5258.69	2.265155e+00	1.207216e-01	1.041585e+00	8.439218e-02	2.428987e-09	2.129850e-09	2.564623e-11	6.660891e-10	-3.293383e-11	9.935537e+01	
23  5258.75	2.265155e+00	1.207216e-01	1.041585e+00	8.439218e-02	2.428987e-09	2.129850e-09	2.564623e-11	6.660891e-10	-3.293383e-11	9.935082e+01	
5  5263.79	2.247431e+00	1.219805e-01	1.041550e+00	1.021403e-01	2.565558e-09	2.210566e-09	2.422863e-12	2.555200e-10	-4.208023e-11	1.008989e+02	
14  5260.39	2.284028e+00	1.173777e-01	1.041843e+00	1.233854e-01	2.572963e-09	2.288625e-09	1.855796e-11	2.465268e-11	-3.545728e-11	1.002647e+02	
3  5260.24	2.278491e+00	1.202939e-01	1.041471e+00	8.714188e-02	2.453656e-09	2.134791e-09	2.926838e-11	1.557593e-09	-3.065003e-11	9.924289e+01	
43  5256.45	2.246398e+00	1.212311e-01	1.041813e+00	7.924141e-02	2.428561e-09	2.104951e-09	5.398677e-11	1.108980e-09	-2.197911e-11	9.955767e+01	
1  5258.39	2.234560e+00	1.225965e-01	1.041587e+00	6.636649e-02	2.402065e-09	2.050207e-09	4.667893e-11	1.457292e-09	-2.859786e-11	9.933678e+01	
31  5257.15	2.225673e+00	1.242498e-01	1.041635e+00	6.559862e-02	2.444345e-09	2.049284e-09	1.873047e-11	2.681112e-09	-3.149154e-11	9.982931e+01	
60  5257.11	2.225673e+00	1.242498e-01	1.041635e+00	6.559862e-02	2.444345e-09	2.049284e-09	1.873047e-11	2.681112e-09	-3.149154e-11	1.001131e+02	
23  5257.9	2.225673e+00	1.242498e-01	1.041635e+00	6.559862e-02	2.444345e-09	2.049284e-09	1.873047e-11	2.681112e-09	-3.149154e-11	9.965391e+01	
8  5256.64	2.240759e+00	1.222838e-01	1.042355e+00	7.475357e-02	2.435474e-09	2.089222e-09	3.346661e-11	6.091737e-10	-3.753656e-11	9.956838e+01	
30  5255.29	2.252224e+00	1.214667e-01	1.041964e+00	9.290120e-02	2.501013e-09	2.163369e-09	5.308837e-11	2.586144e-10	-5.131729e-11	1.000830e+02	
7  5255.48	2.214287e+00	1.212611e-01	1.041734e+00	8.645566e-02	2.436334e-09	2.132958e-09	4.936878e-11	3.443440e-10	-2.234069e-11	9.995903e+01	
37  5254.28	2.224864e+00	1.210415e-01	1.041905e+00	8.626560e-02	2.494966e-09	2.134028e-09	1.136998e-11	7.090803e-12	-3.977868e-11	9.986049e+01	
5  5257.13	2.247567e+00	1.202505e-01	1.041396e+00	1.026138e-01	2.567587e-09	2.196792e-09	2.619737e-11	5.108467e-10	-7.419309e-11	1.000293e+02	
35  5257.13	2.247567e+00	1.202505e-01	1.041396e+00	1.026138e-01	2.567587e-09	2.196792e-09	2.619737e-11	5.108467e-10	-7.419309e-11	1.000375e+02	
65  5255.09	2.239861e+00	1.216265e-01	1.041593e+00	9.490408e-02	2.582770e-09	2.169974e-09	1.364487e-11	3.023652e-11	-1.365631e-10	9.990876e+01	
60  5255.25	2.239861e+00	1.216265e-01	1.041593e+00	9.490408e-02	2.582770e-09	2.169974e-09	1.364487e-11	3.023652e-11	-1.365631e-10	9.985658e+01	
30  5255.27	2.239861e+00	1.216265e-01	1.041593e+00	9.490408e-02	2.582770e-09	2.169974e-09	1.364487e-11	3.023652e-11	-1.365631e-10	1.002580e+02	
20  5255.09	2.239861e+00	1.216265e-01	1.041593e+00	9.490408e-02	2.582770e-09	2.169974e-09	1.364487e-11	3.023652e-11	-1.365631e-10	9.991018e+01	
40  5255.23	2.239861e+00	1.216265e-01	1.041593e+00	9.490408e-02	2.582770e-09	2.169974e-09	1.364487e-11	3.023652e-11	-1.365631e-10	9.986420e+01	
30  5255.09	2.239861e+00	1.216265e-01	1.041593e+00	9.490408e-02	2.582770e-09	2.169974e-09	1.364487e-11	3.023652e-11	-1.365631e-10	1.001996e+02	
10  5254.91	2.239861e+00	1.216265e-01	1.041593e+00	9.490408e-02	2.582770e-09	2.169974e-09	1.364487e-11	3.023652e-11	-1.365631e-10	1.000921e+02	
50  5255.03	2.239861e+00	1.216265e-01	1.041593e+00	9.490408e-02	2.582770e-09	2.169974e-09	1.364487e-11	3.023652e-11	-1.365631e-10	9.993512e+01	
60  5254.93	2.239861e+00	1.216265e-01	1.041593e+00	9.490408e-02	2.582770e-09	2.169974e-09	1.364487e-11	3.023652e-11	-1.365631e-10	1.001104e+02	
90  5254.91	2.239861e+00	1.216265e-01	1.041593e+00	9.490408e-02	2.582770e-09	2.169974e-09	1.364487e-11	3.023652e-11	-1.365631e-10	1.000864e+02	
90  5255.14	2.239861e+00	1.216265e-01	1.041593e+00	9.490408e-02	2.582770e-09	2.169974e-09	1.364487e-11	3.023652e-11	-1.365631e-10	9.989286e+01	
80  5255.47	2.239861e+00	1.216265e-01	1.041593e+00	9.490408e-02	2.582770e-09	2.169974e-09	1.364487e-11	3.023652e-11	-1.365631e-10	1.003055e+02	
60  5255.07	2.239861e+00	1.216265e-01	1.041593e+00	9.490408e-02	2.582770e-09	2.169974e-09	1.364487e-11	3.023652e-11	-1.365631e-10	9.991876e+01	
60  5254.99	2.239861e+00	1.216265e-01	1.041593e+00	9.490408e-02	2.582770e-09	2.169974e-09	1.364487e-11	3.023652e-11	-1.365631e-10	9.995457e+01	
4  5256.47	2.239861e+00	1.216265e-01	1.041593e+00	9.490408e-02	2.582770e-09	2.169974e-09	1.364487e-11	3.023652e-11	-1.365631e-10	9.963835e+01	
56  5256.83	2.252230e+00	1.198128e-01	1.042615e+00	1.084776e-01	2.570860e-09	2.230303e-09	7.066411e-11	1.251339e-10	-1.010821e-10	1.000111e+02	
93  5257.2	2.252230e+00	1.198128e-01	1.042615e+00	1.084776e-01	2.570860e-09	2.230303e-09	7.066411e-11	1.251339e-10	-1.010821e-10	1.002779e+02	
16  5259.33	2.251956e+00	1.236019e-01	1.041724e+00	8.463210e-02	2.558082e-09	2.134675e-09	5.339673e-11	4.164399e-12	-7.879210e-11	1.003923e+02	
9  5257.04	2.250280e+00	1.222304e-01	1.041588e+00	8.624638e-02	2.566433e-09	2.133821e-09	6.100832e-11	6.325266e-10	-1.038505e-10	9.987285e+01	
3  5259.03	2.264209e+00	1.212684e-01	1.042772e+00	9.458283e-02	2.525246e-09	2.170049e-09	2.737524e-11	1.575807e-09	-2.648308e-11	1.002109e+02	
13  5260.23	2.262623e+00	1.212042e-01	1.042481e+00	9.345725e-02	2.476638e-09	2.163113e-09	7.894115e-11	2.824944e-09	-3.039452e-11	9.994991e+01	
6  5261.37	2.257062e+00	1.216911e-01	1.042853e+00	9.308542e-02	2.451130e-09	2.172819e-09	2.579593e-11	1.858108e-09	7.900186e-12	1.003056e+02	
10  5261.48	2.257062e+00	1.216911e-01	1.042853e+00	9.308542e-02	2.451130e-09	2.172819e-09	2.579593e-11	1.858108e-09	7.900186e-12	9.998711e+01	
1  5261.26	2.257062e+00	1.216911e-01	1.042853e+00	9.308542e-02	2.451130e-09	2.172819e-09	2.579593e-11	1.858108e-09	7.900186e-12	1.002494e+02	
48  5259.4	2.245622e+00	1.193399e-01	1.043058e+00	9.786363e-02	2.426676e-09	2.194707e-09	6.893884e-11	4.105386e-10	-1.584993e-11	9.983942e+01	
15  5260.13	2.255691e+00	1.178937e-01	1.042875e+00	1.194250e-01	2.513597e-09	2.284429e-09	9.262611e-11	5.276746e-10	-6.688304e-11	1.001583e+02	
14  5259.68	2.242710e+00	1.194809e-01	1.042068e+00	1.040394e-01	2.516842e-09	2.219919e-09	1.105484e-10	2.681032e-10	-1.190689e-10	9.973325e+01	
2  5259.8	2.208799e+00	1.227197e-01	1.042156e+00	8.533905e-02	2.491059e-09	2.146580e-09	1.072574e-10	9.943275e-11	-9.977838e-11	1.002595e+02	
13  5260.05	2.208799e+00	1.227197e-01	1.042156e+00	8.533905e-02	2.491059e-09	2.146580e-09	1.072574e-10	9.943275e-11	-9.977838e-11	1.003355e+02	
11  5262.39	2.203254e+00	1.214658e-01	1.041437e+00	8.065157e-02	2.431169e-09	2.121963e-09	1.025866e-10	3.330580e-10	-6.001089e-11	9.972744e+01	
2  5265.65	2.244419e+00	1.230933e-01	1.040851e+00	7.898692e-02	2.515582e-09	2.116630e-09	1.067590e-10	3.517020e-10	-8.554535e-11	9.987187e+01	
8  5266.28	2.225101e+00	1.247598e-01	1.040235e+00	7.328257e-02	2.518755e-09	2.088904e-09	1.335910e-10	1.223667e-09	-9.286754e-11	1.001305e+02	
6  5266.25	2.240933e+00	1.241680e-01	1.040638e+00	6.348559e-02	2.527437e-09	2.048099e-09	1.042103e-10	5.290263e-10	-1.150852e-10	9.940329e+01	
10  5262.29	2.240933e+00	1.241680e-01	1.040638e+00	6.348559e-02	2.527437e-09	2.048099e-09	1.042103e-10	5.290263e-10	-1.150852e-10	9.991821e+01	
17  5262.49	2.240933e+00	1.241680e-01	1.040638e+00	6.348559e-02	2.527437e-09	2.048099e-09	1.042103e-10	5.290263e-10	-1.150852e-10	9.986230e+01	
3  5265.18	2.250945e+00	1.236555e-01	1.040637e+00	5.759833e-02	2.478798e-09	2.018191e-09	1.156653e-10	7.774264e-10	-1.417285e-10	9.909371e+01	
10  5263.02	2.250945e+00	1.236555e-01	1.040637e+00	5.759833e-02	2.478798e-09	2.018191e-09	1.156653e-10	7.774264e-10	-1.417285e-10	9.925036e+01	
11  5258.79	2.250945e+00	1.236555e-01	1.040637e+00	5.759833e-02	2.478798e-09	2.018191e-09	1.156653e-10	7.774264e-10	-1.417285e-10	9.990491e+01	
7  5262.21	2.278236e+00	1.221627e-01	1.040239e+00	7.122032e-02	2.541174e-09	2.075000e-09	1.032752e-10	5.368953e-10	-1.590499e-10	9.982071e+01	
12  5259.7	2.261402e+00	1.215478e-01	1.041060e+00	7.668337e-02	2.471768e-09	2.101883e-09	4.856289e-11	9.129891e-10	-7.609608e-11	1.002560e+02	
39  5259.42	2.261402e+00	1.215478e-01	1.041060e+00	7.668337e-02	2.471768e-09	2.101883e-09	4.856289e-11	9.129891e-10	-7.609608e-11	9.979002e+01	
41  5260.19	2.264634e+00	1.218626e-01	1.041277e+00	8.460238e-02	2.537398e-09	2.139017e-09	1.584513e-11	2.817648e-10	-7.044399e-11	1.004277e+02	
5  5259.19	2.264634e+00	1.218626e-01	1.041277e+00	8.460238e-02	2.537398e-09	2.139017e-09	1.584513e-11	2.817648e-10	-7.044399e-11	9.994320e+01	
1  5260.02	2.242186e+00	1.181930e-01	1.041766e+00	9.567136e-02	2.462437e-09	2.173809e-09	5.494068e-11	1.025357e-09	-3.467014e-11	9.953219e+01	
3  5257.34	2.237831e+00	1.201854e-01	1.041358e+00	9.933057e-02	2.604055e-09	2.193221e-09	5.371809e-11	2.036138e-10	-1.381184e-10	1.001024e+02	
11  5258.08	2.259179e+00	1.208573e-01	1.040747e+00	9.632125e-02	2.613849e-09	2.177298e-09	4.605372e-11	7.122558e-10	-1.426033e-10	9.987709e+01	
2  5258.8	2.259179e+00	1.208573e-01	1.040747e+00	9.632125e-02	2.613849e-09	2.177298e-09	4.605372e-11	7.122558e-10	-1.426033e-10	1.002819e+02	
5  5259.75	2.255208e+00	1.215401e-01	1.040675e+00	8.781810e-02	2.599040e-09	2.140378e-09	8.096001e-11	2.898511e-11	-1.756632e-10	1.000432e+02	
3  5262.83	2.251115e+00	1.199043e-01	1.041079e+00	7.981050e-02	2.522982e-09	2.105594e-09	6.053358e-11	9.745036e-11	-1.742056e-10	9.906026e+01	
10  5260.95	2.251115e+00	1.199043e-01	1.041079e+00	7.981050e-02	2.522982e-09	2.105594e-09	6.053358e-11	9.745036e-11	-1.742056e-10	9.918684e+01	
10  5258.11	2.251115e+00	1.199043e-01	1.041079e+00	7.981050e-02	2.522982e-09	2.105594e-09	6.053358e-11	9.745036e-11	-1.742056e-10	9.943646e+01	
70  5255.84	2.251115e+00	1.199043e-01	1.041079e+00	7.981050e-02	2.522982e-09	2.105594e-09	6.053358e-11	9.745036e-11	-1.742056e-10	1.000065e+02	
130  5255.96	2.251115e+00	1.199043e-01	1.041079e+00	7.981050e-02	2.522982e-09	2.105594e-09	6.053358e-11	9.745036e-11	-1.742056e-10	9.980632e+01	
27  5256.33	2.251115e+00	1.199043e-01	1.041079e+00	7.981050e-02	2.522982e-09	2.105594e-09	6.053358e-11	9.745036e-11	-1.742056e-10	9.969806e+01	
3  5254.42	2.248542e+00	1.210272e-01	1.041021e+00	7.637152e-02	2.495464e-09	2.094842e-09	3.821301e-11	5.644044e-11	-1.173158e-10	1.001257e+02	
9  5256.24	2.248542e+00	1.210272e-01	1.041021e+00	7.637152e-02	2.495464e-09	2.094842e-09	3.821301e-11	5.644044e-11	-1.173158e-10	9.955888e+01	
11  5254.51	2.228245e+00	1.222682e-01	1.041134e+00	6.577112e-02	2.443035e-09	2.055102e-09	6.908581e-12	2.321589e-11	-5.364152e-11	9.983822e+01	
26  5254.59	2.228245e+00	1.222682e-01	1.041134e+00	6.577112e-02	2.443035e-09	2.055102e-09	6.908581e-12	2.321589e-11	-5.364152e-11	1.002576e+02	
14  5255.23	2.241809e+00	1.237080e-01	1.040818e+00	6.210014e-02	2.455108e-09	2.039510e-09	7.821014e-12	5.125918e-11	-6.299327e-11	1.003719e+02	
16  5255.92	2.241809e+00	1.237080e-01	1.040818e+00	6.210014e-02	2.455108e-09	2.039510e-09	7.821014e-12	5.125918e-11	-6.299327e-11	9.961542e+01	
38  5256.39	2.246602e+00	1.251692e-01	1.040536e+00	6.115304e-02	2.441053e-09	2.038032e-09	1.942083e-11	7.483004e-10	-5.179855e-11	9.993043e+01	
20  5256.8	2.247196e+00	1.224274e-01	1.041762e+00	8.341195e-02	2.431216e-09	2.129060e-09	4.205226e-11	6.220680e-10	-2.139557e-11	1.004001e+02	
6  5256.37	2.253798e+00	1.229194e-01	1.041808e+00	6.997107e-02	2.390623e-09	2.072079e-09	6.329959e-11	1.482085e-09	-3.083707e-11	9.977208e+01	
130  5255.9	2.253798e+00	1.229194e-01	1.041808e+00	6.997107e-02	2.390623e-09	2.072079e-09	6.329959e-11	1.482085e-09	-3.083707e-11	1.000991e+02	
6  5256.48	2.253798e+00	1.229194e-01	1.041808e+00	6.997107e-02	2.390623e-09	2.072079e-09	6.329959e-11	1.482085e-09	-3.083707e-11	1.002836e+02	
8  5258.67	2.284542e+00	1.206751e-01	1.042295e+00	7.385812e-02	2.372707e-09	2.090228e-09	4.374531e-11	3.517989e-10	-3.152382e-11	9.961883e+01	
6  5257.77	2.282575e+00	1.184189e-01	1.042759e+00	9.198337e-02	2.414693e-09	2.157079e-09	6.995412e-11	1.407306e-09	-3.011643e-11	9.985858e+01	
8  5258.09	2.282575e+00	1.184189e-01	1.042759e+00	9.198337e-02	2.414693e-09	2.157079e-09	6.995412e-11	1.407306e-09	-3.011643e-11	9.972687e+01	
10  5257.64	2.258823e+00	1.188772e-01	1.041718e+00	9.040422e-02	2.426353e-09	2.146419e-09	6.302071e-11	2.025950e-09	-6.036587e-11	9.958627e+01	
2  5256.9	2.223631e+00	1.172817e-01	1.041986e+00	9.483895e-02	2.364678e-09	2.165317e-09	2.569293e-11	1.549815e-09	5.584155e-12	9.975048e+01	
27  5257.3	2.223631e+00	1.172817e-01	1.041986e+00	9.483895e-02	2.364678e-09	2.165317e-09	2.569293e-11	1.549815e-09	5.584155e-12	9.967262e+01	
91  5256.91	2.194064e+00	1.206283e-01	1.041504e+00	7.314556e-02	2.311705e-09	2.080127e-09	4.461169e-11	5.320794e-10	2.429814e-11	1.000155e+02	
4  5257.26	2.192901e+00	1.208389e-01	1.041869e+00	7.428380e-02	2.323163e-09	2.087015e-09	9.397951e-11	8.336384e-10	-1.754452e-12	1.001507e+02	
18  5257.01	2.208451e+00	1.195792e-01	1.041549e+00	8.619156e-02	2.396171e-09	2.136621e-09	1.377315e-10	1.516561e-10	-7.596862e-11	1.000027e+02	
10  5257.52	2.208451e+00	1.195792e-01	1.041549e+00	8.619156e-02	2.396171e-09	2.136621e-09	1.377315e-10	1.516561e-10	-7.596862e-11	9.976191e+01	
31  5257.04	2.208451e+00	1.195792e-01	1.041549e+00	8.619156e-02	2.396171e-09	2.136621e-09	1.377315e-10	1.516561e-10	-7.596862e-11	9.994420e+01	
9  5255.88	2.226811e+00	1.205997e-01	1.042093e+00	8.604105e-02	2.440509e-09	2.140285e-09	1.002632e-10	3.004811e-10	-8.401871e-11	1.001989e+02	
20  5256.8	2.226811e+00	1.205997e-01	1.042093e+00	8.604105e-02	2.440509e-09	2.140285e-09	1.002632e-10	3.004811e-10	-8.401871e-11	9.960809e+01	
1  5257.4	2.226811e+00	1.205997e-01	1.042093e+00	8.604105e-02	2.440509e-09	2.140285e-09	1.002632e-10	3.004811e-10	-8.401871e-11	1.004513e+02	
15  5257.65	2.275539e+00	1.175081e-01	1.041998e+00	9.793564e-02	2.470232e-09	2.184670e-09	6.109839e-11	6.071725e-10	-6.058947e-11	9.976564e+01	
5  5261.39	2.280517e+00	1.198811e-01	1.040851e+00	1.007539e-01	2.560583e-09	2.196529e-09	4.864749e-11	8.579761e-10	-6.694974e-11	1.005548e+02	
11  5259.6	2.291567e+00	1.220871e-01	1.040850e+00	8.898002e-02	2.568691e-09	2.143690e-09	5.035826e-11	1.837198e-09	-8.245451e-11	1.005213e+02	
4  5256.94	2.252757e+00	1.224014e-01	1.041116e+00	7.567376e-02	2.448536e-09	2.093776e-09	9.260714e-11	1.346048e-09	-7.433759e-11	1.002194e+02	
22  5256.14	2.259060e+00	1.216816e-01	1.041190e+00	7.114328e-02	2.416499e-09	2.075586e-09	5.265755e-11	5.852452e-10	-4.165825e-11	9.986885e+01	
17  5256.48	2.260775e+00	1.227016e-01	1.040697e+00	6.375830e-02	2.419831e-09	2.042002e-09	4.048878e-11	4.978015e-10	-5.713348e-11	9.968204e+01	
17  5256.77	2.268199e+00	1.203631e-01	1.040578e+00	8.751005e-02	2.531329e-09	2.139313e-09	3.486609e-11	3.889307e-10	-1.356737e-10	9.971302e+01	
68  5255.72	2.254911e+00	1.224991e-01	1.041561e+00	8.186111e-02	2.523987e-09	2.119616e-09	3.208836e-11	1.352330e-10	-1.096365e-10	1.005296e+02	
57  5255.34	2.254911e+00	1.224991e-01	1.041561e+00	8.186111e-02	2.523987e-09	2.119616e-09	3.208836e-11	1.352330e-10	-1.096365e-10	9.956144e+01	
32  5255.92	2.233978e+00	1.232024e-01	1.041780e+00	8.148433e-02	2.496240e-09	2.118047e-09	1.009774e-10	3.919794e-10	-1.101699e-10	9.997737e+01	
8  5256.53	2.210706e+00	1.229149e-01	1.042191e+00	6.959253e-02	2.457963e-09	2.069001e-09	3.266034e-11	1.639742e-10	-4.460565e-11	9.980926e+01	
57  5256.27	2.212063e+00	1.240566e-01	1.041752e+00	7.807116e-02	2.530598e-09	2.107689e-09	3.252682e-11	1.059673e-10	-8.629897e-11	1.003788e+02	
66  5255.2	2.222597e+00	1.201524e-01	1.042296e+00	9.568142e-02	2.501515e-09	2.179830e-09	5.158969e-11	1.911382e-10	-6.821467e-11	9.998224e+01	
34  5255.19	2.222597e+00	1.201524e-01	1.042296e+00	9.568142e-02	2.501515e-09	2.179830e-09	5.158969e-11	1.911382e-10	-6.821467e-11	1.000897e+02	
73  5256.16	2.229191e+00	1.189395e-01	1.042416e+00	1.042100e-01	2.521423e-09	2.214782e-09	7.828413e-11	8.563002e-11	-6.138961e-11	1.002069e+02	
13  5256.18	2.246895e+00	1.194680e-01	1.041744e+00	1.060279e-01	2.554728e-09	2.221019e-09	1.793968e-11	7.968002e-10	-4.983314e-11	1.001902e+02	
42  5256.01	2.246895e+00	1.194680e-01	1.041744e+00	1.060279e-01	2.554728e-09	2.221019e-09	1.793968e-11	7.968002e-10	-4.983314e-11	1.000791e+02	
1  5256.49	2.267933e+00	1.200601e-01	1.041478e+00	1.028364e-01	2.555931e-09	2.207407e-09	5.785783e-11	7.063525e-10	-1.013002e-10	9.971758e+01	
24  5257.66	2.248774e+00	1.208048e-01	1.041500e+00	1.061276e-01	2.540544e-09	2.226224e-09	1.004913e-10	2.070549e-10	-1.129899e-10	1.002228e+02	
5  5260.42	2.262137e+00	1.187694e-01	1.041318e+00	1.181785e-01	2.570185e-09	2.266020e-09	1.159480e-10	1.334912e-09	-1.404935e-10	9.983031e+01	
4  5256.03	2.246987e+00	1.197612e-01	1.041736e+00	9.560036e-02	2.497963e-09	2.170587e-09	7.175204e-11	6.578565e-10	-6.804086e-11	9.958465e+01	
24  5255.29	2.228137e+00	1.190699e-01	1.042400e+00	9.498192e-02	2.414782e-09	2.173209e-09	4.569061e-11	4.515101e-11	-9.003052e-12	9.969593e+01	
35  5254.49	2.228137e+00	1.190699e-01	1.042400e+00	9.498192e-02	2.414782e-09	2.173209e-09	4.569061e-11	4.515101e-11	-9.003052e-12	1.001702e+02	
24  5254.61	2.231906e+00	1.194627e-01	1.042781e+00	9.106167e-02	2.402362e-09	2.156507e-09	2.874282e-11	3.054215e-10	2.239974e-11	1.002639e+02	
46  5258.1	2.226720e+00	1.198074e-01	1.043351e+00	9.097498e-02	2.413205e-09	2.163593e-09	8.596146e-12	9.660964e-11	2.864557e-11	1.005434e+02	
2  5256.56	2.228233e+00	1.194747e-01	1.043032e+00	8.816829e-02	2.422071e-09	2.151408e-09	3.532150e-11	9.634023e-11	-3.471832e-11	9.996888e+01	
6  5259.59	2.209036e+00	1.196824e-01	1.042740e+00	9.548192e-02	2.415986e-09	2.172747e-09	5.537318e-11	1.646453e-09	1.334946e-12	1.005244e+02	
10  5259.48	2.221897e+00	1.163851e-01	1.042867e+00	1.010305e-01	2.350988e-09	2.186921e-09	9.148554e-11	1.245358e-09	2.626934e-11	9.974532e+01	
8  5262.2	2.217632e+00	1.193639e-01	1.042215e+00	1.001999e-01	2.390972e-09	2.195396e-09	7.834245e-11	8.780959e-10	3.276369e-11	1.006958e+02	
16  5257.48	2.222060e+00	1.207988e-01	1.042004e+00	8.864072e-02	2.411418e-09	2.147939e-09	8.649406e-11	3.810212e-10	-1.308047e-13	1.005186e+02	
19  5257.4	2.222056e+00	1.180959e-01	1.042426e+00	9.348588e-02	2.336947e-09	2.162287e-09	1.035946e-10	6.194714e-10	4.813401e-12	9.978858e+01	
26  5256.14	2.204728e+00	1.182843e-01	1.042415e+00	8.584939e-02	2.353812e-09	2.130270e-09	6.511718e-11	3.445272e-10	1.158287e-11	9.969705e+01	
12  5258.3	2.218630e+00	1.179111e-01	1.042783e+00	9.990716e-02	2.366673e-09	2.191541e-09	4.725465e-11	4.966486e-10	-1.246211e-11	9.994657e+01	
25  5257.55	2.233096e+00	1.191892e-01	1.042383e+00	9.331874e-02	2.370080e-09	2.166599e-09	6.952421e-11	3.377770e-10	-3.490093e-11	9.983419e+01	
6  5258.36	2.246058e+00	1.178198e-01	1.042082e+00	9.659965e-02	2.360345e-09	2.172905e-09	3.977809e-11	9.598039e-10	-7.275325e-12	9.943740e+01	
65  5255.66	2.244523e+00	1.175660e-01	1.041980e+00	1.059674e-01	2.425604e-09	2.213053e-09	2.414872e-11	1.461499e-09	-9.850678e-12	9.984154e+01	
9  5256.03	2.244523e+00	1.175660e-01	1.041980e+00	1.059674e-01	2.425604e-09	2.213053e-09	2.414872e-11	1.461499e-09	-9.850678e-12	1.002810e+02	
101  5256.01	2.274008e+00	1.191826e-01	1.042181e+00	9.345470e-02	2.397401e-09	2.156992e-09	1.263354e-11	2.449844e-09	-3.293281e-12	9.993858e+01	
30  5256.72	2.274008e+00	1.191826e-01	1.042181e+00	9.345470e-02	2.397401e-09	2.156992e-09	1.263354e-11	2.449844e-09	-3.293281e-12	9.971115e+01	
40  5256.39	2.274008e+00	1.191826e-01	1.042181e+00	9.345470e-02	2.397401e-09	2.156992e-09	1.263354e-11	2.449844e-09	-3.293281e-12	1.002137e+02	
160  5256.25	2.274008e+00	1.191826e-01	1.042181e+00	9.345470e-02	2.397401e-09	2.156992e-09	1.263354e-11	2.449844e-09	-3.293281e-12	1.001724e+02	
20  5256.27	2.274008e+00	1.191826e-01	1.042181e+00	9.345470e-02	2.397401e-09	2.156992e-09	1.263354e-11	2.449844e-09	-3.293281e-12	9.981853e+01	
30  5256.12	2.274008e+00	1.191826e-01	1.042181e+00	9.345470e-02	2.397401e-09	2.156992e-09	1.263354e-11	2.449844e-09	-3.293281e-12	1.001228e+02	
30  5256.06	2.274008e+00	1.191826e-01	1.042181e+00	9.345470e-02	2.397401e-09	2.156992e-09	1.263354e-11	2.449844e-09	-3.293281e-12	9.990278e+01	
8  5256.07	2.274008e+00	1.191826e-01	1.042181e+00	9.345470e-02	2.397401e-09	2.156992e-09	1.263354e-11	2.449844e-09	-3.293281e-12	9.989650e+01	
25  5255.27	2.260459e+00	1.191189e-01	1.042422e+00	9.332658e-02	2.391627e-09	2.158266e-09	3.609073e-11	2.082179e-09	-5.726931e-12	1.000550e+02	
4  5255.53	2.269837e+00	1.187319e-01	1.042609e+00	9.535359e-02	2.426975e-09	2.170169e-09	2.904242e-11	1.008112e-09	6.808893e-13	1.002030e+02	
3  5256.22	2.261073e+00	1.169093e-01	1.042963e+00	9.456714e-02	2.397799e-09	2.163666e-09	1.592056e-12	5.543521e-11	3.015476e-11	9.985201e+01	
10  5258.09	2.261073e+00	1.169093e-01	1.042963e+00	9.456714e-02	2.397799e-09	2.163666e-09	1.592056e-12	5.543521e-11	3.015476e-11	1.004871e+02	
6  5257.29	2.261073e+00	1.169093e-01	1.042963e+00	9.456714e-02	2.397799e-09	2.163666e-09	1.592056e-12	5.543521e-11	3.015476e-11	1.003840e+02	
24  5257.3	2.261555e+00	1.175551e-01	1.042686e+00	8.934102e-02	2.371109e-09	2.140035e-09	5.134897e-11	5.918803e-10	1.984592e-11	1.002392e+02	
30  5256.97	2.261555e+00	1.175551e-01	1.042686e+00	8.934102e-02	2.371109e-09	2.140035e-09	5.134897e-11	5.918803e-10	1.984592e-11	1.001596e+02	
11  5256.66	2.261555e+00	1.175551e-01	1.042686e+00	8.934102e-02	2.371109e-09	2.140035e-09	5.134897e-11	5.918803e-10	1.984592e-11	9.991029e+01	
13  5257.32	2.239134e+00	1.175122e-01	1.042554e+00	9.463169e-02	2.367211e-09	2.160663e-09	3.302888e-11	6.447743e-10	3.764873e-11	1.002961e+02	
8  5256.84	2.228212e+00	1.183495e-01	1.042765e+00	7.727048e-02	2.295954e-09	2.089255e-09	3.628047e-11	5.181861e-10	3.510921e-11	9.975304e+01	
3  5256.86	2.238367e+00	1.179115e-01	1.042245e+00	8.593772e-02	2.363720e-09	2.123370e-09	2.219061e-11	8.619712e-10	-1.969601e-11	9.962522e+01	
5  5256.3	2.227861e+00	1.168401e-01	1.042455e+00	1.000315e-01	2.398883e-09	2.184914e-09	1.950075e-11	9.747761e-10	-1.232919e-11	1.001139e+02	
24  5255.94	2.227861e+00	1.168401e-01	1.042455e+00	1.000315e-01	2.398883e-09	2.184914e-09	1.950075e-11	9.747761e-10	-1.232919e-11	9.992047e+01	
41  5255.48	2.224373e+00	1.200705e-01	1.041583e+00	8.400464e-02	2.403090e-09	2.118974e-09	8.369086e-11	5.731619e-10	-4.998140e-11	1.000820e+02	
34  5256.64	2.231508e+00	1.191331e-01	1.041212e+00	8.907988e-02	2.404481e-09	2.138988e-09	5.913701e-11	3.057487e-10	-6.984457e-12	1.001279e+02	
11  5255.56	2.245683e+00	1.189941e-01	1.041192e+00	9.721664e-02	2.464806e-09	2.174716e-09	1.580037e-11	2.652802e-10	-2.702379e-11	1.002800e+02	
10  5255.13	2.245683e+00	1.189941e-01	1.041192e+00	9.721664e-02	2.464806e-09	2.174716e-09	1.580037e-11	2.652802e-10	-2.702379e-11	1.001202e+02	
10  5255.09	2.245683e+00	1.189941e-01	1.041192e+00	9.721664e-02	2.464806e-09	2.174716e-09	1.580037e-11	2.652802e-10	-2.702379e-11	1.000741e+02	
44  5255.11	2.245683e+00	1.189941e-01	1.041192e+00	9.721664e-02	2.464806e-09	2.174716e-09	1.580037e-11	2.652802e-10	-2.702379e-11	9.999844e+01	
6  5255.63	2.247241e+00	1.172198e-01	1.042023e+00	9.908455e-02	2.408831e-09	2.183692e-09	8.583901e-12	1.886894e-12	-1.880336e-11	9.955197e+01	
20  5254.22	2.247241e+00	1.172198e-01	1.042023e+00	9.908455e-02	2.408831e-09	2.183692e-09	8.583901e-12	1.886894e-12	-1.880336e-11	9.982037e+01	
190  5254.17	2.247241e+00	1.172198e-01	1.042023e+00	9.908455e-02	2.408831e-09	2.183692e-09	8.583901e-12	1.886894e-12	-1.880336e-11	9.984135e+01	
20  5254.28	2.247241e+00	1.172198e-01	1.042023e+00	9.908455e-02	2.408831e-09	2.183692e-09	8.583901e-12	1.886894e-12	-1.880336e-11	9.980030e+01	
20  5254.01	2.247241e+00	1.172198e-01	1.042023e+00	9.908455e-02	2.408831e-09	2.183692e-09	8.583901e-12	1.886894e-12	-1.880336e-11	9.994145e+01	
30  5255.03	2.247241e+00	1.172198e-01	1.042023e+00	9.908455e-02	2.408831e-09	2.183692e-09	8.583901e-12	1.886894e-12	-1.880336e-11	9.963854e+01	
20  5255.42	2.247241e+00	1.172198e-01	1.042023e+00	9.908455e-02	2.408831e-09	2.183692e-09	8.583901e-12	1.886894e-12	-1.880336e-11	1.003723e+02	
13  5254.55	2.247241e+00	1.172198e-01	1.042023e+00	9.908455e-02	2.408831e-09	2.183692e-09	8.583901e-12	1.886894e-12	-1.880336e-11	1.002229e+02	
47  5255.11	2.238182e+00	1.175865e-01	1.041820e+00	8.814154e-02	2.382545e-09	2.139031e-09	1.603967e-11	5.105111e-10	-3.015548e-11	9.975912e+01	
17  5255.23	2.238182e+00	1.175865e-01	1.041820e+00	8.814154e-02	2.382545e-09	2.139031e-09	1.603967e-11	5.105111e-10	-3.015548e-11	1.000504e+02	
3  5257.04	2.264363e+00	1.171494e-01	1.041753e+00	8.526694e-02	2.384382e-09	2.125936e-09	8.321343e-11	3.340174e-10	-7.373784e-11	9.950632e+01	
5  5256.04	2.264363e+00	1.171494e-01	1.041753e+00	8.526694e-02	2.384382e-09	2.125936e-09	8.321343e-11	3.340174e-10	-7.373784e-11	9.974061e+01	
30  5256.82	2.260802e+00	1.178861e-01	1.041028e+00	8.919392e-02	2.417715e-09	2.134881e-09	5.350955e-11	1.386134e-09	-4.358155e-11	1.001582e+02	
8  5254.12	2.238642e+00	1.179844e-01	1.041873e+00	7.869606e-02	2.366422e-09	2.099268e-09	5.026548e-11	1.358934e-10	-5.571839e-11	9.993105e+01	
13  5255.03	2.252210e+00	1.200646e-01	1.041510e+00	7.720078e-02	2.421017e-09	2.092719e-09	1.056726e-10	1.429809e-10	-1.094261e-10	1.002919e+02	
34  5254.07	2.269787e+00	1.190999e-01	1.041529e+00	8.386684e-02	2.432014e-09	2.120227e-09	1.387229e-10	3.038000e-11	-1.670756e-10	9.990765e+01	
20  5254.28	2.269787e+00	1.190999e-01	1.041529e+00	8.386684e-02	2.432014e-09	2.120227e-09	1.387229e-10	3.038000e-11	-1.670756e-10	1.001020e+02	
100  5254.55	2.269787e+00	1.190999e-01	1.041529e+00	8.386684e-02	2.432014e-09	2.120227e-09	1.387229e-10	3.038000e-11	-1.670756e-10	9.970983e+01	
210  5254.08	2.269787e+00	1.190999e-01	1.041529e+00	8.386684e-02	2.432014e-09	2.120227e-09	1.387229e-10	3.038000e-11	-1.670756e-10	9.999589e+01	
20  5254.12	2.269787e+00	1.190999e-01	1.041529e+00	8.386684e-02	2.432014e-09	2.120227e-09	1.387229e-10	3.038000e-11	-1.670756e-10	9.986025e+01	
50  5257.06	2.269787e+00	1.190999e-01	1.041529e+00	8.386684e-02	2.432014e-09	2.120227e-09	1.387229e-10	3.038000e-11	-1.670756e-10	1.005208e+02	
10  5255.45	2.269787e+00	1.190999e-01	1.041529e+00	8.386684e-02	2.432014e-09	2.120227e-09	1.387229e-10	3.038000e-11	-1.670756e-10	1.003359e+02	
20  5256.75	2.269787e+00	1.190999e-01	1.041529e+00	8.386684e-02	2.432014e-09	2.120227e-09	1.387229e-10	3.038000e-11	-1.670756e-10	9.939796e+01	
10  5256.61	2.269787e+00	1.190999e-01	1.041529e+00	8.386684e-02	2.432014e-09	2.120227e-09	1.387229e-10	3.038000e-11	-1.670756e-10	1.004756e+02	
10  5254.11	2.269787e+00	1.190999e-01	1.041529e+00	8.386684e-02	2.432014e-09	2.120227e-09	1.387229e-10	3.038000e-11	-1.670756e-10	9.986683e+01	
60  5254.29	2.269787e+00	1.190999e-01	1.041529e+00	8.386684e-02	2.432014e-09	2.120227e-09	1.387229e-10	3.038000e-11	-1.670756e-10	1.001031e+02	
10  5255.12	2.269787e+00	1.190999e-01	1.041529e+00	8.386684e-02	2.432014e-09	2.120227e-09	1.387229e-10	3.038000e-11	-1.670756e-10	1.002870e+02	
109  5254.06	2.269787e+00	1.190999e-01	1.041529e+00	8.386684e-02	2.432014e-09	2.120227e-09	1.387229e-10	3.038000e-11	-1.670756e-10	9.992445e+01	
51  5254.24	2.268073e+00	1.186456e-01	1.042016e+00	8.934307e-02	2.476667e-09	2.143214e-09	1.255408e-10	6.647279e-11	-1.888215e-10	1.000707e+02	
60  5255.41	2.268073e+00	1.186456e-01	1.042016e+00	8.934307e-02	2.476667e-09	2.143214e-09	1.255408e-10	6.647279e-11	-1.888215e-10	9.950254e+01	
7  5257.03	2.268073e+00	1.186456e-01	1.042016e+00	8.934307e-02	2.476667e-09	2.143214e-09	1.255408e-10	6.647279e-11	-1.888215e-10	9.931902e+01	
43  5256.16	2.254501e+00	1.191864e-01	1.042485e+00	1.045717e-01	2.550921e-09	2.211900e-09	1.790470e-10	5.817752e-11	-2.500867e-10	1.002269e+02	
20  5256.46	2.254501e+00	1.191864e-01	1.042485e+00	1.045717e-01	2.550921e-09	2.211900e-09	1.790470e-10	5.817752e-11	-2.500867e-10	9.966008e+01	
6  5258.49	2.254501e+00	1.191864e-01	1.042485e+00	1.045717e-01	2.550921e-09	2.211900e-09	1.790470e-10	5.817752e-11	-2.500867e-10	1.005419e+02	
1  5259.1	2.257413e+00	1.185561e-01	1.042175e+00	1.007000e-01	2.513185e-09	2.190308e-09	1.920027e-10	1.712398e-10	-1.870070e-10	1.004143e+02	
53  5256.24	2.237213e+00	1.209164e-01	1.042128e+00	7.268178e-02	2.438606e-09	2.077724e-09	1.824239e-10	9.082667e-11	-1.615195e-10	1.000604e+02	
20  5256.17	2.237213e+00	1.209164e-01	1.042128e+00	7.268178e-02	2.438606e-09	2.077724e-09	1.824239e-10	9.082667e-11	-1.615195e-10	9.983310e+01	
10  5256.11	2.237213e+00	1.209164e-01	1.042128e+00	7.268178e-02	2.438606e-09	2.077724e-09	1.824239e-10	9.082667e-11	-1.615195e-10	9.987349e+01	
16  5258.38	2.237213e+00	1.209164e-01	1.042128e+00	7.268178e-02	2.438606e-09	2.077724e-09	1.824239e-10	9.082667e-11	-1.615195e-10	9.942244e+01	
64  5255.6	2.251965e+00	1.227451e-01	1.041674e+00	8.262094e-02	2.511085e-09	2.123910e-09	2.293458e-10	1.318718e-10	-2.377352e-10	1.000383e+02	
14  5255.6	2.251965e+00	1.227451e-01	1.041674e+00	8.262094e-02	2.511085e-09	2.123910e-09	2.293458e-10	1.318718e-10	-2.377352e-10	1.000076e+02	
15  5258.34	2.262393e+00	1.215865e-01	1.041277e+00	8.832569e-02	2.532995e-09	2.142585e-09	2.415456e-10	3.589615e-10	-2.633503e-10	9.966605e+01	
13  5257.73	2.224395e+00	1.217995e-01	1.041744e+00	7.545728e-02	2.448485e-09	2.091151e-09	2.105118e-10	1.278209e-10	-2.213026e-10	9.951598e+01	
18  5257.02	2.231423e+00	1.214784e-01	1.040797e+00	9.123836e-02	2.532758e-09	2.156982e-09	2.269038e-10	1.351035e-10	-2.822267e-10	9.976322e+01	
10  5256.58	2.231423e+00	1.214784e-01	1.040797e+00	9.123836e-02	2.532758e-09	2.156982e-09	2.269038e-10	1.351035e-10	-2.822267e-10	1.001604e+02	
65  5257.27	2.231423e+00	1.214784e-01	1.040797e+00	9.123836e-02	2.532758e-09	2.156982e-09	2.269038e-10	1.351035e-10	-2.822267e-10	1.003324e+02	
25  5258.24	2.242101e+00	1.199141e-01	1.040948e+00	9.073692e-02	2.501843e-09	2.155384e-09	1.998359e-10	3.245038e-11	-3.113598e-10	9.947438e+01	
190  5255.88	2.242101e+00	1.199141e-01	1.040948e+00	9.073692e-02	2.501843e-09	2.155384e-09	1.998359e-10	3.245038e-11	-3.113598e-10	9.988760e+01	
10  5256.22	2.242101e+00	1.199141e-01	1.040948e+00	9.073692e-02	2.501843e-09	2.155384e-09	1.998359e-10	3.245038e-11	-3.113598e-10	1.002160e+02	
30  5255.89	2.242101e+00	1.199141e-01	1.040948e+00	9.073692e-02	2.501843e-09	2.155384e-09	1.998359e-10	3.245038e-11	-3.113598e-10	1.001039e+02	
30  5255.82	2.242101e+00	1.199141e-01	1.040948e+00	9.073692e-02	2.501843e-09	2.155384e-09	1.998359e-10	3.245038e-11	-3.113598e-10	1.000629e+02	
10  5258.91	2.242101e+00	1.199141e-01	1.040948e+00	9.073692e-02	2.501843e-09	2.155384e-09	1.998359e-10	3.245038e-11	-3.113598e-10	1.005842e+02	
40  5256.47	2.242101e+00	1.199141e-01	1.040948e+00	9.073692e-02	2.501843e-09	2.155384e-09	1.998359e-10	3.245038e-11	-3.113598e-10	9.971887e+01	
180  5255.87	2.242101e+00	1.199141e-01	1.040948e+00	9.073692e-02	2.501843e-09	2.155384e-09	1.998359e-10	3.245038e-11	-3.113598e-10	1.000950e+02	
110  5256.76	2.242101e+00	1.199141e-01	1.040948e+00	9.073692e-02	2.501843e-09	2.155384e-09	1.998359e-10	3.245038e-11	-3.113598e-10	9.966528e+01	
80  5255.86	2.242101e+00	1.199141e-01	1.040948e+00	9.073692e-02	2.501843e-09	2.155384e-09	1.998359e-10	3.245038e-11	-3.113598e-10	1.000913e+02	
40  5255.84	2.242101e+00	1.199141e-01	1.040948e+00	9.073692e-02	2.501843e-09	2.155384e-09	1.998359e-10	3.245038e-11	-3.113598e-10	1.000802e+02	
20  5255.91	2.242101e+00	1.199141e-01	1.040948e+00	9.073692e-02	2.501843e-09	2.155384e-09	1.998359e-10	3.245038e-11	-3.113598e-10	1.001169e+02	
240  5256.04	2.242101e+00	1.199141e-01	1.040948e+00	9.073692e-02	2.501843e-09	2.155384e-09	1.998359e-10	3.245038e-11	-3.113598e-10	9.982545e+01	
25  5255.95	2.242101e+00	1.199141e-01	1.040948e+00	9.073692e-02	2.501843e-09	2.155384e-09	1.998359e-10	3.245038e-11	-3.113598e-10	1.001316e+02	
5  5254.07	2.230849e+00	1.205726e-01	1.041377e+00	8.265455e-02	2.457452e-09	2.122374e-09	2.284784e-10	1.825601e-11	-3.058889e-10	1.001162e+02	
30  5253.9	2.230849e+00	1.205726e-01	1.041377e+00	8.265455e-02	2.457452e-09	2.122374e-09	2.284784e-10	1.825601e-11	-3.058889e-10	9.996096e+01	
140  5254.16	2.230849e+00	1.205726e-01	1.041377e+00	8.265455e-02	2.457452e-09	2.122374e-09	2.284784e-10	1.825601e-11	-3.058889e-10	1.001477e+02	
50  5256.76	2.230849e+00	1.205726e-01	1.041377e+00	8.265455e-02	2.457452e-09	2.122374e-09	2.284784e-10	1.825601e-11	-3.058889e-10	1.005399e+02	
30  5254.38	2.230849e+00	1.205726e-01	1.041377e+00	8.265455e-02	2.457452e-09	2.122374e-09	2.284784e-10	1.825601e-11	-3.058889e-10	1.002077e+02	
20  5254.16	2.230849e+00	1.205726e-01	1.041377e+00	8.265455e-02	2.457452e-09	2.122374e-09	2.284784e-10	1.825601e-11	-3.058889e-10	9.980421e+01	
60  5253.95	2.230849e+00	1.205726e-01	1.041377e+00	8.265455e-02	2.457452e-09	2.122374e-09	2.284784e-10	1.825601e-11	-3.058889e-10	9.990007e+01	
10  5254	2.230849e+00	1.205726e-01	1.041377e+00	8.265455e-02	2.457452e-09	2.122374e-09	2.284784e-10	1.825601e-11	-3.058889e-10	9.986744e+01	
24  5258.02	2.230849e+00	1.205726e-01	1.041377e+00	8.265455e-02	2.457452e-09	2.122374e-09	2.284784e-10	1.825601e-11	-3.058889e-10	9.930189e+01	
22  5257.73	2.226638e+00	1.225849e-01	1.041559e+00	8.742566e-02	2.511385e-09	2.146051e-09	1.651345e-10	2.789197e-11	-2.180277e-10	1.007171e+02	
13  5257.32	2.235352e+00	1.217454e-01	1.041706e+00	8.392823e-02	2.466235e-09	2.128110e-09	1.896153e-10	1.060049e-10	-1.580170e-10	1.005625e+02	
2  5258.66	2.259457e+00	1.219397e-01	1.040556e+00	7.680999e-02	2.512671e-09	2.092383e-09	2.524577e-10	3.811022e-10	-2.429474e-10	9.971501e+01	
42  5259.55	2.259196e+00	1.227769e-01	1.040010e+00	7.625172e-02	2.510726e-09	2.091539e-09	2.133198e-10	4.610350e-10	-2.044369e-10	9.999598e+01	
4  5259.46	2.250468e+00	1.223350e-01	1.040456e+00	8.119410e-02	2.470345e-09	2.113027e-09	1.890652e-10	1.042442e-09	-1.643335e-10	1.002183e+02	
93  5258.28	2.208522e+00	1.229535e-01	1.040505e+00	5.814183e-02	2.414408e-09	2.019616e-09	1.633590e-10	2.494301e-10	-1.346074e-10	9.981582e+01	
31  5258.71	2.208522e+00	1.229535e-01	1.040505e+00	5.814183e-02	2.414408e-09	2.019616e-09	1.633590e-10	2.494301e-10	-1.346074e-10	9.970974e+01	
2  5260.51	2.204033e+00	1.208853e-01	1.041155e+00	8.024896e-02	2.443907e-09	2.106576e-09	1.143609e-10	1.182595e-09	-8.405646e-11	1.003237e+02	
16  5260.66	2.245408e+00	1.168259e-01	1.041824e+00	1.107782e-01	2.540018e-09	2.236439e-09	1.296384e-10	5.102151e-10	-1.199312e-10	1.003030e+02	
5  5259.69	2.232829e+00	1.201096e-01	1.041207e+00	9.359095e-02	2.551624e-09	2.164232e-09	1.630123e-10	1.200121e-10	-1.451732e-10	1.005709e+02	
56  5258.11	2.245420e+00	1.199202e-01	1.041450e+00	8.776940e-02	2.544075e-09	2.136618e-09	1.611017e-10	3.321126e-10	-1.855383e-10	9.994137e+01	
5  5258.14	2.245420e+00	1.199202e-01	1.041450e+00	8.776940e-02	2.544075e-09	2.136618e-09	1.611017e-10	3.321126e-10	-1.855383e-10	1.000129e+02	
5  5259.33	2.210111e+00	1.211053e-01	1.041056e+00	8.656060e-02	2.491676e-09	2.132477e-09	1.857017e-10	1.466287e-10	-1.615269e-10	1.005556e+02	
27  5257.07	2.210111e+00	1.211053e-01	1.041056e+00	8.656060e-02	2.491676e-09	2.132477e-09	1.857017e-10	1.466287e-10	-1.615269e-10	1.001483e+02	
23  5255.67	2.211261e+00	1.198095e-01	1.041820e+00	8.826768e-02	2.437509e-09	2.140608e-09	1.223011e-10	1.234528e-10	-7.069663e-11	1.002014e+02	
10  5256.37	2.211261e+00	1.198095e-01	1.041820e+00	8.826768e-02	2.437509e-09	2.140608e-09	1.223011e-10	1.234528e-10	-7.069663e-11	9.967930e+01	
22  5255.54	2.211261e+00	1.198095e-01	1.041820e+00	8.826768e-02	2.437509e-09	2.140608e-09	1.223011e-10	1.234528e-10	-7.069663e-11	9.987228e+01	
13  5257.3	2.223745e+00	1.187029e-01	1.042294e+00	8.876550e-02	2.410876e-09	2.141819e-09	6.330224e-11	6.768173e-10	2.056787e-11	9.985790e+01	
1  5256.93	2.240048e+00	1.197257e-01	1.041878e+00	9.705958e-02	2.471922e-09	2.180450e-09	1.154777e-10	1.546387e-10	-2.839366e-11	1.003502e+02	
21  5259.07	2.219798e+00	1.185199e-01	1.042170e+00	9.952957e-02	2.450992e-09	2.186828e-09	1.590591e-10	3.757078e-10	-2.573913e-11	1.003049e+02	
5  5262.42	2.212940e+00	1.214023e-01	1.042048e+00	8.757369e-02	2.495029e-09	2.139286e-09	1.608760e-10	7.663810e-10	-7.927377e-11	1.005023e+02	
8  5262.82	2.245943e+00	1.187162e-01	1.041670e+00	1.058159e-01	2.531228e-09	2.206834e-09	2.538695e-10	6.027028e-10	-1.517086e-10	1.000021e+02	
10  5263.07	2.245943e+00	1.187162e-01	1.041670e+00	1.058159e-01	2.531228e-09	2.206834e-09	2.538695e-10	6.027028e-10	-1.517086e-10	1.001672e+02	
1  5262.85	2.245943e+00	1.187162e-01	1.041670e+00	1.058159e-01	2.531228e-09	2.206834e-09	2.538695e-10	6.027028e-10	-1.517086e-10	1.000551e+02	
10  5259.53	2.236481e+00	1.187875e-01	1.041375e+00	1.093489e-01	2.540155e-09	2.226651e-09	2.423372e-10	2.864249e-10	-1.602848e-10	1.002149e+02	
7  5257.14	2.233996e+00	1.208031e-01	1.041509e+00	9.237770e-02	2.503312e-09	2.159541e-09	1.848811e-10	4.336662e-10	-1.097047e-10	1.002474e+02	
22  5258.66	2.245315e+00	1.207680e-01	1.041263e+00	8.180321e-02	2.482428e-09	2.114366e-09	1.842901e-10	1.037565e-10	-1.238241e-10	9.957218e+01	
69  5256.48	2.245315e+00	1.207680e-01	1.041263e+00	8.180321e-02	2.482428e-09	2.114366e-09	1.842901e-10	1.037565e-10	-1.238241e-10	1.000911e+02	
1  5256.46	2.261990e+00	1.205470e-01	1.041280e+00	9.693535e-02	2.558103e-09	2.177602e-09	1.791064e-10	3.693785e-10	-1.947083e-10	1.002759e+02	
7  5256.45	2.261990e+00	1.205470e-01	1.041280e+00	9.693535e-02	2.558103e-09	2.177602e-09	1.791064e-10	3.693785e-10	-1.947083e-10	1.002737e+02	
37  5256.01	2.251127e+00	1.227256e-01	1.040862e+00	7.394155e-02	2.470928e-09	2.081884e-09	1.353151e-10	2.423479e-10	-1.301958e-10	1.000635e+02	
16  5255.49	2.237666e+00	1.214562e-01	1.041271e+00	6.981171e-02	2.421776e-09	2.064320e-09	1.272381e-10	5.751504e-11	-1.200003e-10	9.959282e+01	
30  5254.3	2.237666e+00	1.214562e-01	1.041271e+00	6.981171e-02	2.421776e-09	2.064320e-09	1.272381e-10	5.751504e-11	-1.200003e-10	1.001464e+02	
10  5254.08	2.237666e+00	1.214562e-01	1.041271e+00	6.981171e-02	2.421776e-09	2.064320e-09	1.272381e-10	5.751504e-11	-1.200003e-10	1.000139e+02	
4  5254.14	2.237666e+00	1.214562e-01	1.041271e+00	6.981171e-02	2.421776e-09	2.064320e-09	1.272381e-10	5.751504e-11	-1.200003e-10	1.000777e+02	
171  5255.84	2.205020e+00	1.221980e-01	1.041513e+00	5.618695e-02	2.342626e-09	2.010480e-09	8.294881e-11	1.491882e-10	-5.855466e-11	1.000632e+02	
100  5257.41	2.211325e+00	1.219963e-01	1.042442e+00	4.891235e-02	2.246069e-09	1.981350e-09	6.260214e-11	1.355974e-09	2.116529e-11	9.987548e+01	
4  5258.49	2.208024e+00	1.206732e-01	1.042519e+00	6.331054e-02	2.282387e-09	2.044982e-09	1.017175e-10	1.540483e-10	1.840772e-11	1.003614e+02	
26  5255.87	2.239144e+00	1.200679e-01	1.041788e+00	6.262377e-02	2.358696e-09	2.033752e-09	7.757882e-11	7.155776e-11	-2.993205e-11	9.970339e+01	
5  5254.76	2.231915e+00	1.207116e-01	1.041590e+00	6.148579e-02	2.353178e-09	2.029912e-09	5.958387e-11	4.339616e-10	-4.587175e-11	9.968889e+01	
19  5254.91	2.231915e+00	1.207116e-01	1.041590e+00	6.148579e-02	2.353178e-09	2.029912e-09	5.958387e-11	4.339616e-10	-4.587175e-11	9.964931e+01	
1  5257.71	2.224758e+00	1.234151e-01	1.040213e+00	5.828255e-02	2.415487e-09	2.014528e-09	6.934558e-11	1.215432e-09	-8.777570e-11	1.000489e+02	
21  5258.86	2.224758e+00	1.234151e-01	1.040213e+00	5.828255e-02	2.415487e-09	2.014528e-09	6.934558e-11	1.215432e-09	-8.777570e-11	1.003022e+02	
7  5258.65	2.220594e+00	1.214105e-01	1.042165e+00	4.756984e-02	2.252762e-09	1.973681e-09	6.031893e-12	1.554709e-09	2.171708e-11	9.963819e+01	
24  5257.31	2.223978e+00	1.228883e-01	1.042089e+00	4.304190e-02	2.313341e-09	1.960688e-09	3.622054e-11	3.050843e-10	-1.081749e-11	1.000161e+02	
9  5259.86	2.239858e+00	1.238774e-01	1.041208e+00	4.591045e-02	2.419957e-09	1.970280e-09	1.383321e-10	5.835949e-11	-1.400978e-10	9.994216e+01	
50  5259.61	2.248505e+00	1.234012e-01	1.041085e+00	5.979051e-02	2.449189e-09	2.030331e-09	1.061231e-10	8.943659e-10	-1.121447e-10	1.003977e+02	
2  5260.82	2.251543e+00	1.239787e-01	1.040245e+00	5.637149e-02	2.488847e-09	2.019014e-09	5.038086e-11	6.340069e-10	-1.174598e-10	1.002711e+02	
13  5265.7	2.267168e+00	1.236981e-01	1.040613e+00	5.420686e-02	2.463862e-09	2.011146e-09	3.620879e-11	9.623081e-10	-5.233355e-11	1.003176e+02	
5  5261.95	2.238654e+00	1.233000e-01	1.040820e+00	4.084815e-02	2.337806e-09	1.950196e-09	1.334059e-11	1.515051e-09	-2.613664e-12	9.972616e+01	
8  5260.85	2.242623e+00	1.246278e-01	1.039990e+00	5.268288e-02	2.498995e-09	1.999887e-09	2.070759e-11	7.052929e-10	-9.112935e-11	1.004601e+02	
13  5257.14	2.252486e+00	1.227358e-01	1.040215e+00	5.454306e-02	2.422508e-09	2.005387e-09	3.471648e-11	3.832607e-10	-9.124599e-11	9.975376e+01	
15  5256.12	2.220693e+00	1.245750e-01	1.040772e+00	4.330699e-02	2.373441e-09	1.967096e-09	2.780661e-11	2.607389e-10	-6.141589e-11	1.002049e+02	
40  5256.36	2.241998e+00	1.225213e-01	1.041307e+00	5.907935e-02	2.401437e-09	2.024159e-09	2.211572e-11	1.244259e-09	-4.824029e-11	1.002240e+02	
11  5256.02	2.259743e+00	1.217281e-01	1.042159e+00	6.667472e-02	2.370149e-09	2.053500e-09	1.868522e-11	2.090706e-09	-1.300861e-11	1.003436e+02	
41  5255.56	2.259765e+00	1.217292e-01	1.042365e+00	5.954143e-02	2.314569e-09	2.020512e-09	1.019964e-11	2.659464e-09	3.528045e-12	9.995994e+01	
11  5256.43	2.230616e+00	1.230780e-01	1.041598e+00	5.136725e-02	2.292855e-09	1.991602e-09	3.496565e-11	1.423155e-09	-2.731370e-11	1.000177e+02	
10  5256.61	2.230616e+00	1.230780e-01	1.041598e+00	5.136725e-02	2.292855e-09	1.991602e-09	3.496565e-11	1.423155e-09	-2.731370e-11	1.000738e+02	
27  5258.3	2.230616e+00	1.230780e-01	1.041598e+00	5.136725e-02	2.292855e-09	1.991602e-09	3.496565e-11	1.423155e-09	-2.731370e-11	1.003474e+02	
6  5258.99	2.260150e+00	1.217421e-01	1.041506e+00	5.390055e-02	2.274881e-09	2.000547e-09	1.248140e-11	1.488609e-09	-2.217507e-11	9.974795e+01	
35  5257.97	2.249857e+00	1.230130e-01	1.040517e+00	5.107491e-02	2.353811e-09	1.992084e-09	1.631102e-11	6.112466e-10	-6.270384e-11	1.000022e+02	
1  5260.98	2.256268e+00	1.212320e-01	1.041420e+00	6.579963e-02	2.366834e-09	2.058015e-09	5.530837e-11	8.865745e-10	-7.090821e-11	1.002118e+02	
1  5261.8	2.286557e+00	1.192840e-01	1.041297e+00	7.072933e-02	2.329356e-09	2.071616e-09	2.951844e-11	1.190706e-09	-3.879368e-11	9.958888e+01	
10  5261.36	2.286557e+00	1.192840e-01	1.041297e+00	7.072933e-02	2.329356e-09	2.071616e-09	2.951844e-11	1.190706e-09	-3.879368e-11	9.971045e+01	
4  5261.83	2.286557e+00	1.192840e-01	1.041297e+00	7.072933e-02	2.329356e-09	2.071616e-09	2.951844e-11	1.190706e-09	-3.879368e-11	1.001178e+02	
46  5259.62	2.296612e+00	1.200407e-01	1.041759e+00	5.874596e-02	2.289705e-09	2.017473e-09	1.174202e-11	2.197740e-09	-7.583173e-12	9.982160e+01	
54  5259.69	2.296612e+00	1.200407e-01	1.041759e+00	5.874596e-02	2.289705e-09	2.017473e-09	1.174202e-11	2.197740e-09	-7.583173e-12	9.994689e+01	
8  5259.76	2.265173e+00	1.219850e-01	1.041832e+00	4.287882e-02	2.263438e-09	1.956302e-09	3.798164e-11	1.156738e-09	-2.230126e-11	1.001022e+02	
16  5260.61	2.266308e+00	1.226272e-01	1.041409e+00	4.806961e-02	2.319314e-09	1.975729e-09	1.612980e-11	2.674447e-09	-2.764146e-11	1.003962e+02	
18  5260.43	2.276354e+00	1.199613e-01	1.041554e+00	6.252643e-02	2.366693e-09	2.041212e-09	7.475334e-11	4.194843e-10	-9.408084e-11	1.001715e+02	
34  5260.12	2.279297e+00	1.195242e-01	1.040610e+00	6.725031e-02	2.398725e-09	2.055247e-09	6.858316e-11	3.397200e-10	-1.126323e-10	1.000282e+02	
8  5259.91	2.279297e+00	1.195242e-01	1.040610e+00	6.725031e-02	2.398725e-09	2.055247e-09	6.858316e-11	3.397200e-10	-1.126323e-10	9.991575e+01	
82  5257.23	2.267417e+00	1.186290e-01	1.041277e+00	7.866594e-02	2.422065e-09	2.099825e-09	9.711028e-11	1.936443e-10	-1.276222e-10	1.003419e+02	
10  5257.37	2.267417e+00	1.186290e-01	1.041277e+00	7.866594e-02	2.422065e-09	2.099825e-09	9.711028e-11	1.936443e-10	-1.276222e-10	1.003584e+02	
15  5256.64	2.267417e+00	1.186290e-01	1.041277e+00	7.866594e-02	2.422065e-09	2.099825e-09	9.711028e-11	1.936443e-10	-1.276222e-10	9.950217e+01	
16  5255.46	2.252216e+00	1.177478e-01	1.041870e+00	8.664607e-02	2.406902e-09	2.134485e-09	6.254182e-11	2.890562e-10	-8.681538e-11	9.988171e+01	
49  5253.89	2.246870e+00	1.190538e-01	1.042013e+00	7.473044e-02	2.363406e-09	2.087844e-09	3.730445e-11	1.610749e-10	-5.078322e-11	9.990451e+01	
59  5253.93	2.246870e+00	1.190538e-01	1.042013e+00	7.473044e-02	2.363406e-09	2.087844e-09	3.730445e-11	1.610749e-10	-5.078322e-11	9.994386e+01	
31  5254.75	2.240851e+00	1.166928e-01	1.042222e+00	9.039368e-02	2.346438e-09	2.143336e-09	2.130028e-11	9.942707e-10	6.264854e-12	1.001263e+02	
28  5254.43	2.240851e+00	1.166928e-01	1.042222e+00	9.039368e-02	2.346438e-09	2.143336e-09	2.130028e-11	9.942707e-10	6.264854e-12	9.999463e+01	
18  5255.46	2.271062e+00	1.192070e-01	1.041627e+00	8.265638e-02	2.406527e-09	2.114825e-09	5.314281e-11	1.029787e-09	-6.594889e-11	9.993814e+01	
3  5254.82	2.269438e+00	1.190181e-01	1.041546e+00	8.410974e-02	2.450749e-09	2.121888e-09	3.638242e-11	6.733772e-10	-6.832843e-11	1.000527e+02	
1  5253.85	2.254476e+00	1.182558e-01	1.041627e+00	8.720636e-02	2.442829e-09	2.133993e-09	9.120236e-11	1.141225e-10	-9.657011e-11	1.000302e+02	
22  5254.62	2.254476e+00	1.182558e-01	1.041627e+00	8.720636e-02	2.442829e-09	2.133993e-09	9.120236e-11	1.141225e-10	-9.657011e-11	9.963919e+01	
38  5254.24	2.248345e+00	1.211662e-01	1.041492e+00	7.664070e-02	2.439318e-09	2.098238e-09	1.276639e-10	9.208984e-11	-1.071393e-10	1.001193e+02	
15  5255.04	2.248345e+00	1.211662e-01	1.041492e+00	7.664070e-02	2.439318e-09	2.098238e-09	1.276639e-10	9.208984e-11	-1.071393e-10	9.970927e+01	
104  5256.13	2.220440e+00	1.232181e-01	1.041616e+00	6.135030e-02	2.396226e-09	2.042533e-09	1.376298e-10	9.186202e-11	-9.507451e-11	9.990258e+01	
2  5256.37	2.245832e+00	1.229300e-01	1.041648e+00	7.247282e-02	2.440894e-09	2.080627e-09	1.324294e-10	9.157847e-10	-8.752243e-11	1.001824e+02	
7  5256.36	2.208825e+00	1.229371e-01	1.041827e+00	6.440305e-02	2.331084e-09	2.047103e-09	1.028494e-10	7.427356e-10	-2.281537e-11	1.001637e+02	
1  5256.02	2.220494e+00	1.222155e-01	1.041464e+00	6.865028e-02	2.359223e-09	2.061708e-09	8.198191e-11	1.071910e-09	-5.075349e-12	1.000987e+02	
1  5257.51	2.213125e+00	1.220502e-01	1.041481e+00	7.753106e-02	2.401928e-09	2.095858e-09	2.971200e-11	1.167722e-09	5.237968e-12	1.005278e+02	
15  5258.77	2.213125e+00	1.220502e-01	1.041481e+00	7.753106e-02	2.401928e-09	2.095858e-09	2.971200e-11	1.167722e-09	5.237968e-12	1.006716e+02	
3  5261.05	2.214316e+00	1.214564e-01	1.041492e+00	8.327457e-02	2.435536e-09	2.118175e-09	5.059431e-11	1.217405e-09	-3.333621e-12	1.008063e+02	
3  5262.94	2.225277e+00	1.197518e-01	1.041532e+00	7.109536e-02	2.360962e-09	2.062321e-09	2.581092e-11	2.027555e-09	1.593706e-11	9.951691e+01	
9  5260.19	2.213352e+00	1.250736e-01	1.040393e+00	5.224561e-02	2.395319e-09	1.989673e-09	5.216834e-11	1.706453e-09	-3.247501e-11	1.001494e+02	
18  5260.54	2.213352e+00	1.250736e-01	1.040393e+00	5.224561e-02	2.395319e-09	1.989673e-09	5.216834e-11	1.706453e-09	-3.247501e-11	9.981740e+01	
1  5259.06	2.220146e+00	1.216436e-01	1.040752e+00	8.849902e-02	2.519757e-09	2.136987e-09	6.139768e-11	1.087176e-09	-6.362884e-11	1.004973e+02	
2  5256.2	2.255985e+00	1.213858e-01	1.040826e+00	8.439117e-02	2.488235e-09	2.121927e-09	4.196480e-11	1.436745e-09	-3.887092e-11	1.000042e+02	
4  5254.29	2.237782e+00	1.224778e-01	1.040874e+00	7.456692e-02	2.486381e-09	2.089536e-09	3.493480e-11	3.232232e-10	-7.552124e-11	9.992643e+01	
15  5254.05	2.246122e+00	1.203526e-01	1.041445e+00	8.040461e-02	2.446555e-09	2.110833e-09	1.122080e-11	1.184484e-10	-3.519872e-11	9.964474e+01	
1  5253.19	2.246122e+00	1.203526e-01	1.041445e+00	8.040461e-02	2.446555e-09	2.110833e-09	1.122080e-11	1.184484e-10	-3.519872e-11	9.980775e+01	
2  5258.43	2.266138e+00	1.181468e-01	1.042572e+00	1.056153e-01	2.496099e-09	2.219814e-09	3.231822e-11	2.304663e-10	-5.974430e-12	1.005596e+02	
37  5257.56	2.226719e+00	1.164059e-01	1.043599e+00	9.981216e-02	2.388464e-09	2.192339e-09	1.295727e-11	6.064390e-10	3.819081e-11	1.001237e+02	
7  5257.5	2.226719e+00	1.164059e-01	1.043599e+00	9.981216e-02	2.388464e-09	2.192339e-09	1.295727e-11	6.064390e-10	3.819081e-11	9.998554e+01	
53  5255.84	2.201525e+00	1.197476e-01	1.042838e+00	8.585417e-02	2.390023e-09	2.134075e-09	1.477222e-11	8.312955e-10	7.704516e-12	1.002869e+02	
31  5255.93	2.201525e+00	1.197476e-01	1.042838e+00	8.585417e-02	2.390023e-09	2.134075e-09	1.477222e-11	8.312955e-10	7.704516e-12	1.003062e+02	
39  5255.78	2.214633e+00	1.198837e-01	1.042594e+00	8.705540e-02	2.397956e-09	2.136714e-09	4.828459e-11	6.567227e-10	-2.545917e-12	1.003060e+02	
26  5255.47	2.214633e+00	1.198837e-01	1.042594e+00	8.705540e-02	2.397956e-09	2.136714e-09	4.828459e-11	6.567227e-10	-2.545917e-12	9.977099e+01	
17  5258.08	2.212414e+00	1.191625e-01	1.042365e+00	9.753116e-02	2.456561e-09	2.183257e-09	6.345986e-11	8.678622e-10	5.234838e-13	1.001685e+02	
10  5258.4	2.240695e+00	1.201766e-01	1.042079e+00	9.576804e-02	2.561981e-09	2.178284e-09	3.399913e-11	4.250821e-10	-4.389514e-11	1.001808e+02	
1  5257.19	2.250291e+00	1.194698e-01	1.042268e+00	9.439269e-02	2.512816e-09	2.169429e-09	3.879440e-11	8.194476e-10	-4.618969e-11	9.969011e+01	
6  5256.81	2.235227e+00	1.212289e-01	1.041636e+00	8.966253e-02	2.542223e-09	2.148330e-09	5.590732e-11	2.695213e-10	-4.840269e-11	1.001848e+02	
12  5257.58	2.235227e+00	1.212289e-01	1.041636e+00	8.966253e-02	2.542223e-09	2.148330e-09	5.590732e-11	2.695213e-10	-4.840269e-11	1.004257e+02	
13  5256.42	2.232166e+00	1.197209e-01	1.042160e+00	8.674541e-02	2.467659e-09	2.134533e-09	5.785596e-11	6.933263e-10	-4.915380e-11	9.970475e+01	
21  5256.09	2.243318e+00	1.200338e-01	1.041735e+00	8.906036e-02	2.514533e-09	2.147896e-09	7.047904e-11	2.727363e-10	-7.411453e-11	9.979649e+01	
234  5257.28	2.271475e+00	1.182421e-01	1.041773e+00	1.172784e-01	2.653034e-09	2.265791e-09	1.059534e-10	1.979851e-10	-1.859023e-10	1.000111e+02	
10  5257.38	2.271475e+00	1.182421e-01	1.041773e+00	1.172784e-01	2.653034e-09	2.265791e-09	1.059534e-10	1.979851e-10	-1.859023e-10	1.001733e+02	
40  5259.43	2.271475e+00	1.182421e-01	1.041773e+00	1.172784e-01	2.653034e-09	2.265791e-09	1.059534e-10	1.979851e-10	-1.859023e-10	9.956955e+01	
72  5257.26	2.271475e+00	1.182421e-01	1.041773e+00	1.172784e-01	2.653034e-09	2.265791e-09	1.059534e-10	1.979851e-10	-1.859023e-10	1.000330e+02	
17  5257.62	2.248523e+00	1.186803e-01	1.042595e+00	9.818174e-02	2.505212e-09	2.190796e-09	1.068267e-10	3.310747e-11	-7.312586e-11	9.995657e+01	
1  5259.02	2.267407e+00	1.210736e-01	1.042518e+00	8.503235e-02	2.482793e-09	2.141275e-09	8.205063e-11	3.473504e-10	-7.824468e-11	9.982865e+01	
4  5260.64	2.267407e+00	1.210736e-01	1.042518e+00	8.503235e-02	2.482793e-09	2.141275e-09	8.205063e-11	3.473504e-10	-7.824468e-11	1.004790e+02	
12  5260.75	2.253315e+00	1.232934e-01	1.042342e+00	6.659981e-02	2.456866e-09	2.068504e-09	3.950202e-11	2.667243e-11	-4.454995e-11	1.005454e+02	
8  5257.26	2.260380e+00	1.233423e-01	1.042268e+00	5.272875e-02	2.350839e-09	2.002978e-09	2.241448e-11	1.316748e-09	-1.390396e-11	9.966729e+01	
12  5258.71	2.247771e+00	1.244040e-01	1.041848e+00	4.577734e-02	2.359865e-09	1.969946e-09	2.529292e-11	2.187354e-09	-1.622587e-11	9.967920e+01	
5  5259.95	2.237404e+00	1.229212e-01	1.042311e+00	6.098870e-02	2.389796e-09	2.032309e-09	5.976595e-11	2.189420e-09	-2.327057e-11	1.001095e+02	
9  5261.65	2.243680e+00	1.207133e-01	1.042165e+00	7.910814e-02	2.447484e-09	2.106061e-09	6.033496e-11	2.098935e-09	-2.980392e-11	1.002462e+02	
21  5261.78	2.243680e+00	1.207133e-01	1.042165e+00	7.910814e-02	2.447484e-09	2.106061e-09	6.033496e-11	2.098935e-09	-2.980392e-11	1.002747e+02	
6  5263.78	2.257535e+00	1.200049e-01	1.041694e+00	9.795080e-02	2.512665e-09	2.190056e-09	1.474278e-11	1.479618e-09	-4.556176e-11	1.006940e+02	
1  5259.77	2.261765e+00	1.186118e-01	1.042038e+00	8.993537e-02	2.480328e-09	2.154105e-09	5.711521e-11	3.840930e-10	-1.245678e-10	9.957942e+01	
1  5258.95	2.241171e+00	1.201440e-01	1.041904e+00	9.845107e-02	2.552436e-09	2.191727e-09	5.868801e-11	1.398377e-10	-1.276238e-10	1.007223e+02	
19  5257.82	2.224057e+00	1.207258e-01	1.041999e+00	8.491174e-02	2.522315e-09	2.134214e-09	9.450993e-11	1.365939e-10	-1.851076e-10	1.001291e+02	
6  5256.83	2.239368e+00	1.220155e-01	1.041557e+00	7.625388e-02	2.495852e-09	2.101728e-09	1.210665e-10	2.340828e-10	-1.849374e-10	9.996221e+01	
86  5259	2.261176e+00	1.225858e-01	1.041536e+00	7.644502e-02	2.551682e-09	2.102899e-09	1.955361e-10	2.372572e-10	-2.297701e-10	1.000388e+02	
13  5259.22	2.261176e+00	1.225858e-01	1.041536e+00	7.644502e-02	2.551682e-09	2.102899e-09	1.955361e-10	2.372572e-10	-2.297701e-10	1.001689e+02	
67  5260.63	2.258883e+00	1.218997e-01	1.041854e+00	7.733628e-02	2.515572e-09	2.108982e-09	1.313283e-10	2.223392e-10	-1.471557e-10	1.003277e+02	
6  5260.42	2.258883e+00	1.218997e-01	1.041854e+00	7.733628e-02	2.515572e-09	2.108982e-09	1.313283e-10	2.223392e-10	-1.471557e-10	9.976333e+01	
3  5261.64	2.241230e+00	1.229790e-01	1.041793e+00	5.873805e-02	2.414793e-09	2.028487e-09	8.618185e-11	9.650415e-10	-8.774482e-11	9.936059e+01	
3  5261.35	2.233996e+00	1.223708e-01	1.042768e+00	7.658474e-02	2.461949e-09	2.111435e-09	1.317041e-10	4.962946e-11	-1.006349e-10	1.003352e+02	
23  5262.52	2.271122e+00	1.234270e-01	1.042462e+00	7.038099e-02	2.443919e-09	2.080252e-09	1.616485e-10	7.328845e-10	-1.377822e-10	9.981423e+01	
9  5260.1	2.265187e+00	1.234399e-01	1.042011e+00	7.827347e-02	2.529723e-09	2.110171e-09	1.852614e-10	4.809354e-10	-1.559864e-10	1.003197e+02	
2  5261.23	2.274366e+00	1.239585e-01	1.041153e+00	7.876694e-02	2.561299e-09	2.106882e-09	1.367689e-10	1.404085e-09	-1.296489e-10	1.003686e+02	
1  5259.74	2.261647e+00	1.223241e-01	1.041561e+00	8.894319e-02	2.577695e-09	2.147924e-09	1.866121e-10	6.380982e-10	-1.767909e-10	1.003676e+02	
3  5259.96	2.269566e+00	1.235799e-01	1.041563e+00	7.088433e-02	2.542533e-09	2.075782e-09	2.157443e-10	2.560654e-10	-2.272547e-10	9.964948e+01	
5  5259.51	2.269566e+00	1.235799e-01	1.041563e+00	7.088433e-02	2.542533e-09	2.075782e-09	2.157443e-10	2.560654e-10	-2.272547e-10	9.972902e+01	
5  5258.75	2.287942e+00	1.218296e-01	1.041655e+00	8.771693e-02	2.591320e-09	2.144890e-09	1.931960e-10	1.150704e-10	-2.227786e-10	9.989811e+01	
23  5259.34	2.287942e+00	1.218296e-01	1.041655e+00	8.771693e-02	2.591320e-09	2.144890e-09	1.931960e-10	1.150704e-10	-2.227786e-10	9.976610e+01	
7  5259.19	2.282564e+00	1.215504e-01	1.041956e+00	8.634320e-02	2.526745e-09	2.138290e-09	2.117310e-10	2.652550e-11	-2.071017e-10	9.965716e+01	
30  5257.57	2.282564e+00	1.215504e-01	1.041956e+00	8.634320e-02	2.526745e-09	2.138290e-09	2.117310e-10	2.652550e-11	-2.071017e-10	1.000397e+02	
14  5258.47	2.282564e+00	1.215504e-01	1.041956e+00	8.634320e-02	2.526745e-09	2.138290e-09	2.117310e-10	2.652550e-11	-2.071017e-10	1.004022e+02	
39  5259.45	2.292463e+00	1.220273e-01	1.041217e+00	8.059062e-02	2.564383e-09	2.117363e-09	2.017379e-10	3.439303e-10	-2.532094e-10	9.991980e+01	
27  5258.32	2.289951e+00	1.218005e-01	1.040733e+00	8.956338e-02	2.596451e-09	2.151566e-09	2.058582e-10	3.610696e-10	-3.036907e-10	9.994092e+01	
10  5262.23	2.289951e+00	1.218005e-01	1.040733e+00	8.956338e-02	2.596451e-09	2.151566e-09	2.058582e-10	3.610696e-10	-3.036907e-10	1.006270e+02	
1  5258.61	2.289951e+00	1.218005e-01	1.040733e+00	8.956338e-02	2.596451e-09	2.151566e-09	2.058582e-10	3.610696e-10	-3.036907e-10	1.001491e+02	
9  5258.73	2.297095e+00	1.200573e-01	1.041173e+00	9.072139e-02	2.552168e-09	2.149698e-09	2.674704e-10	1.247183e-10	-3.342079e-10	9.951776e+01	
8  5257.67	2.297095e+00	1.200573e-01	1.041173e+00	9.072139e-02	2.552168e-09	2.149698e-09	2.674704e-10	1.247183e-10	-3.342079e-10	9.968732e+01	
22  5258.51	2.267304e+00	1.191460e-01	1.041590e+00	8.501373e-02	2.422375e-09	2.125514e-09	2.742048e-10	1.515052e-10	-2.505025e-10	9.959279e+01	
8  5258.6	2.267304e+00	1.191460e-01	1.041590e+00	8.501373e-02	2.422375e-09	2.125514e-09	2.742048e-10	1.515052e-10	-2.505025e-10	1.001500e+02	
15  5260.05	2.259288e+00	1.204328e-01	1.041796e+00	7.428525e-02	2.380025e-09	2.087151e-09	3.406807e-10	3.552142e-11	-2.469094e-10	1.002468e+02	
7  5262.83	2.285282e+00	1.190178e-01	1.041725e+00	7.597130e-02	2.403536e-09	2.090324e-09	3.400276e-10	3.144075e-10	-2.675616e-10	9.961813e+01	
3  5263.76	2.285282e+00	1.190178e-01	1.041725e+00	7.597130e-02	2.403536e-09	2.090324e-09	3.400276e-10	3.144075e-10	-2.675616e-10	9.942705e+01	
17  5261.67	2.276128e+00	1.204187e-01	1.041379e+00	6.777923e-02	2.406208e-09	2.052710e-09	3.391222e-10	1.375246e-10	-2.605409e-10	9.958777e+01	
23  5261.13	2.276128e+00	1.204187e-01	1.041379e+00	6.777923e-02	2.406208e-09	2.052710e-09	3.391222e-10	1.375246e-10	-2.605409e-10	9.999542e+01	
17  5260.46	2.279830e+00	1.192535e-01	1.041392e+00	8.371733e-02	2.491829e-09	2.120211e-09	3.517790e-10	1.485619e-10	-2.953699e-10	1.003337e+02	
34  5260.25	2.279830e+00	1.192535e-01	1.041392e+00	8.371733e-02	2.491829e-09	2.120211e-09	3.517790e-10	1.485619e-10	-2.953699e-10	1.003040e+02	
10  5258.6	2.264357e+00	1.184022e-01	1.041070e+00	8.517259e-02	2.462450e-09	2.122263e-09	3.375108e-10	6.146699e-11	-2.868533e-10	1.001001e+02	
6  5262.68	2.269476e+00	1.213265e-01	1.040857e+00	7.361396e-02	2.469946e-09	2.074362e-09	3.292544e-10	1.222350e-10	-2.925074e-10	1.004070e+02	
10  5261.56	2.269476e+00	1.213265e-01	1.040857e+00	7.361396e-02	2.469946e-09	2.074362e-09	3.292544e-10	1.222350e-10	-2.925074e-10	9.964271e+01	
1  5262.86	2.269476e+00	1.213265e-01	1.040857e+00	7.361396e-02	2.469946e-09	2.074362e-09	3.292544e-10	1.222350e-10	-2.925074e-10	1.004277e+02	
8  5261.68	2.260961e+00	1.211830e-01	1.040933e+00	6.001152e-02	2.387598e-09	2.020843e-09	3.139917e-10	2.003090e-10	-2.813066e-10	9.970003e+01	
27  5262.32	2.264210e+00	1.208652e-01	1.040935e+00	6.147385e-02	2.367829e-09	2.027510e-09	3.001471e-10	3.005604e-10	-2.547677e-10	9.970507e+01	
6  5261.13	2.265658e+00	1.179735e-01	1.041732e+00	8.658318e-02	2.389037e-09	2.132313e-09	2.442717e-10	2.643748e-10	-1.840519e-10	1.003371e+02	
21  5262.48	2.286665e+00	1.203641e-01	1.040451e+00	7.873403e-02	2.511616e-09	2.098552e-09	3.146700e-10	4.204702e-10	-2.958855e-10	1.002142e+02	
7  5261.8	2.286521e+00	1.209957e-01	1.040426e+00	7.074421e-02	2.507918e-09	2.065725e-09	3.395620e-10	2.312288e-10	-3.411352e-10	9.986360e+01	
47  5262.81	2.286521e+00	1.209957e-01	1.040426e+00	7.074421e-02	2.507918e-09	2.065725e-09	3.395620e-10	2.312288e-10	-3.411352e-10	1.002445e+02	
3  5263.68	2.295145e+00	1.220844e-01	1.041421e+00	6.639157e-02	2.487106e-09	2.053340e-09	3.547137e-10	1.444691e-10	-3.463644e-10	1.004431e+02	
64  5262.64	2.295145e+00	1.220844e-01	1.041421e+00	6.639157e-02	2.487106e-09	2.053340e-09	3.547137e-10	1.444691e-10	-3.463644e-10	1.003227e+02	
136  5261.74	2.298146e+00	1.208912e-01	1.041927e+00	6.210277e-02	2.455550e-09	2.039102e-09	3.082772e-10	6.826920e-11	-3.357409e-10	9.973799e+01	
20  5262.05	2.298146e+00	1.208912e-01	1.041927e+00	6.210277e-02	2.455550e-09	2.039102e-09	3.082772e-10	6.826920e-11	-3.357409e-10	1.000763e+02	
20  5262.36	2.298146e+00	1.208912e-01	1.041927e+00	6.210277e-02	2.455550e-09	2.039102e-09	3.082772e-10	6.826920e-11	-3.357409e-10	1.001449e+02	
4  5261.63	2.298146e+00	1.208912e-01	1.041927e+00	6.210277e-02	2.455550e-09	2.039102e-09	3.082772e-10	6.826920e-11	-3.357409e-10	9.982165e+01	
16  5259.25	2.292574e+00	1.195662e-01	1.042216e+00	6.992849e-02	2.442769e-09	2.066868e-09	2.994831e-10	3.547456e-11	-3.428526e-10	9.971915e+01	
20  5259.37	2.292574e+00	1.195662e-01	1.042216e+00	6.992849e-02	2.442769e-09	2.066868e-09	2.994831e-10	3.547456e-11	-3.428526e-10	1.000027e+02	
44  5260.28	2.292574e+00	1.195662e-01	1.042216e+00	6.992849e-02	2.442769e-09	2.066868e-09	2.994831e-10	3.547456e-11	-3.428526e-10	9.947742e+01	
6  5261.78	2.285278e+00	1.224123e-01	1.041097e+00	7.659628e-02	2.565262e-09	2.096537e-09	3.488587e-10	1.209539e-10	-3.979260e-10	1.005986e+02	
40  5258.32	2.285278e+00	1.224123e-01	1.041097e+00	7.659628e-02	2.565262e-09	2.096537e-09	3.488587e-10	1.209539e-10	-3.979260e-10	9.996097e+01	
20  5258.6	2.285278e+00	1.224123e-01	1.041097e+00	7.659628e-02	2.565262e-09	2.096537e-09	3.488587e-10	1.209539e-10	-3.979260e-10	1.001564e+02	
98  5258.83	2.285278e+00	1.224123e-01	1.041097e+00	7.659628e-02	2.565262e-09	2.096537e-09	3.488587e-10	1.209539e-10	-3.979260e-10	1.002167e+02	
52  5258.87	2.260998e+00	1.241855e-01	1.040912e+00	6.325821e-02	2.484485e-09	2.041048e-09	2.972831e-10	8.020526e-11	-3.552699e-10	1.002625e+02	
