5  5364.6	2.259938e+00	1.141449e-01	1.042866e+00	8.765313e-02	2.363499e-09	2.161118e-09	2.444595e-11	3.772008e-09	-3.091153e-11	9.954204e+01	
1  5360.82	2.262244e+00	1.173083e-01	1.041302e+00	9.894517e-02	2.583713e-09	2.215383e-09	5.023821e-11	1.266757e-09	-1.015666e-10	1.011598e+02	
6  5339.66	2.227548e+00	1.159682e-01	1.042434e+00	8.676111e-02	2.462131e-09	2.158649e-09	2.463501e-11	1.177663e-09	-5.480880e-11	1.005668e+02	
10  5320.96	2.211525e+00	1.183828e-01	1.041536e+00	7.871979e-02	2.485232e-09	2.123912e-09	5.866353e-11	4.838480e-10	-1.042729e-10	1.008282e+02	
9  5297	2.213483e+00	1.216531e-01	1.040120e+00	6.239339e-02	2.549511e-09	2.049424e-09	1.098807e-10	3.393125e-10	-2.135891e-10	1.005567e+02	
1  5295.08	2.187000e+00	1.200767e-01	1.039962e+00	6.264672e-02	2.497161e-09	2.041888e-09	4.319228e-11	5.907585e-10	-1.604794e-10	1.002542e+02	
32  5291.12	2.213906e+00	1.238693e-01	1.039379e+00	4.798744e-02	2.539871e-09	1.983716e-09	9.857967e-11	1.286515e-09	-2.013279e-10	1.004660e+02	
10  5276	2.201396e+00	1.211070e-01	1.040804e+00	4.282716e-02	2.393706e-09	1.957788e-09	5.827613e-11	6.445113e-10	-1.298647e-10	9.970546e+01	
2  5274.82	2.193483e+00	1.195359e-01	1.040643e+00	4.306360e-02	2.328861e-09	1.955831e-09	4.485892e-11	2.665718e-10	-1.162317e-10	9.915915e+01	
10  5267.67	2.223856e+00	1.221865e-01	1.040164e+00	4.858133e-02	2.469117e-09	1.980402e-09	9.624157e-11	3.168501e-10	-2.126359e-10	9.982170e+01	
3  5269.24	2.219048e+00	1.167504e-01	1.041232e+00	6.889402e-02	2.392383e-09	2.055388e-09	1.047585e-10	8.148750e-12	-1.940459e-10	9.912568e+01	
20  5266.52	2.219048e+00	1.167504e-01	1.041232e+00	6.889402e-02	2.392383e-09	2.055388e-09	1.047585e-10	8.148750e-12	-1.940459e-10	9.938783e+01	
30  5265.17	2.219048e+00	1.167504e-01	1.041232e+00	6.889402e-02	2.392383e-09	2.055388e-09	1.047585e-10	8.148750e-12	-1.940459e-10	1.000420e+02	
19  5265.01	2.219048e+00	1.167504e-01	1.041232e+00	6.889402e-02	2.392383e-09	2.055388e-09	1.047585e-10	8.148750e-12	-1.940459e-10	9.966147e+01	
68  5262.44	2.244985e+00	1.179269e-01	1.041430e+00	7.444123e-02	2.474878e-09	2.080366e-09	1.573689e-10	2.380011e-11	-2.462939e-10	1.001257e+02	
28  5262.83	2.240754e+00	1.181718e-01	1.041217e+00	7.260308e-02	2.449107e-09	2.067369e-09	2.321704e-10	7.088802e-11	-3.507361e-10	9.955412e+01	
134  5262.28	2.213275e+00	1.201303e-01	1.041025e+00	6.290393e-02	2.448717e-09	2.030444e-09	1.891673e-10	3.323428e-11	-3.074502e-10	1.000943e+02	
41  5257.96	2.236606e+00	1.198519e-01	1.041138e+00	6.989510e-02	2.458655e-09	2.059106e-09	2.862730e-10	2.773224e-11	-3.713672e-10	9.998730e+01	
160  5258.42	2.236606e+00	1.198519e-01	1.041138e+00	6.989510e-02	2.458655e-09	2.059106e-09	2.862730e-10	2.773224e-11	-3.713672e-10	9.962165e+01	
40  5257.85	2.236606e+00	1.198519e-01	1.041138e+00	6.989510e-02	2.458655e-09	2.059106e-09	2.862730e-10	2.773224e-11	-3.713672e-10	9.984925e+01	
20  5257.91	2.236606e+00	1.198519e-01	1.041138e+00	6.989510e-02	2.458655e-09	2.059106e-09	2.862730e-10	2.773224e-11	-3.713672e-10	9.995937e+01	
30  5258.12	2.236606e+00	1.198519e-01	1.041138e+00	6.989510e-02	2.458655e-09	2.059106e-09	2.862730e-10	2.773224e-11	-3.713672e-10	1.000500e+02	
50  5257.87	2.236606e+00	1.198519e-01	1.041138e+00	6.989510e-02	2.458655e-09	2.059106e-09	2.862730e-10	2.773224e-11	-3.713672e-10	9.992842e+01	
20  5259.18	2.236606e+00	1.198519e-01	1.041138e+00	6.989510e-02	2.458655e-09	2.059106e-09	2.862730e-10	2.773224e-11	-3.713672e-10	9.948911e+01	
170  5257.85	2.236606e+00	1.198519e-01	1.041138e+00	6.989510e-02	2.458655e-09	2.059106e-09	2.862730e-10	2.773224e-11	-3.713672e-10	9.985990e+01	
110  5258.02	2.236606e+00	1.198519e-01	1.041138e+00	6.989510e-02	2.458655e-09	2.059106e-09	2.862730e-10	2.773224e-11	-3.713672e-10	9.973617e+01	
150  5257.94	2.236606e+00	1.198519e-01	1.041138e+00	6.989510e-02	2.458655e-09	2.059106e-09	2.862730e-10	2.773224e-11	-3.713672e-10	9.997699e+01	
10  5258.28	2.236606e+00	1.198519e-01	1.041138e+00	6.989510e-02	2.458655e-09	2.059106e-09	2.862730e-10	2.773224e-11	-3.713672e-10	9.965378e+01	
50  5259.83	2.236606e+00	1.198519e-01	1.041138e+00	6.989510e-02	2.458655e-09	2.059106e-09	2.862730e-10	2.773224e-11	-3.713672e-10	1.003439e+02	
9  5260.7	2.236606e+00	1.198519e-01	1.041138e+00	6.989510e-02	2.458655e-09	2.059106e-09	2.862730e-10	2.773224e-11	-3.713672e-10	1.004374e+02	
21  5260.96	2.223428e+00	1.197746e-01	1.041413e+00	6.027995e-02	2.392039e-09	2.023281e-09	2.018011e-10	3.571640e-11	-2.862104e-10	1.003109e+02	
10  5259.64	2.223428e+00	1.197746e-01	1.041413e+00	6.027995e-02	2.392039e-09	2.023281e-09	2.018011e-10	3.571640e-11	-2.862104e-10	1.001389e+02	
20  5259.97	2.223428e+00	1.197746e-01	1.041413e+00	6.027995e-02	2.392039e-09	2.023281e-09	2.018011e-10	3.571640e-11	-2.862104e-10	1.001893e+02	
10  5259.01	2.223428e+00	1.197746e-01	1.041413e+00	6.027995e-02	2.392039e-09	2.023281e-09	2.018011e-10	3.571640e-11	-2.862104e-10	1.000157e+02	
110  5259.93	2.223428e+00	1.197746e-01	1.041413e+00	6.027995e-02	2.392039e-09	2.023281e-09	2.018011e-10	3.571640e-11	-2.862104e-10	9.941041e+01	
120  5258.65	2.223428e+00	1.197746e-01	1.041413e+00	6.027995e-02	2.392039e-09	2.023281e-09	2.018011e-10	3.571640e-11	-2.862104e-10	9.988428e+01	
30  5259.07	2.223428e+00	1.197746e-01	1.041413e+00	6.027995e-02	2.392039e-09	2.023281e-09	2.018011e-10	3.571640e-11	-2.862104e-10	1.000304e+02	
13  5258.93	2.223428e+00	1.197746e-01	1.041413e+00	6.027995e-02	2.392039e-09	2.023281e-09	2.018011e-10	3.571640e-11	-2.862104e-10	9.959991e+01	
46  5259.8	2.247618e+00	1.174890e-01	1.041882e+00	7.596365e-02	2.370468e-09	2.090619e-09	1.659326e-10	1.270156e-10	-1.982650e-10	9.983364e+01	
91  5255.95	2.265831e+00	1.193958e-01	1.042240e+00	7.209708e-02	2.380587e-09	2.076593e-09	1.392805e-10	5.541335e-12	-1.695392e-10	1.003360e+02	
10  5254.53	2.265831e+00	1.193958e-01	1.042240e+00	7.209708e-02	2.380587e-09	2.076593e-09	1.392805e-10	5.541335e-12	-1.695392e-10	9.969846e+01	
10  5254.28	2.265831e+00	1.193958e-01	1.042240e+00	7.209708e-02	2.380587e-09	2.076593e-09	1.392805e-10	5.541335e-12	-1.695392e-10	9.978919e+01	
130  5254.48	2.265831e+00	1.193958e-01	1.042240e+00	7.209708e-02	2.380587e-09	2.076593e-09	1.392805e-10	5.541335e-12	-1.695392e-10	1.000759e+02	
50  5254.8	2.265831e+00	1.193958e-01	1.042240e+00	7.209708e-02	2.380587e-09	2.076593e-09	1.392805e-10	5.541335e-12	-1.695392e-10	1.001543e+02	
60  5254.57	2.265831e+00	1.193958e-01	1.042240e+00	7.209708e-02	2.380587e-09	2.076593e-09	1.392805e-10	5.541335e-12	-1.695392e-10	1.000991e+02	
20  5254.37	2.265831e+00	1.193958e-01	1.042240e+00	7.209708e-02	2.380587e-09	2.076593e-09	1.392805e-10	5.541335e-12	-1.695392e-10	9.974852e+01	
50  5254.19	2.265831e+00	1.193958e-01	1.042240e+00	7.209708e-02	2.380587e-09	2.076593e-09	1.392805e-10	5.541335e-12	-1.695392e-10	9.992595e+01	
25  5254.3	2.265831e+00	1.193958e-01	1.042240e+00	7.209708e-02	2.380587e-09	2.076593e-09	1.392805e-10	5.541335e-12	-1.695392e-10	1.000069e+02	
19  5255.67	2.272275e+00	1.202989e-01	1.041027e+00	6.961307e-02	2.419604e-09	2.061960e-09	1.537732e-10	2.788448e-11	-1.997695e-10	9.989635e+01	
12  5260.8	2.256923e+00	1.217908e-01	1.040754e+00	6.848655e-02	2.493929e-09	2.055313e-09	1.226829e-10	2.129000e-11	-1.928099e-10	1.005638e+02	
4  5258.13	2.246978e+00	1.209577e-01	1.041134e+00	6.646354e-02	2.443365e-09	2.045510e-09	1.143745e-10	1.133395e-10	-1.863639e-10	1.002256e+02	
230  5257.17	2.246978e+00	1.209577e-01	1.041134e+00	6.646354e-02	2.443365e-09	2.045510e-09	1.143745e-10	1.133395e-10	-1.863639e-10	1.000102e+02	
30  5257.03	2.246978e+00	1.209577e-01	1.041134e+00	6.646354e-02	2.443365e-09	2.045510e-09	1.143745e-10	1.133395e-10	-1.863639e-10	9.992812e+01	
120  5257.07	2.246978e+00	1.209577e-01	1.041134e+00	6.646354e-02	2.443365e-09	2.045510e-09	1.143745e-10	1.133395e-10	-1.863639e-10	9.996240e+01	
5  5257.01	2.246978e+00	1.209577e-01	1.041134e+00	6.646354e-02	2.443365e-09	2.045510e-09	1.143745e-10	1.133395e-10	-1.863639e-10	9.982967e+01	
44  5258.52	2.263363e+00	1.215321e-01	1.040985e+00	6.014736e-02	2.481526e-09	2.023973e-09	4.295632e-11	3.109014e-11	-1.870301e-10	9.958329e+01	
41  5256.53	2.273345e+00	1.210585e-01	1.040683e+00	7.428610e-02	2.517874e-09	2.083234e-09	4.950493e-11	2.425705e-10	-1.539408e-10	1.001935e+02	
90  5256.14	2.273345e+00	1.210585e-01	1.040683e+00	7.428610e-02	2.517874e-09	2.083234e-09	4.950493e-11	2.425705e-10	-1.539408e-10	1.000943e+02	
3  5258.07	2.273345e+00	1.210585e-01	1.040683e+00	7.428610e-02	2.517874e-09	2.083234e-09	4.950493e-11	2.425705e-10	-1.539408e-10	9.943018e+01	
17  5256.34	2.283999e+00	1.206298e-01	1.040799e+00	8.259156e-02	2.512259e-09	2.117901e-09	6.480498e-11	3.072632e-10	-1.474023e-10	9.962386e+01	
5  5255.77	2.283999e+00	1.206298e-01	1.040799e+00	8.259156e-02	2.512259e-09	2.117901e-09	6.480498e-11	3.072632e-10	-1.474023e-10	9.974393e+01	
55  5255.47	2.283894e+00	1.208291e-01	1.041652e+00	8.060144e-02	2.477847e-09	2.109746e-09	6.904596e-11	4.453184e-10	-9.354723e-11	1.000840e+02	
14  5258.76	2.283894e+00	1.208291e-01	1.041652e+00	8.060144e-02	2.477847e-09	2.109746e-09	6.904596e-11	4.453184e-10	-9.354723e-11	1.005721e+02	
6  5260.65	2.275609e+00	1.182062e-01	1.042263e+00	9.731911e-02	2.471269e-09	2.182763e-09	1.073259e-10	1.934873e-11	-8.299130e-11	1.007729e+02	
30  5258.36	2.275609e+00	1.182062e-01	1.042263e+00	9.731911e-02	2.471269e-09	2.182763e-09	1.073259e-10	1.934873e-11	-8.299130e-11	1.005766e+02	
36  5255.92	2.275609e+00	1.182062e-01	1.042263e+00	9.731911e-02	2.471269e-09	2.182763e-09	1.073259e-10	1.934873e-11	-8.299130e-11	1.002010e+02	
21  5257.05	2.275943e+00	1.194969e-01	1.042436e+00	8.683897e-02	2.456175e-09	2.135182e-09	2.393587e-11	1.366234e-09	-3.790605e-11	1.001397e+02	
107  5253.63	2.248184e+00	1.225956e-01	1.041238e+00	6.438597e-02	2.445780e-09	2.046147e-09	5.952549e-11	2.246306e-10	-1.032989e-10	9.991318e+01	
126  5253.54	2.243432e+00	1.223828e-01	1.041359e+00	6.607693e-02	2.451359e-09	2.052090e-09	4.632769e-11	2.028216e-10	-9.534119e-11	1.000082e+02	
20  5256.63	2.243432e+00	1.223828e-01	1.041359e+00	6.607693e-02	2.451359e-09	2.052090e-09	4.632769e-11	2.028216e-10	-9.534119e-11	9.936630e+01	
20  5256.49	2.243432e+00	1.223828e-01	1.041359e+00	6.607693e-02	2.451359e-09	2.052090e-09	4.632769e-11	2.028216e-10	-9.534119e-11	1.005284e+02	
15  5253.93	2.243432e+00	1.223828e-01	1.041359e+00	6.607693e-02	2.451359e-09	2.052090e-09	4.632769e-11	2.028216e-10	-9.534119e-11	9.974039e+01	
25  5252.82	2.234882e+00	1.219588e-01	1.041945e+00	6.593185e-02	2.421835e-09	2.053889e-09	3.031789e-11	3.940509e-11	-6.034584e-11	9.986742e+01	
10  5253.98	2.234882e+00	1.219588e-01	1.041945e+00	6.593185e-02	2.421835e-09	2.053889e-09	3.031789e-11	3.940509e-11	-6.034584e-11	9.960551e+01	
3  5253.8	2.234882e+00	1.219588e-01	1.041945e+00	6.593185e-02	2.421835e-09	2.053889e-09	3.031789e-11	3.940509e-11	-6.034584e-11	9.963219e+01	
25  5253.59	2.235965e+00	1.208725e-01	1.041866e+00	8.277832e-02	2.481637e-09	2.125909e-09	4.611352e-11	7.348829e-12	-8.887798e-11	1.000025e+02	
52  5255.45	2.231867e+00	1.207983e-01	1.041952e+00	7.700559e-02	2.478492e-09	2.097137e-09	4.646658e-11	2.325192e-10	-8.557461e-11	9.978529e+01	
10  5255.72	2.231867e+00	1.207983e-01	1.041952e+00	7.700559e-02	2.478492e-09	2.097137e-09	4.646658e-11	2.325192e-10	-8.557461e-11	9.971063e+01	
22  5256.09	2.231867e+00	1.207983e-01	1.041952e+00	7.700559e-02	2.478492e-09	2.097137e-09	4.646658e-11	2.325192e-10	-8.557461e-11	9.963673e+01	
26  5258.08	2.226629e+00	1.222609e-01	1.042326e+00	7.571947e-02	2.486731e-09	2.095641e-09	7.017002e-11	4.344288e-10	-7.413379e-11	1.002515e+02	
4  5259.21	2.212459e+00	1.249044e-01	1.041754e+00	5.796707e-02	2.454493e-09	2.024045e-09	1.043824e-10	4.436037e-10	-8.660937e-11	1.002424e+02	
28  5259.11	2.232428e+00	1.224319e-01	1.042624e+00	6.469069e-02	2.401425e-09	2.051640e-09	1.598584e-10	7.025541e-11	-4.822162e-11	9.999021e+01	
10  5259.76	2.232428e+00	1.224319e-01	1.042624e+00	6.469069e-02	2.401425e-09	2.051640e-09	1.598584e-10	7.025541e-11	-4.822162e-11	9.974023e+01	
34  5260.11	2.232428e+00	1.224319e-01	1.042624e+00	6.469069e-02	2.401425e-09	2.051640e-09	1.598584e-10	7.025541e-11	-4.822162e-11	1.003439e+02	
1  5257.17	2.246780e+00	1.196946e-01	1.041760e+00	8.424756e-02	2.416308e-09	2.121686e-09	7.629851e-11	1.447612e-09	-1.045487e-11	1.000438e+02	
2  5258.94	2.270060e+00	1.213141e-01	1.041418e+00	9.126347e-02	2.529055e-09	2.150054e-09	6.609853e-11	1.773607e-09	-6.692322e-11	1.005360e+02	
54  5255.59	2.269198e+00	1.220033e-01	1.040914e+00	7.990579e-02	2.470316e-09	2.099307e-09	2.444416e-11	3.081325e-09	-3.175707e-11	1.000582e+02	
8  5255.66	2.266300e+00	1.208447e-01	1.040506e+00	8.528330e-02	2.505489e-09	2.123556e-09	3.949282e-11	8.867409e-10	-7.077392e-11	9.995383e+01	
1  5255.39	2.253426e+00	1.198579e-01	1.040742e+00	9.156147e-02	2.544277e-09	2.151130e-09	3.932712e-11	2.649969e-10	-9.629599e-11	1.000511e+02	
100  5255.64	2.253426e+00	1.198579e-01	1.040742e+00	9.156147e-02	2.544277e-09	2.151130e-09	3.932712e-11	2.649969e-10	-9.629599e-11	1.001998e+02	
6  5256.9	2.253426e+00	1.198579e-01	1.040742e+00	9.156147e-02	2.544277e-09	2.151130e-09	3.932712e-11	2.649969e-10	-9.629599e-11	9.962610e+01	
21  5257.18	2.254170e+00	1.204227e-01	1.040407e+00	9.495404e-02	2.556976e-09	2.164811e-09	8.464624e-11	6.127828e-10	-1.270215e-10	9.978906e+01	
3  5258.27	2.240112e+00	1.197341e-01	1.040906e+00	9.439781e-02	2.502624e-09	2.157056e-09	8.681535e-11	5.056690e-10	-8.963096e-11	9.981087e+01	
10  5258.15	2.240112e+00	1.197341e-01	1.040906e+00	9.439781e-02	2.502624e-09	2.157056e-09	8.681535e-11	5.056690e-10	-8.963096e-11	1.001847e+02	
3  5257.96	2.240112e+00	1.197341e-01	1.040906e+00	9.439781e-02	2.502624e-09	2.157056e-09	8.681535e-11	5.056690e-10	-8.963096e-11	1.001000e+02	
7  5261.26	2.234897e+00	1.195617e-01	1.041173e+00	1.016699e-01	2.523156e-09	2.187364e-09	6.700217e-11	8.109984e-10	-8.851662e-11	1.004202e+02	
4  5260.34	2.234897e+00	1.195617e-01	1.041173e+00	1.016699e-01	2.523156e-09	2.187364e-09	6.700217e-11	8.109984e-10	-8.851662e-11	1.002766e+02	
29  5259.73	2.229693e+00	1.183679e-01	1.041104e+00	9.655613e-02	2.482852e-09	2.165911e-09	7.186549e-11	6.517805e-10	-1.035256e-10	9.955315e+01	
17  5258.65	2.251795e+00	1.186081e-01	1.040983e+00	1.094869e-01	2.513731e-09	2.225025e-09	9.120630e-11	1.165550e-09	-1.121367e-10	1.000077e+02	
15  5258.66	2.251795e+00	1.186081e-01	1.040983e+00	1.094869e-01	2.513731e-09	2.225025e-09	9.120630e-11	1.165550e-09	-1.121367e-10	1.000169e+02	
4  5259.99	2.255730e+00	1.184381e-01	1.040850e+00	1.180465e-01	2.569314e-09	2.266168e-09	4.983417e-11	1.768501e-10	-9.883359e-11	1.005006e+02	
1  5260.49	2.255221e+00	1.181402e-01	1.040856e+00	1.118587e-01	2.551268e-09	2.237023e-09	3.335155e-11	8.308084e-10	-1.134895e-10	9.993887e+01	
4  5260.52	2.255221e+00	1.181402e-01	1.040856e+00	1.118587e-01	2.551268e-09	2.237023e-09	3.335155e-11	8.308084e-10	-1.134895e-10	9.996725e+01	
13  5259.34	2.294544e+00	1.192544e-01	1.040618e+00	1.047933e-01	2.534803e-09	2.207665e-09	7.174979e-11	1.043118e-09	-1.168880e-10	9.969576e+01	
14  5259.23	2.259746e+00	1.231685e-01	1.040746e+00	8.553381e-02	2.468710e-09	2.127488e-09	2.911080e-11	3.323295e-09	-3.069257e-11	1.004210e+02	
5  5258.91	2.241021e+00	1.236026e-01	1.040850e+00	7.608958e-02	2.479402e-09	2.089940e-09	9.877641e-11	1.552210e-09	-1.226139e-10	1.000846e+02	
6  5257.44	2.236045e+00	1.210567e-01	1.040650e+00	8.561371e-02	2.438634e-09	2.127801e-09	1.346765e-10	8.650747e-10	-1.005920e-10	9.984445e+01	
27  5256.34	2.236705e+00	1.223356e-01	1.040889e+00	7.555182e-02	2.421146e-09	2.090235e-09	1.422592e-10	5.852610e-10	-9.292395e-11	9.989555e+01	
40  5258.97	2.202258e+00	1.210375e-01	1.041521e+00	7.660238e-02	2.344841e-09	2.094073e-09	1.413083e-10	7.684373e-10	-6.854201e-11	9.979475e+01	
32  5256.89	2.215725e+00	1.211144e-01	1.041427e+00	7.976753e-02	2.403588e-09	2.102741e-09	9.668555e-11	1.765409e-09	-4.600463e-11	9.997511e+01	
29  5256.54	2.239418e+00	1.193689e-01	1.041111e+00	8.945938e-02	2.467773e-09	2.141657e-09	9.294416e-11	8.063165e-10	-8.938872e-11	9.961821e+01	
5  5257.58	2.239418e+00	1.193689e-01	1.041111e+00	8.945938e-02	2.467773e-09	2.141657e-09	9.294416e-11	8.063165e-10	-8.938872e-11	1.004405e+02	
25  5256.4	2.222877e+00	1.200066e-01	1.040848e+00	7.724024e-02	2.390257e-09	2.091907e-09	8.638168e-11	1.130423e-10	-5.705645e-11	1.002207e+02	
20  5255.99	2.222877e+00	1.200066e-01	1.040848e+00	7.724024e-02	2.390257e-09	2.091907e-09	8.638168e-11	1.130423e-10	-5.705645e-11	1.000516e+02	
10  5256.56	2.222877e+00	1.200066e-01	1.040848e+00	7.724024e-02	2.390257e-09	2.091907e-09	8.638168e-11	1.130423e-10	-5.705645e-11	1.002589e+02	
70  5255.98	2.222877e+00	1.200066e-01	1.040848e+00	7.724024e-02	2.390257e-09	2.091907e-09	8.638168e-11	1.130423e-10	-5.705645e-11	9.996446e+01	
5  5256.14	2.222877e+00	1.200066e-01	1.040848e+00	7.724024e-02	2.390257e-09	2.091907e-09	8.638168e-11	1.130423e-10	-5.705645e-11	9.986355e+01	
57  5256.74	2.233402e+00	1.215706e-01	1.041020e+00	6.667082e-02	2.366723e-09	2.047386e-09	5.899638e-11	3.072614e-10	-4.199366e-11	9.980878e+01	
28  5255.13	2.238209e+00	1.230114e-01	1.040965e+00	6.401730e-02	2.428561e-09	2.046082e-09	1.434526e-10	2.631791e-10	-1.252423e-10	9.996443e+01	
10  5255.34	2.238209e+00	1.230114e-01	1.040965e+00	6.401730e-02	2.428561e-09	2.046082e-09	1.434526e-10	2.631791e-10	-1.252423e-10	1.001540e+02	
18  5255.7	2.238209e+00	1.230114e-01	1.040965e+00	6.401730e-02	2.428561e-09	2.046082e-09	1.434526e-10	2.631791e-10	-1.252423e-10	9.974182e+01	
25  5255.79	2.246936e+00	1.229634e-01	1.041850e+00	6.477294e-02	2.398337e-09	2.053223e-09	1.370628e-10	2.431055e-10	-1.193299e-10	9.977252e+01	
19  5259.54	2.235583e+00	1.247728e-01	1.041792e+00	6.055959e-02	2.419154e-09	2.033643e-09	1.502780e-10	3.166490e-10	-1.210144e-10	1.002886e+02	
2  5261.85	2.267964e+00	1.234448e-01	1.040798e+00	6.147107e-02	2.442114e-09	2.026729e-09	1.149266e-10	1.695007e-09	-1.179309e-10	9.943917e+01	
11  5260	2.249342e+00	1.237792e-01	1.041015e+00	7.124851e-02	2.465251e-09	2.067614e-09	1.358115e-10	1.518671e-09	-1.037157e-10	1.003075e+02	
35  5260.11	2.246624e+00	1.228357e-01	1.041377e+00	6.907052e-02	2.433142e-09	2.058166e-09	1.695989e-10	9.865409e-10	-9.423534e-11	1.000908e+02	
7  5260.59	2.246624e+00	1.228357e-01	1.041377e+00	6.907052e-02	2.433142e-09	2.058166e-09	1.695989e-10	9.865409e-10	-9.423534e-11	9.971371e+01	
7  5258.98	2.255452e+00	1.204095e-01	1.042811e+00	8.862860e-02	2.472500e-09	2.147482e-09	1.665905e-10	9.310616e-11	-7.416101e-11	1.002482e+02	
14  5260.38	2.282547e+00	1.218690e-01	1.042043e+00	7.753564e-02	2.472245e-09	2.097533e-09	1.468515e-10	6.491345e-10	-9.932904e-11	9.968435e+01	
4  5260.99	2.294052e+00	1.205443e-01	1.042310e+00	9.167743e-02	2.482168e-09	2.152510e-09	1.051894e-10	1.895940e-09	-5.628110e-11	9.991594e+01	
1  5261.9	2.274251e+00	1.200819e-01	1.042120e+00	1.013743e-01	2.469700e-09	2.193148e-09	1.740700e-10	1.602735e-09	-6.576514e-11	1.003442e+02	
4  5263.07	2.266891e+00	1.194693e-01	1.042381e+00	9.702870e-02	2.399957e-09	2.167427e-09	1.357565e-10	2.978271e-09	-2.395124e-11	9.993072e+01	
21  5262.41	2.228356e+00	1.205024e-01	1.042780e+00	8.594623e-02	2.350215e-09	2.126095e-09	1.276179e-10	1.812827e-09	1.477175e-11	1.002973e+02	
1  5262.48	2.246907e+00	1.210349e-01	1.042351e+00	8.426635e-02	2.370169e-09	2.118208e-09	1.284668e-10	2.701265e-09	-5.226199e-11	9.977296e+01	
7  5262.56	2.243570e+00	1.188308e-01	1.043322e+00	9.245570e-02	2.315706e-09	2.151345e-09	7.505231e-11	3.799615e-09	1.057550e-11	9.963904e+01	
31  5261.8	2.245210e+00	1.193449e-01	1.043263e+00	8.807510e-02	2.325281e-09	2.133585e-09	8.985283e-11	2.848573e-09	1.317873e-11	9.974794e+01	
15  5261.23	2.236195e+00	1.205642e-01	1.043726e+00	7.357538e-02	2.327489e-09	2.079461e-09	3.015140e-11	2.033567e-09	3.990207e-11	9.978791e+01	
28  5263.5	2.225839e+00	1.201986e-01	1.044128e+00	7.953003e-02	2.310727e-09	2.114764e-09	8.700812e-11	5.688796e-10	5.068071e-11	1.003106e+02	
14  5263.91	2.225839e+00	1.201986e-01	1.044128e+00	7.953003e-02	2.310727e-09	2.114764e-09	8.700812e-11	5.688796e-10	5.068071e-11	1.003747e+02	
4  5263.07	2.220788e+00	1.211282e-01	1.043890e+00	6.468355e-02	2.246391e-09	2.050332e-09	8.066390e-11	1.789964e-09	5.898920e-11	9.980474e+01	
8  5260.43	2.206238e+00	1.229016e-01	1.043049e+00	5.623141e-02	2.303899e-09	2.012165e-09	3.997982e-11	2.359776e-09	1.768029e-11	9.975693e+01	
6  5258.83	2.252613e+00	1.203202e-01	1.043042e+00	7.965301e-02	2.387867e-09	2.109459e-09	5.470024e-11	1.795856e-09	-1.737145e-11	9.970457e+01	
14  5258.18	2.256095e+00	1.197358e-01	1.042918e+00	8.240039e-02	2.389645e-09	2.113801e-09	3.430877e-11	2.041101e-09	1.165455e-11	9.970843e+01	
25  5257.56	2.241228e+00	1.188530e-01	1.043046e+00	8.333427e-02	2.393424e-09	2.124120e-09	2.972312e-11	1.010654e-09	-3.567185e-12	9.960399e+01	
59  5255.34	2.206999e+00	1.202406e-01	1.042694e+00	7.552782e-02	2.366872e-09	2.092096e-09	5.327286e-11	3.036728e-10	-3.808134e-12	9.991517e+01	
8  5255.82	2.206999e+00	1.202406e-01	1.042694e+00	7.552782e-02	2.366872e-09	2.092096e-09	5.327286e-11	3.036728e-10	-3.808134e-12	9.972480e+01	
8  5258.07	2.206791e+00	1.231771e-01	1.042012e+00	5.695653e-02	2.350338e-09	2.018482e-09	7.998668e-11	1.022343e-09	-8.808278e-12	9.967889e+01	
13  5257.49	2.222046e+00	1.199354e-01	1.041592e+00	8.292426e-02	2.438570e-09	2.122946e-09	8.102736e-11	9.218729e-11	-1.170089e-11	9.989067e+01	
29  5257.19	2.201718e+00	1.231450e-01	1.041165e+00	6.662691e-02	2.402542e-09	2.056249e-09	6.445567e-11	5.807275e-10	-7.030902e-12	1.001205e+02	
57  5256.68	2.193040e+00	1.216949e-01	1.042080e+00	7.286461e-02	2.412152e-09	2.082427e-09	2.395144e-11	5.003482e-11	3.022988e-11	1.003572e+02	
61  5257.14	2.199577e+00	1.214211e-01	1.041907e+00	7.460079e-02	2.428299e-09	2.090843e-09	1.920310e-11	7.171568e-10	-3.624065e-12	1.000534e+02	
14  5258.93	2.201332e+00	1.233175e-01	1.041390e+00	6.109855e-02	2.402033e-09	2.025325e-09	1.239021e-11	3.236206e-09	-1.213899e-11	9.963762e+01	
9  5258.01	2.201332e+00	1.233175e-01	1.041390e+00	6.109855e-02	2.402033e-09	2.025325e-09	1.239021e-11	3.236206e-09	-1.213899e-11	1.001820e+02	
6  5258.38	2.226507e+00	1.242169e-01	1.040826e+00	5.269814e-02	2.419188e-09	1.992621e-09	1.448721e-11	3.255476e-09	-2.031944e-11	9.985639e+01	
37  5258.88	2.219138e+00	1.255433e-01	1.040198e+00	4.337340e-02	2.368982e-09	1.952113e-09	7.370378e-12	4.151456e-09	-1.874526e-11	9.960182e+01	
38  5259.88	2.223163e+00	1.259576e-01	1.041013e+00	5.445281e-02	2.381278e-09	2.003477e-09	1.726098e-11	4.467416e-09	-1.543639e-11	1.003243e+02	
4  5260.13	2.223163e+00	1.259576e-01	1.041013e+00	5.445281e-02	2.381278e-09	2.003477e-09	1.726098e-11	4.467416e-09	-1.543639e-11	9.973002e+01	
48  5260.64	2.225952e+00	1.254476e-01	1.040136e+00	5.432114e-02	2.414405e-09	2.001108e-09	1.633995e-11	3.759086e-09	-3.192374e-11	9.946481e+01	
13  5261.56	2.247222e+00	1.254161e-01	1.040290e+00	5.944192e-02	2.465775e-09	2.030591e-09	2.012146e-11	2.681454e-09	-4.378132e-11	9.971640e+01	
7  5259.42	2.256444e+00	1.234511e-01	1.041289e+00	8.274780e-02	2.487559e-09	2.128332e-09	1.994641e-11	2.026610e-09	-4.644115e-11	1.002494e+02	
6  5260.04	2.227203e+00	1.256785e-01	1.041101e+00	6.070224e-02	2.436784e-09	2.043901e-09	1.045947e-11	7.956210e-10	-1.677721e-11	1.003235e+02	
8  5257.93	2.241298e+00	1.243152e-01	1.041140e+00	6.647094e-02	2.456981e-09	2.060377e-09	5.879670e-11	1.553036e-09	-5.556552e-11	9.991636e+01	
7  5256.28	2.207060e+00	1.248871e-01	1.040923e+00	6.142291e-02	2.422804e-09	2.034428e-09	4.841134e-11	1.440579e-09	-3.791518e-11	1.000784e+02	
3  5257.87	2.215455e+00	1.235281e-01	1.040543e+00	7.060997e-02	2.453135e-09	2.073319e-09	1.203777e-10	6.817475e-10	-9.527664e-11	9.987270e+01	
18  5259.42	2.206272e+00	1.251529e-01	1.040363e+00	6.740648e-02	2.443096e-09	2.058984e-09	1.233461e-10	1.261614e-09	-9.750529e-11	1.001804e+02	
2  5259.67	2.205416e+00	1.260885e-01	1.040583e+00	6.025463e-02	2.395917e-09	2.028263e-09	8.111233e-11	2.168131e-09	-5.070011e-11	1.001968e+02	
17  5258.87	2.215292e+00	1.259210e-01	1.040591e+00	5.461700e-02	2.397982e-09	2.005688e-09	6.180320e-11	1.936006e-09	-3.285339e-11	9.994910e+01	
15  5259.53	2.208981e+00	1.259822e-01	1.040846e+00	4.793983e-02	2.355909e-09	1.983090e-09	9.762322e-11	6.774075e-10	-2.717169e-11	9.987262e+01	
19  5260.02	2.215802e+00	1.262699e-01	1.040651e+00	5.026271e-02	2.389758e-09	1.990068e-09	6.718576e-11	5.401117e-10	-3.408301e-11	9.997468e+01	
11  5259.6	2.227105e+00	1.237386e-01	1.040878e+00	7.257054e-02	2.469321e-09	2.076085e-09	1.018328e-10	1.580195e-09	-4.756789e-11	1.002116e+02	
3  5258.53	2.223681e+00	1.219139e-01	1.041841e+00	8.440506e-02	2.444299e-09	2.134022e-09	6.318481e-11	1.236213e-09	-2.250885e-11	1.003448e+02	
10  5260.34	2.217323e+00	1.213321e-01	1.040821e+00	9.256586e-02	2.504825e-09	2.161791e-09	7.783937e-11	7.357323e-10	-4.492696e-11	1.004885e+02	
1  5257.94	2.224971e+00	1.206298e-01	1.041045e+00	8.908889e-02	2.475552e-09	2.145129e-09	9.254727e-11	6.157277e-10	-3.725843e-11	1.001198e+02	
38  5256.5	2.216652e+00	1.189865e-01	1.041824e+00	8.622856e-02	2.424715e-09	2.131124e-09	6.024626e-11	2.349995e-10	-4.196959e-11	9.947653e+01	
10  5254.45	2.216652e+00	1.189865e-01	1.041824e+00	8.622856e-02	2.424715e-09	2.131124e-09	6.024626e-11	2.349995e-10	-4.196959e-11	9.982525e+01	
92  5254.29	2.216652e+00	1.189865e-01	1.041824e+00	8.622856e-02	2.424715e-09	2.131124e-09	6.024626e-11	2.349995e-10	-4.196959e-11	1.000562e+02	
36  5254.22	2.235769e+00	1.205537e-01	1.041730e+00	7.821289e-02	2.418971e-09	2.097758e-09	7.370610e-11	5.060571e-10	-6.802072e-11	9.988489e+01	
17  5255.73	2.269158e+00	1.192683e-01	1.041704e+00	9.564270e-02	2.530444e-09	2.168661e-09	4.384269e-11	3.974152e-10	-1.072389e-10	9.999781e+01	
20  5256.49	2.277677e+00	1.167909e-01	1.042249e+00	1.101567e-01	2.549107e-09	2.229972e-09	9.172551e-11	1.280465e-10	-1.565422e-10	9.974318e+01	
165  5256.53	2.289311e+00	1.164811e-01	1.042753e+00	1.093439e-01	2.499639e-09	2.234676e-09	2.511062e-11	4.327843e-11	-9.809180e-11	9.969424e+01	
80  5256.09	2.289311e+00	1.164811e-01	1.042753e+00	1.093439e-01	2.499639e-09	2.234676e-09	2.511062e-11	4.327843e-11	-9.809180e-11	1.000023e+02	
72  5258.01	2.289311e+00	1.164811e-01	1.042753e+00	1.093439e-01	2.499639e-09	2.234676e-09	2.511062e-11	4.327843e-11	-9.809180e-11	9.945970e+01	
18  5257.97	2.266785e+00	1.169405e-01	1.042501e+00	1.003681e-01	2.460078e-09	2.194017e-09	4.265103e-11	1.830238e-10	-7.919862e-11	9.937810e+01	
45  5257.29	2.266785e+00	1.169405e-01	1.042501e+00	1.003681e-01	2.460078e-09	2.194017e-09	4.265103e-11	1.830238e-10	-7.919862e-11	9.945619e+01	
15  5255.09	2.249329e+00	1.180408e-01	1.041899e+00	9.391445e-02	2.446688e-09	2.161806e-09	3.649323e-11	3.928437e-10	-6.116609e-11	9.958892e+01	
3  5255.11	2.249329e+00	1.180408e-01	1.041899e+00	9.391445e-02	2.446688e-09	2.161806e-09	3.649323e-11	3.928437e-10	-6.116609e-11	9.958607e+01	
28  5255.18	2.224858e+00	1.195255e-01	1.041782e+00	8.574886e-02	2.448473e-09	2.126841e-09	3.532112e-11	7.870483e-10	-1.608426e-11	1.001068e+02	
17  5254.65	2.224682e+00	1.211221e-01	1.041637e+00	8.125047e-02	2.438312e-09	2.109968e-09	1.189480e-11	1.473138e-09	-4.538934e-12	1.003189e+02	
2  5257.3	2.241025e+00	1.197379e-01	1.041524e+00	8.144331e-02	2.414069e-09	2.104231e-09	2.913221e-11	2.864084e-09	-1.991149e-11	9.953699e+01	
10  5257.35	2.241025e+00	1.197379e-01	1.041524e+00	8.144331e-02	2.414069e-09	2.104231e-09	2.913221e-11	2.864084e-09	-1.991149e-11	9.953067e+01	
24  5256.59	2.241025e+00	1.197379e-01	1.041524e+00	8.144331e-02	2.414069e-09	2.104231e-09	2.913221e-11	2.864084e-09	-1.991149e-11	1.002855e+02	
65  5257.44	2.243416e+00	1.188700e-01	1.041182e+00	8.276783e-02	2.470261e-09	2.113855e-09	6.923727e-11	7.291764e-10	-9.033820e-11	1.000051e+02	
11  5258.09	2.258687e+00	1.206170e-01	1.040818e+00	8.174691e-02	2.497505e-09	2.109640e-09	1.290131e-10	9.399867e-10	-1.292448e-10	1.002736e+02	
87  5257.32	2.258687e+00	1.206170e-01	1.040818e+00	8.174691e-02	2.497505e-09	2.109640e-09	1.290131e-10	9.399867e-10	-1.292448e-10	1.000931e+02	
6  5259.46	2.249726e+00	1.228274e-01	1.040381e+00	7.551924e-02	2.520623e-09	2.085409e-09	1.538544e-10	7.949374e-10	-1.934735e-10	1.002407e+02	
2  5260.9	2.283949e+00	1.188195e-01	1.041241e+00	1.015327e-01	2.556481e-09	2.190344e-09	1.654412e-10	1.096625e-09	-1.800742e-10	1.001650e+02	
5  5261.81	2.286549e+00	1.203621e-01	1.040840e+00	1.003025e-01	2.586221e-09	2.188584e-09	1.516192e-10	1.120106e-09	-1.785872e-10	1.005637e+02	
12  5259.54	2.286549e+00	1.203621e-01	1.040840e+00	1.003025e-01	2.586221e-09	2.188584e-09	1.516192e-10	1.120106e-09	-1.785872e-10	9.966655e+01	
6  5261.43	2.294293e+00	1.223452e-01	1.040587e+00	9.502783e-02	2.616987e-09	2.173062e-09	2.148785e-10	1.072505e-09	-2.270815e-10	9.989477e+01	
5  5263.29	2.304657e+00	1.197929e-01	1.041742e+00	1.023940e-01	2.554986e-09	2.196200e-09	1.478209e-10	2.148589e-09	-1.286182e-10	9.971805e+01	
8  5263.01	2.306757e+00	1.192241e-01	1.041834e+00	1.031808e-01	2.561020e-09	2.204243e-09	1.703402e-10	1.294183e-09	-1.217271e-10	9.975949e+01	
47  5259.49	2.285497e+00	1.200550e-01	1.042644e+00	9.689278e-02	2.490409e-09	2.181480e-09	1.262496e-10	9.270957e-10	-6.621307e-11	1.000973e+02	
2  5258.9	2.291897e+00	1.232456e-01	1.041643e+00	8.282620e-02	2.563900e-09	2.126892e-09	8.587595e-11	1.236704e-10	-1.303898e-10	1.000960e+02	
12  5260.85	2.291897e+00	1.232456e-01	1.041643e+00	8.282620e-02	2.563900e-09	2.126892e-09	8.587595e-11	1.236704e-10	-1.303898e-10	9.964999e+01	
6  5260.55	2.299271e+00	1.239521e-01	1.041518e+00	8.518969e-02	2.579886e-09	2.133692e-09	6.061973e-11	1.301035e-09	-1.091880e-10	9.991204e+01	
4  5260.92	2.278926e+00	1.210950e-01	1.041774e+00	1.068172e-01	2.565909e-09	2.218841e-09	1.218269e-10	9.755029e-10	-1.316800e-10	1.000732e+02	
17  5260.29	2.270742e+00	1.214856e-01	1.041367e+00	1.069761e-01	2.614471e-09	2.218450e-09	1.051332e-10	5.913456e-10	-1.308966e-10	1.003355e+02	
33  5256.97	2.281992e+00	1.223402e-01	1.041656e+00	8.831400e-02	2.516919e-09	2.143695e-09	2.218449e-11	1.327038e-09	-3.404199e-11	9.987956e+01	
35  5259.13	2.275502e+00	1.215005e-01	1.041493e+00	9.631752e-02	2.513579e-09	2.173883e-09	3.049534e-12	7.279581e-10	-1.547090e-11	1.000708e+02	
1  5260.59	2.285892e+00	1.186559e-01	1.042063e+00	1.088391e-01	2.505039e-09	2.222174e-09	3.112710e-11	8.296330e-10	-2.317139e-11	9.971431e+01	
15  5258.68	2.286508e+00	1.206544e-01	1.041835e+00	9.997902e-02	2.491848e-09	2.194830e-09	2.566907e-11	1.156950e-09	-2.423300e-11	9.984181e+01	
3  5258.98	2.268483e+00	1.193856e-01	1.042610e+00	1.103698e-01	2.480508e-09	2.238284e-09	2.137422e-11	2.079671e-09	-2.672809e-11	9.999813e+01	
13  5257.92	2.259158e+00	1.207883e-01	1.042724e+00	9.887312e-02	2.440128e-09	2.188493e-09	3.657885e-11	2.582154e-09	-7.923917e-12	1.000275e+02	
31  5257.47	2.274172e+00	1.221029e-01	1.042136e+00	8.724144e-02	2.520646e-09	2.139809e-09	5.621666e-11	9.231890e-10	-5.923544e-11	9.986161e+01	
4  5257.22	2.274172e+00	1.221029e-01	1.042136e+00	8.724144e-02	2.520646e-09	2.139809e-09	5.621666e-11	9.231890e-10	-5.923544e-11	1.001099e+02	
6  5254.53	2.257471e+00	1.206714e-01	1.041797e+00	9.583754e-02	2.523707e-09	2.178689e-09	8.406507e-11	1.384531e-10	-8.781666e-11	1.000459e+02	
9  5254.53	2.257471e+00	1.206714e-01	1.041797e+00	9.583754e-02	2.523707e-09	2.178689e-09	8.406507e-11	1.384531e-10	-8.781666e-11	1.000381e+02	
21  5255.69	2.227782e+00	1.206635e-01	1.041367e+00	9.158538e-02	2.459192e-09	2.155528e-09	1.236480e-10	4.423531e-10	-8.747751e-11	9.986774e+01	
91  5255.58	2.227782e+00	1.206635e-01	1.041367e+00	9.158538e-02	2.459192e-09	2.155528e-09	1.236480e-10	4.423531e-10	-8.747751e-11	1.001568e+02	
1  5255.95	2.239483e+00	1.212980e-01	1.041655e+00	8.897715e-02	2.449754e-09	2.150483e-09	6.951043e-11	1.053915e-09	-5.521959e-11	1.002166e+02	
27  5254.84	2.254223e+00	1.204149e-01	1.041842e+00	9.091681e-02	2.452713e-09	2.159852e-09	5.075212e-11	3.567374e-10	-5.081306e-11	1.000075e+02	
1  5254.13	2.251193e+00	1.200707e-01	1.041572e+00	9.745862e-02	2.493605e-09	2.184732e-09	3.565428e-11	2.332667e-10	-7.344683e-11	1.001044e+02	
16  5254.13	2.251193e+00	1.200707e-01	1.041572e+00	9.745862e-02	2.493605e-09	2.184732e-09	3.565428e-11	2.332667e-10	-7.344683e-11	1.001068e+02	
114  5254.39	2.235526e+00	1.201082e-01	1.041756e+00	9.530857e-02	2.472904e-09	2.176612e-09	3.785201e-11	2.782039e-10	-6.042475e-11	1.001918e+02	
40  5254.69	2.235526e+00	1.201082e-01	1.041756e+00	9.530857e-02	2.472904e-09	2.176612e-09	3.785201e-11	2.782039e-10	-6.042475e-11	1.002728e+02	
9  5254.17	2.235526e+00	1.201082e-01	1.041756e+00	9.530857e-02	2.472904e-09	2.176612e-09	3.785201e-11	2.782039e-10	-6.042475e-11	9.998263e+01	
31  5254.84	2.209075e+00	1.227283e-01	1.042617e+00	6.585674e-02	2.338552e-09	2.056728e-09	2.658613e-11	8.507722e-10	1.763457e-11	9.992101e+01	
11  5255.24	2.209075e+00	1.227283e-01	1.042617e+00	6.585674e-02	2.338552e-09	2.056728e-09	2.658613e-11	8.507722e-10	1.763457e-11	9.980369e+01	
15  5256.96	2.201171e+00	1.200049e-01	1.042999e+00	7.982568e-02	2.315993e-09	2.108851e-09	3.205442e-11	1.173918e-09	2.229896e-11	9.960445e+01	
4  5256.2	2.211058e+00	1.206173e-01	1.042275e+00	7.827921e-02	2.340688e-09	2.101710e-09	2.058410e-11	9.536928e-10	2.277415e-11	9.960909e+01	
10  5255.71	2.211058e+00	1.206173e-01	1.042275e+00	7.827921e-02	2.340688e-09	2.101710e-09	2.058410e-11	9.536928e-10	2.277415e-11	1.004523e+02	
24  5254.92	2.211058e+00	1.206173e-01	1.042275e+00	7.827921e-02	2.340688e-09	2.101710e-09	2.058410e-11	9.536928e-10	2.277415e-11	1.003163e+02	
9  5256.85	2.235207e+00	1.193154e-01	1.042050e+00	9.719243e-02	2.438999e-09	2.182678e-09	2.396462e-11	8.643136e-10	-2.507320e-11	1.004962e+02	
15  5257.78	2.255088e+00	1.198589e-01	1.042504e+00	9.127277e-02	2.432350e-09	2.162206e-09	7.503713e-11	7.465726e-10	-5.950656e-11	1.002474e+02	
37  5255.78	2.212950e+00	1.208745e-01	1.042352e+00	7.691008e-02	2.378520e-09	2.099855e-09	6.998471e-11	1.141629e-10	-7.264571e-11	1.000450e+02	
13  5258.21	2.233063e+00	1.209145e-01	1.041667e+00	6.980879e-02	2.380370e-09	2.067628e-09	1.106031e-10	2.404753e-10	-1.231227e-10	9.929564e+01	
38  5253.99	2.243256e+00	1.216292e-01	1.041631e+00	8.241594e-02	2.464976e-09	2.126012e-09	1.100442e-10	8.813544e-11	-1.597688e-10	9.998030e+01	
4  5254.43	2.240512e+00	1.210849e-01	1.042607e+00	7.902183e-02	2.403460e-09	2.112970e-09	3.899709e-11	2.999431e-11	-7.888901e-11	1.000196e+02	
5  5254.41	2.240512e+00	1.210849e-01	1.042607e+00	7.902183e-02	2.403460e-09	2.112970e-09	3.899709e-11	2.999431e-11	-7.888901e-11	1.000018e+02	
5  5254.28	2.241734e+00	1.226690e-01	1.041917e+00	7.298948e-02	2.432636e-09	2.086969e-09	2.412492e-11	1.451138e-10	-6.869519e-11	1.002248e+02	
50  5253.74	2.241734e+00	1.226690e-01	1.041917e+00	7.298948e-02	2.432636e-09	2.086969e-09	2.412492e-11	1.451138e-10	-6.869519e-11	1.000030e+02	
20  5253.78	2.241734e+00	1.226690e-01	1.041917e+00	7.298948e-02	2.432636e-09	2.086969e-09	2.412492e-11	1.451138e-10	-6.869519e-11	9.990874e+01	
30  5253.81	2.241734e+00	1.226690e-01	1.041917e+00	7.298948e-02	2.432636e-09	2.086969e-09	2.412492e-11	1.451138e-10	-6.869519e-11	9.988745e+01	
60  5253.99	2.241734e+00	1.226690e-01	1.041917e+00	7.298948e-02	2.432636e-09	2.086969e-09	2.412492e-11	1.451138e-10	-6.869519e-11	1.001456e+02	
10  5253.81	2.241734e+00	1.226690e-01	1.041917e+00	7.298948e-02	2.432636e-09	2.086969e-09	2.412492e-11	1.451138e-10	-6.869519e-11	9.989028e+01	
30  5253.74	2.241734e+00	1.226690e-01	1.041917e+00	7.298948e-02	2.432636e-09	2.086969e-09	2.412492e-11	1.451138e-10	-6.869519e-11	1.000029e+02	
25  5253.81	2.241734e+00	1.226690e-01	1.041917e+00	7.298948e-02	2.432636e-09	2.086969e-09	2.412492e-11	1.451138e-10	-6.869519e-11	9.988669e+01	
60  5254.1	2.244272e+00	1.213851e-01	1.041953e+00	7.635079e-02	2.400929e-09	2.097413e-09	4.490325e-11	1.623640e-10	-4.993146e-11	9.968266e+01	
12  5254.26	2.216517e+00	1.227779e-01	1.042083e+00	7.029713e-02	2.426902e-09	2.079773e-09	5.027269e-11	5.077933e-11	-8.004475e-11	9.999875e+01	
43  5254.34	2.217863e+00	1.222313e-01	1.041501e+00	7.133788e-02	2.410973e-09	2.077354e-09	7.093518e-12	2.901974e-10	-3.790901e-11	9.986538e+01	
61  5255.01	2.217863e+00	1.222313e-01	1.041501e+00	7.133788e-02	2.410973e-09	2.077354e-09	7.093518e-12	2.901974e-10	-3.790901e-11	9.966910e+01	
52  5254.07	2.238310e+00	1.231245e-01	1.041438e+00	7.374228e-02	2.460779e-09	2.089732e-09	2.242849e-11	1.499960e-11	-9.731227e-11	9.972037e+01	
9  5258.77	2.221788e+00	1.257553e-01	1.040579e+00	5.470427e-02	2.394745e-09	2.013282e-09	6.828453e-11	2.544298e-10	-7.660470e-11	9.973339e+01	
15  5257.78	2.197302e+00	1.252832e-01	1.041131e+00	5.338363e-02	2.339090e-09	2.006545e-09	5.457667e-11	4.328024e-10	-3.711210e-12	1.000333e+02	
3  5256.57	2.219676e+00	1.232918e-01	1.041277e+00	7.543193e-02	2.396359e-09	2.094384e-09	6.733948e-11	9.542141e-10	-4.779354e-11	1.000678e+02	
10  5257.86	2.219676e+00	1.232918e-01	1.041277e+00	7.543193e-02	2.396359e-09	2.094384e-09	6.733948e-11	9.542141e-10	-4.779354e-11	9.965807e+01	
16  5258.2	2.219676e+00	1.232918e-01	1.041277e+00	7.543193e-02	2.396359e-09	2.094384e-09	6.733948e-11	9.542141e-10	-4.779354e-11	1.004623e+02	
20  5255.96	2.228232e+00	1.225796e-01	1.041532e+00	7.035837e-02	2.366779e-09	2.075777e-09	1.809729e-11	1.096796e-09	-1.809729e-11	1.000081e+02	
10  5255.69	2.205280e+00	1.225262e-01	1.041153e+00	6.637605e-02	2.358314e-09	2.053313e-09	3.925494e-11	7.305193e-10	-1.085716e-12	1.000824e+02	
14  5256.28	2.212152e+00	1.221551e-01	1.041308e+00	7.688286e-02	2.419960e-09	2.099040e-09	1.308893e-10	1.360906e-10	-7.525647e-11	1.003434e+02	
20  5256.4	2.212152e+00	1.221551e-01	1.041308e+00	7.688286e-02	2.419960e-09	2.099040e-09	1.308893e-10	1.360906e-10	-7.525647e-11	9.976622e+01	
4  5255.9	2.212152e+00	1.221551e-01	1.041308e+00	7.688286e-02	2.419960e-09	2.099040e-09	1.308893e-10	1.360906e-10	-7.525647e-11	9.987920e+01	
3  5257.31	2.222308e+00	1.223239e-01	1.041798e+00	8.037188e-02	2.426745e-09	2.112645e-09	7.731745e-11	1.901518e-09	-3.021843e-11	1.001195e+02	
2  5259.35	2.202935e+00	1.253263e-01	1.041259e+00	6.709885e-02	2.445704e-09	2.064865e-09	8.957835e-11	1.030845e-09	-7.788876e-11	1.004045e+02	
20  5259.04	2.196206e+00	1.239356e-01	1.041102e+00	5.846105e-02	2.354912e-09	2.023835e-09	1.014044e-10	5.913096e-10	-6.823227e-11	9.950615e+01	
11  5260.05	2.184048e+00	1.231104e-01	1.041612e+00	6.373346e-02	2.338262e-09	2.048487e-09	9.778965e-11	3.352258e-10	-6.730503e-11	9.960655e+01	
36  5258.99	2.184048e+00	1.231104e-01	1.041612e+00	6.373346e-02	2.338262e-09	2.048487e-09	9.778965e-11	3.352258e-10	-6.730503e-11	9.992349e+01	
2  5257.57	2.196000e+00	1.244146e-01	1.041947e+00	5.163995e-02	2.313487e-09	1.998339e-09	7.449230e-11	1.413972e-09	-1.807981e-11	9.989463e+01	
39  5257.7	2.200866e+00	1.242362e-01	1.041751e+00	6.212499e-02	2.411327e-09	2.048110e-09	8.704695e-11	2.581231e-10	-6.619958e-11	1.003191e+02	
22  5257.72	2.210862e+00	1.222425e-01	1.041682e+00	7.190495e-02	2.408378e-09	2.084389e-09	8.332209e-11	5.141370e-10	-8.181798e-11	9.989486e+01	
22  5257.56	2.204798e+00	1.240448e-01	1.041254e+00	5.834312e-02	2.384902e-09	2.030525e-09	1.197354e-10	1.825777e-10	-1.154830e-10	9.969598e+01	
50  5257.5	2.200895e+00	1.245154e-01	1.040858e+00	6.648588e-02	2.453386e-09	2.062498e-09	1.086913e-10	2.262808e-10	-1.363254e-10	1.001759e+02	
6  5257.25	2.226014e+00	1.237057e-01	1.041071e+00	6.811906e-02	2.435294e-09	2.070597e-09	7.949031e-11	4.087886e-10	-1.002872e-10	9.994547e+01	
7  5258.87	2.209711e+00	1.230082e-01	1.041217e+00	6.402230e-02	2.391514e-09	2.048238e-09	5.868170e-11	7.730320e-10	-8.718866e-11	9.958356e+01	
17  5260.19	2.195660e+00	1.226289e-01	1.041078e+00	8.304036e-02	2.464450e-09	2.125623e-09	4.727227e-11	2.247342e-10	-1.134890e-10	1.003786e+02	
53  5258.67	2.194934e+00	1.221359e-01	1.041527e+00	8.056235e-02	2.435071e-09	2.112135e-09	6.006256e-12	4.349099e-10	-2.292263e-11	1.005676e+02	
16  5257.35	2.204606e+00	1.225827e-01	1.041235e+00	7.947092e-02	2.456291e-09	2.109313e-09	3.413359e-11	2.453106e-11	-3.827748e-11	1.006063e+02	
10  5257.7	2.204606e+00	1.225827e-01	1.041235e+00	7.947092e-02	2.456291e-09	2.109313e-09	3.413359e-11	2.453106e-11	-3.827748e-11	9.961758e+01	
15  5255.31	2.204606e+00	1.225827e-01	1.041235e+00	7.947092e-02	2.456291e-09	2.109313e-09	3.413359e-11	2.453106e-11	-3.827748e-11	1.001451e+02	
14  5256.76	2.213250e+00	1.200606e-01	1.042369e+00	9.161346e-02	2.454702e-09	2.160505e-09	7.162541e-11	4.766719e-10	-6.183322e-11	9.989489e+01	
51  5257.87	2.211665e+00	1.222908e-01	1.041846e+00	8.895102e-02	2.554167e-09	2.153273e-09	5.227544e-11	2.183737e-10	-1.145473e-10	1.003459e+02	
23  5257.76	2.211665e+00	1.222908e-01	1.041846e+00	8.895102e-02	2.554167e-09	2.153273e-09	5.227544e-11	2.183737e-10	-1.145473e-10	1.003238e+02	
7  5255.74	2.219461e+00	1.235775e-01	1.041663e+00	8.888359e-02	2.572339e-09	2.153286e-09	9.226260e-11	3.010097e-11	-1.807638e-10	1.003691e+02	
45  5255.42	2.219461e+00	1.235775e-01	1.041663e+00	8.888359e-02	2.572339e-09	2.153286e-09	9.226260e-11	3.010097e-11	-1.807638e-10	1.002636e+02	
35  5257.06	2.265351e+00	1.221469e-01	1.041206e+00	1.000579e-01	2.644826e-09	2.194561e-09	1.415411e-10	1.315173e-10	-2.466847e-10	9.979433e+01	
50  5257.6	2.265351e+00	1.221469e-01	1.041206e+00	1.000579e-01	2.644826e-09	2.194561e-09	1.415411e-10	1.315173e-10	-2.466847e-10	1.005112e+02	
110  5256.37	2.265351e+00	1.221469e-01	1.041206e+00	1.000579e-01	2.644826e-09	2.194561e-09	1.415411e-10	1.315173e-10	-2.466847e-10	9.995723e+01	
40  5256.23	2.265351e+00	1.221469e-01	1.041206e+00	1.000579e-01	2.644826e-09	2.194561e-09	1.415411e-10	1.315173e-10	-2.466847e-10	1.000208e+02	
14  5256.16	2.265351e+00	1.221469e-01	1.041206e+00	1.000579e-01	2.644826e-09	2.194561e-09	1.415411e-10	1.315173e-10	-2.466847e-10	1.000779e+02	
34  5254.78	2.245168e+00	1.210839e-01	1.041458e+00	9.754068e-02	2.560140e-09	2.182045e-09	9.031984e-11	2.860334e-10	-1.266264e-10	1.001959e+02	
2  5254.08	2.237293e+00	1.217453e-01	1.041973e+00	7.984241e-02	2.431192e-09	2.112238e-09	7.703420e-11	4.737463e-10	-4.431783e-11	9.989850e+01	
21  5253.93	2.237293e+00	1.217453e-01	1.041973e+00	7.984241e-02	2.431192e-09	2.112238e-09	7.703420e-11	4.737463e-10	-4.431783e-11	1.000689e+02	
41  5254.87	2.227185e+00	1.224420e-01	1.041843e+00	7.720782e-02	2.420883e-09	2.104066e-09	6.866491e-11	1.167424e-10	-3.219283e-11	1.002768e+02	
12  5257.12	2.241602e+00	1.206465e-01	1.042608e+00	7.864223e-02	2.348248e-09	2.110318e-09	7.073875e-11	7.295363e-10	3.350727e-12	9.977246e+01	
4  5257.38	2.246714e+00	1.233394e-01	1.042189e+00	7.158414e-02	2.391649e-09	2.085721e-09	3.169907e-11	1.372592e-10	-5.083540e-12	1.002378e+02	
42  5256.66	2.228838e+00	1.253067e-01	1.041584e+00	6.085172e-02	2.408326e-09	2.039329e-09	9.905711e-11	6.876893e-10	-7.058912e-11	1.001787e+02	
13  5256.69	2.228838e+00	1.253067e-01	1.041584e+00	6.085172e-02	2.408326e-09	2.039329e-09	9.905711e-11	6.876893e-10	-7.058912e-11	1.001897e+02	
37  5257.65	2.222284e+00	1.226583e-01	1.042804e+00	6.153214e-02	2.302037e-09	2.041393e-09	6.413261e-11	1.132843e-09	8.166765e-12	9.971782e+01	
30  5257.02	2.222284e+00	1.226583e-01	1.042804e+00	6.153214e-02	2.302037e-09	2.041393e-09	6.413261e-11	1.132843e-09	8.166765e-12	1.000191e+02	
11  5257.78	2.222284e+00	1.226583e-01	1.042804e+00	6.153214e-02	2.302037e-09	2.041393e-09	6.413261e-11	1.132843e-09	8.166765e-12	9.969367e+01	
2  5256.63	2.237051e+00	1.235647e-01	1.041615e+00	7.297138e-02	2.458665e-09	2.087838e-09	4.394676e-11	1.294603e-09	-5.999209e-11	1.001282e+02	
25  5257.9	2.252958e+00	1.232378e-01	1.041104e+00	7.128832e-02	2.448684e-09	2.068210e-09	5.950003e-11	2.955961e-09	-6.002605e-11	9.963216e+01	
5  5259.26	2.255814e+00	1.258481e-01	1.040781e+00	6.846270e-02	2.474726e-09	2.060011e-09	8.208484e-11	2.514831e-09	-8.164577e-11	1.002560e+02	
6  5256.95	2.247843e+00	1.253920e-01	1.040709e+00	6.537969e-02	2.452646e-09	2.053765e-09	8.719299e-11	9.321253e-10	-9.695148e-11	1.000209e+02	
2  5257.56	2.236331e+00	1.254235e-01	1.041303e+00	6.227356e-02	2.439815e-09	2.039291e-09	2.063681e-11	5.029370e-10	-3.990000e-11	1.002834e+02	
21  5257.8	2.249578e+00	1.255491e-01	1.040828e+00	6.589960e-02	2.495107e-09	2.049208e-09	3.845557e-11	1.816852e-09	-5.557808e-11	1.003008e+02	
28  5257.07	2.250867e+00	1.230003e-01	1.040499e+00	7.643170e-02	2.452132e-09	2.094326e-09	1.270074e-11	1.698317e-09	-2.689704e-11	9.989589e+01	
7  5256.82	2.250867e+00	1.230003e-01	1.040499e+00	7.643170e-02	2.452132e-09	2.094326e-09	1.270074e-11	1.698317e-09	-2.689704e-11	1.001368e+02	
93  5257.09	2.244214e+00	1.219351e-01	1.040756e+00	7.873366e-02	2.412514e-09	2.102018e-09	1.446405e-11	4.731562e-10	-3.073124e-11	9.994980e+01	
24  5257.14	2.244214e+00	1.219351e-01	1.040756e+00	7.873366e-02	2.412514e-09	2.102018e-09	1.446405e-11	4.731562e-10	-3.073124e-11	9.991805e+01	
6  5256.26	2.243933e+00	1.202053e-01	1.040762e+00	9.084187e-02	2.489009e-09	2.149446e-09	2.753840e-11	1.685037e-09	-6.169333e-11	9.986559e+01	
38  5256.19	2.243933e+00	1.202053e-01	1.040762e+00	9.084187e-02	2.489009e-09	2.149446e-09	2.753840e-11	1.685037e-09	-6.169333e-11	9.997513e+01	
19  5256.27	2.222578e+00	1.230832e-01	1.040926e+00	7.419829e-02	2.485504e-09	2.086291e-09	1.104795e-11	7.331283e-10	-3.414068e-11	1.005514e+02	
97  5255.47	2.211695e+00	1.231765e-01	1.040781e+00	6.570328e-02	2.439787e-09	2.051151e-09	2.875573e-11	1.059413e-09	-5.082260e-11	1.000678e+02	
61  5256.11	2.214947e+00	1.243487e-01	1.040641e+00	5.964355e-02	2.395279e-09	2.027238e-09	5.523792e-11	1.136854e-09	-6.701788e-11	9.994582e+01	
33  5254.28	2.212950e+00	1.228288e-01	1.041306e+00	6.807395e-02	2.402754e-09	2.063486e-09	5.761280e-11	4.360076e-10	-6.367350e-11	1.000525e+02	
8  5255.59	2.227939e+00	1.226674e-01	1.041809e+00	7.068989e-02	2.390199e-09	2.079062e-09	1.085847e-10	3.812949e-11	-6.414338e-11	1.001847e+02	
10  5257.74	2.217815e+00	1.227575e-01	1.041488e+00	5.782633e-02	2.295930e-09	2.018022e-09	8.176559e-11	4.118880e-10	-2.932121e-12	9.971352e+01	
14  5256.63	2.231893e+00	1.216774e-01	1.041836e+00	6.120603e-02	2.321594e-09	2.031658e-09	7.452244e-11	3.338532e-10	-1.238188e-11	9.949450e+01	
40  5256.16	2.231893e+00	1.216774e-01	1.041836e+00	6.120603e-02	2.321594e-09	2.031658e-09	7.452244e-11	3.338532e-10	-1.238188e-11	9.955574e+01	
70  5254.78	2.231893e+00	1.216774e-01	1.041836e+00	6.120603e-02	2.321594e-09	2.031658e-09	7.452244e-11	3.338532e-10	-1.238188e-11	9.988348e+01	
1  5254.73	2.231893e+00	1.216774e-01	1.041836e+00	6.120603e-02	2.321594e-09	2.031658e-09	7.452244e-11	3.338532e-10	-1.238188e-11	9.994251e+01	
39  5257.61	2.261859e+00	1.209503e-01	1.042546e+00	6.540176e-02	2.348131e-09	2.047616e-09	6.740620e-11	9.539392e-10	3.793897e-13	9.989023e+01	
7  5257.62	2.261859e+00	1.209503e-01	1.042546e+00	6.540176e-02	2.348131e-09	2.047616e-09	6.740620e-11	9.539392e-10	3.793897e-13	1.000349e+02	
7  5257.78	2.255740e+00	1.183777e-01	1.043007e+00	7.202988e-02	2.288655e-09	2.072340e-09	6.226040e-11	7.196545e-10	2.931845e-11	9.964819e+01	
12  5259.95	2.296175e+00	1.181596e-01	1.042752e+00	9.361156e-02	2.476757e-09	2.166949e-09	5.759821e-11	6.209073e-10	-8.150370e-11	1.000132e+02	
4  5259.02	2.269961e+00	1.199350e-01	1.042329e+00	6.915100e-02	2.440844e-09	2.067532e-09	4.478448e-11	1.523834e-10	-9.075015e-11	9.953664e+01	
7  5257.99	2.269961e+00	1.199350e-01	1.042329e+00	6.915100e-02	2.440844e-09	2.067532e-09	4.478448e-11	1.523834e-10	-9.075015e-11	9.983195e+01	
1  5255.81	2.266123e+00	1.198730e-01	1.042726e+00	7.224129e-02	2.363744e-09	2.078109e-09	1.687087e-11	9.350433e-10	-5.018208e-12	1.001899e+02	
42  5253.26	2.256903e+00	1.195703e-01	1.042499e+00	8.051447e-02	2.416688e-09	2.112930e-09	5.386858e-11	1.864276e-11	-1.101119e-10	1.001262e+02	
100  5252.94	2.256903e+00	1.195703e-01	1.042499e+00	8.051447e-02	2.416688e-09	2.112930e-09	5.386858e-11	1.864276e-11	-1.101119e-10	1.000202e+02	
42  5252.87	2.256903e+00	1.195703e-01	1.042499e+00	8.051447e-02	2.416688e-09	2.112930e-09	5.386858e-11	1.864276e-11	-1.101119e-10	9.997452e+01	
18  5254.01	2.270443e+00	1.197705e-01	1.041871e+00	8.313806e-02	2.466467e-09	2.122578e-09	9.638450e-11	1.737165e-10	-1.383254e-10	9.999923e+01	
52  5254.02	2.270443e+00	1.197705e-01	1.041871e+00	8.313806e-02	2.466467e-09	2.122578e-09	9.638450e-11	1.737165e-10	-1.383254e-10	1.000011e+02	
50  5256.35	2.263057e+00	1.221401e-01	1.041100e+00	6.522258e-02	2.410001e-09	2.048561e-09	8.805620e-11	3.159625e-10	-1.436120e-10	9.969026e+01	
59  5261.58	2.251696e+00	1.192136e-01	1.041744e+00	8.350180e-02	2.379586e-09	2.128837e-09	1.681793e-11	6.124824e-11	-1.165179e-10	9.967060e+01	
33  5257.43	2.235021e+00	1.198911e-01	1.041678e+00	7.024153e-02	2.323349e-09	2.068908e-09	1.566032e-11	1.014411e-10	-5.833294e-11	9.962786e+01	
16  5258.23	2.213452e+00	1.190240e-01	1.042149e+00	8.420806e-02	2.315881e-09	2.125411e-09	2.551538e-11	9.799615e-10	7.717217e-13	1.004407e+02	
1  5256.1	2.213452e+00	1.190240e-01	1.042149e+00	8.420806e-02	2.315881e-09	2.125411e-09	2.551538e-11	9.799615e-10	7.717217e-13	1.000294e+02	
13  5255.99	2.229560e+00	1.204189e-01	1.042050e+00	7.608013e-02	2.313645e-09	2.094977e-09	4.314863e-11	1.291229e-09	-2.338680e-12	9.998343e+01	
4  5257.68	2.232346e+00	1.180195e-01	1.042792e+00	8.495806e-02	2.271392e-09	2.127787e-09	5.044730e-11	1.420158e-09	1.701234e-11	9.971106e+01	
1  5257.59	2.244837e+00	1.212245e-01	1.042268e+00	7.399365e-02	2.347503e-09	2.087548e-09	4.110646e-11	4.425404e-10	-4.812007e-11	9.995341e+01	
11  5255.79	2.238125e+00	1.210943e-01	1.042494e+00	7.759394e-02	2.361040e-09	2.102802e-09	1.933668e-11	5.015570e-10	8.424788e-12	1.004775e+02	
26  5258.57	2.238125e+00	1.210943e-01	1.042494e+00	7.759394e-02	2.361040e-09	2.102802e-09	1.933668e-11	5.015570e-10	8.424788e-12	1.007407e+02	
11  5255.76	2.247951e+00	1.207356e-01	1.040917e+00	7.544018e-02	2.387347e-09	2.088764e-09	6.333253e-11	2.806696e-10	-8.259900e-11	9.985672e+01	
3  5258.49	2.219951e+00	1.209959e-01	1.040718e+00	7.261118e-02	2.363225e-09	2.073595e-09	1.195979e-10	5.835561e-11	-1.199789e-10	9.981972e+01	
2  5259.04	2.219951e+00	1.209959e-01	1.040718e+00	7.261118e-02	2.363225e-09	2.073595e-09	1.195979e-10	5.835561e-11	-1.199789e-10	9.967624e+01	
26  5259.98	2.236471e+00	1.211406e-01	1.040889e+00	8.259300e-02	2.400778e-09	2.113846e-09	5.883412e-11	1.343888e-09	-7.998234e-11	1.001538e+02	
2  5260.43	2.233207e+00	1.221245e-01	1.041170e+00	7.664599e-02	2.421144e-09	2.096477e-09	4.801603e-11	1.952711e-09	-7.140227e-11	1.003328e+02	
2  5259.66	2.233207e+00	1.221245e-01	1.041170e+00	7.664599e-02	2.421144e-09	2.096477e-09	4.801603e-11	1.952711e-09	-7.140227e-11	1.002165e+02	
6  5257.39	2.232331e+00	1.223583e-01	1.041458e+00	7.366073e-02	2.382028e-09	2.084295e-09	9.288140e-11	1.444735e-09	-6.638335e-11	1.002653e+02	
9  5255.84	2.213932e+00	1.209161e-01	1.042084e+00	7.341525e-02	2.312540e-09	2.080885e-09	3.065267e-11	5.285559e-10	2.454135e-11	1.003352e+02	
37  5257.09	2.224138e+00	1.211050e-01	1.043158e+00	6.416257e-02	2.261037e-09	2.040074e-09	2.534715e-11	1.882550e-09	2.811796e-11	9.987228e+01	
4  5257.55	2.223721e+00	1.222070e-01	1.042684e+00	6.532743e-02	2.310551e-09	2.046361e-09	5.233638e-11	2.026178e-09	1.213434e-11	1.002751e+02	
32  5255.38	2.243929e+00	1.204211e-01	1.041361e+00	7.636780e-02	2.374398e-09	2.090755e-09	9.174356e-11	8.160069e-10	-6.803440e-11	9.970713e+01	
30  5255.07	2.243929e+00	1.204211e-01	1.041361e+00	7.636780e-02	2.374398e-09	2.090755e-09	9.174356e-11	8.160069e-10	-6.803440e-11	1.000002e+02	
20  5255.03	2.243929e+00	1.204211e-01	1.041361e+00	7.636780e-02	2.374398e-09	2.090755e-09	9.174356e-11	8.160069e-10	-6.803440e-11	9.996783e+01	
9  5255	2.243929e+00	1.204211e-01	1.041361e+00	7.636780e-02	2.374398e-09	2.090755e-09	9.174356e-11	8.160069e-10	-6.803440e-11	9.991499e+01	
11  5255.39	2.266379e+00	1.181312e-01	1.042193e+00	8.739454e-02	2.375482e-09	2.135184e-09	6.688280e-11	1.153070e-09	-2.081613e-11	9.985730e+01	
16  5255.59	2.266379e+00	1.181312e-01	1.042193e+00	8.739454e-02	2.375482e-09	2.135184e-09	6.688280e-11	1.153070e-09	-2.081613e-11	9.976457e+01	
8  5256.47	2.271726e+00	1.212510e-01	1.041890e+00	7.561933e-02	2.412079e-09	2.089114e-09	2.283252e-11	2.924512e-09	-2.983375e-11	9.996971e+01	
15  5256.5	2.249181e+00	1.208080e-01	1.041928e+00	6.223159e-02	2.341128e-09	2.035089e-09	8.808577e-11	6.652851e-10	-3.144543e-11	9.956180e+01	
14  5261.93	2.233522e+00	1.202604e-01	1.042342e+00	5.872562e-02	2.330999e-09	2.020680e-09	1.196866e-10	7.569935e-10	-4.719481e-11	9.937243e+01	
7  5257.16	2.240649e+00	1.196218e-01	1.042731e+00	7.477424e-02	2.392083e-09	2.089538e-09	1.027818e-10	2.658958e-10	-4.051912e-11	1.000610e+02	
29  5257.06	2.240649e+00	1.196218e-01	1.042731e+00	7.477424e-02	2.392083e-09	2.089538e-09	1.027818e-10	2.658958e-10	-4.051912e-11	1.000113e+02	
131  5255.41	2.243246e+00	1.202783e-01	1.042283e+00	7.767018e-02	2.435471e-09	2.101386e-09	1.323926e-10	5.679718e-11	-8.065417e-11	1.001973e+02	
1  5255.15	2.243246e+00	1.202783e-01	1.042283e+00	7.767018e-02	2.435471e-09	2.101386e-09	1.323926e-10	5.679718e-11	-8.065417e-11	1.001068e+02	
11  5257.07	2.272995e+00	1.216869e-01	1.041356e+00	7.536527e-02	2.477461e-09	2.091706e-09	8.193474e-11	1.231574e-10	-7.379495e-11	1.001318e+02	
4  5257.15	2.277511e+00	1.224507e-01	1.041714e+00	7.385610e-02	2.449461e-09	2.085379e-09	1.000023e-10	1.198654e-09	-8.778382e-11	1.001083e+02	
28  5255.58	2.263806e+00	1.209466e-01	1.042059e+00	7.183949e-02	2.392482e-09	2.079159e-09	9.935744e-11	3.865743e-10	-6.607055e-11	9.975519e+01	
3  5255.58	2.242552e+00	1.193945e-01	1.042721e+00	7.839010e-02	2.380746e-09	2.102822e-09	1.258598e-11	1.331949e-09	-1.263009e-11	9.983994e+01	
23  5254.76	2.249042e+00	1.199371e-01	1.042847e+00	7.443419e-02	2.352348e-09	2.084187e-09	1.537398e-11	1.445705e-09	-3.477438e-12	9.978207e+01	
80  5255.23	2.249042e+00	1.199371e-01	1.042847e+00	7.443419e-02	2.352348e-09	2.084187e-09	1.537398e-11	1.445705e-09	-3.477438e-12	9.964752e+01	
11  5256.68	2.249042e+00	1.199371e-01	1.042847e+00	7.443419e-02	2.352348e-09	2.084187e-09	1.537398e-11	1.445705e-09	-3.477438e-12	1.003924e+02	
19  5254.25	2.250059e+00	1.197798e-01	1.042283e+00	7.005705e-02	2.367407e-09	2.068314e-09	4.224731e-11	4.151869e-11	-1.857867e-11	1.001969e+02	
20  5254.54	2.250059e+00	1.197798e-01	1.042283e+00	7.005705e-02	2.367407e-09	2.068314e-09	4.224731e-11	4.151869e-11	-1.857867e-11	1.002522e+02	
10  5253.94	2.250059e+00	1.197798e-01	1.042283e+00	7.005705e-02	2.367407e-09	2.068314e-09	4.224731e-11	4.151869e-11	-1.857867e-11	9.974987e+01	
40  5253.85	2.250059e+00	1.197798e-01	1.042283e+00	7.005705e-02	2.367407e-09	2.068314e-09	4.224731e-11	4.151869e-11	-1.857867e-11	1.000925e+02	
40  5253.81	2.250059e+00	1.197798e-01	1.042283e+00	7.005705e-02	2.367407e-09	2.068314e-09	4.224731e-11	4.151869e-11	-1.857867e-11	1.000763e+02	
64  5253.81	2.250059e+00	1.197798e-01	1.042283e+00	7.005705e-02	2.367407e-09	2.068314e-09	4.224731e-11	4.151869e-11	-1.857867e-11	9.979581e+01	
36  5254.16	2.227766e+00	1.200941e-01	1.041979e+00	7.377724e-02	2.379026e-09	2.081605e-09	7.285573e-11	4.758253e-10	-3.923826e-11	1.000845e+02	
1  5254.13	2.227766e+00	1.200941e-01	1.041979e+00	7.377724e-02	2.379026e-09	2.081605e-09	7.285573e-11	4.758253e-10	-3.923826e-11	9.979003e+01	
70  5253.46	2.230600e+00	1.195032e-01	1.042570e+00	8.191770e-02	2.376274e-09	2.119450e-09	4.283467e-12	1.775847e-10	-6.044508e-12	1.000853e+02	
29  5255.96	2.224165e+00	1.196671e-01	1.042378e+00	7.397152e-02	2.391530e-09	2.085225e-09	7.718934e-11	5.117001e-11	-9.851018e-11	9.948195e+01	
80  5255.87	2.224165e+00	1.196671e-01	1.042378e+00	7.397152e-02	2.391530e-09	2.085225e-09	7.718934e-11	5.117001e-11	-9.851018e-11	1.002753e+02	
90  5254.56	2.224165e+00	1.196671e-01	1.042378e+00	7.397152e-02	2.391530e-09	2.085225e-09	7.718934e-11	5.117001e-11	-9.851018e-11	9.996483e+01	
44  5254.59	2.224165e+00	1.196671e-01	1.042378e+00	7.397152e-02	2.391530e-09	2.085225e-09	7.718934e-11	5.117001e-11	-9.851018e-11	9.998460e+01	
46  5253.25	2.229935e+00	1.214818e-01	1.041400e+00	6.439109e-02	2.414953e-09	2.044857e-09	7.310793e-11	3.580668e-11	-1.493176e-10	9.970019e+01	
230  5252.82	2.229935e+00	1.214818e-01	1.041400e+00	6.439109e-02	2.414953e-09	2.044857e-09	7.310793e-11	3.580668e-11	-1.493176e-10	9.990526e+01	
30  5253.11	2.229935e+00	1.214818e-01	1.041400e+00	6.439109e-02	2.414953e-09	2.044857e-09	7.310793e-11	3.580668e-11	-1.493176e-10	9.973774e+01	
10  5252.98	2.229935e+00	1.214818e-01	1.041400e+00	6.439109e-02	2.414953e-09	2.044857e-09	7.310793e-11	3.580668e-11	-1.493176e-10	1.000563e+02	
90  5253	2.229935e+00	1.214818e-01	1.041400e+00	6.439109e-02	2.414953e-09	2.044857e-09	7.310793e-11	3.580668e-11	-1.493176e-10	9.977607e+01	
30  5253.18	2.229935e+00	1.214818e-01	1.041400e+00	6.439109e-02	2.414953e-09	2.044857e-09	7.310793e-11	3.580668e-11	-1.493176e-10	9.971773e+01	
117  5253.13	2.229935e+00	1.214818e-01	1.041400e+00	6.439109e-02	2.414953e-09	2.044857e-09	7.310793e-11	3.580668e-11	-1.493176e-10	9.973146e+01	
3  5254.29	2.239974e+00	1.227163e-01	1.040977e+00	7.414340e-02	2.499002e-09	2.085291e-09	1.079054e-10	6.698749e-11	-2.120262e-10	1.002908e+02	
70  5253.65	2.239974e+00	1.227163e-01	1.040977e+00	7.414340e-02	2.499002e-09	2.085291e-09	1.079054e-10	6.698749e-11	-2.120262e-10	9.987517e+01	
40  5254.24	2.239974e+00	1.227163e-01	1.040977e+00	7.414340e-02	2.499002e-09	2.085291e-09	1.079054e-10	6.698749e-11	-2.120262e-10	9.971455e+01	
100  5254.36	2.239974e+00	1.227163e-01	1.040977e+00	7.414340e-02	2.499002e-09	2.085291e-09	1.079054e-10	6.698749e-11	-2.120262e-10	9.969148e+01	
230  5254.63	2.239974e+00	1.227163e-01	1.040977e+00	7.414340e-02	2.499002e-09	2.085291e-09	1.079054e-10	6.698749e-11	-2.120262e-10	1.003495e+02	
13  5254.43	2.239974e+00	1.227163e-01	1.040977e+00	7.414340e-02	2.499002e-09	2.085291e-09	1.079054e-10	6.698749e-11	-2.120262e-10	9.967917e+01	
16  5256.77	2.253515e+00	1.227445e-01	1.041631e+00	7.139260e-02	2.438621e-09	2.076060e-09	8.121353e-11	3.353849e-10	-1.374521e-10	9.978190e+01	
1  5257.87	2.232995e+00	1.219523e-01	1.042275e+00	6.481110e-02	2.286903e-09	2.043028e-09	4.539146e-11	1.429649e-09	-3.049171e-12	9.972319e+01	
10  5258.39	2.232995e+00	1.219523e-01	1.042275e+00	6.481110e-02	2.286903e-09	2.043028e-09	4.539146e-11	1.429649e-09	-3.049171e-12	9.961027e+01	
19  5257.96	2.232995e+00	1.219523e-01	1.042275e+00	6.481110e-02	2.286903e-09	2.043028e-09	4.539146e-11	1.429649e-09	-3.049171e-12	9.969747e+01	
43  5257.18	2.232755e+00	1.218394e-01	1.042868e+00	7.556898e-02	2.331551e-09	2.089131e-09	1.967332e-11	2.059663e-09	1.711729e-11	1.003448e+02	
8  5259.7	2.249903e+00	1.216815e-01	1.041946e+00	8.476912e-02	2.396303e-09	2.132216e-09	1.128274e-10	4.402946e-10	-6.984903e-11	1.003869e+02	
14  5258.44	2.249903e+00	1.216815e-01	1.041946e+00	8.476912e-02	2.396303e-09	2.132216e-09	1.128274e-10	4.402946e-10	-6.984903e-11	9.986808e+01	
22  5259.12	2.256918e+00	1.218266e-01	1.042814e+00	7.883370e-02	2.365189e-09	2.107852e-09	8.269493e-11	1.861802e-09	-2.500978e-11	9.977224e+01	
7  5258.97	2.250561e+00	1.210140e-01	1.043007e+00	8.897790e-02	2.386471e-09	2.151072e-09	7.701700e-11	1.744100e-09	-1.537629e-12	1.002146e+02	
3  5258.68	2.275067e+00	1.173095e-01	1.042518e+00	1.101838e-01	2.428090e-09	2.234370e-09	9.595754e-11	9.677741e-10	-2.968063e-11	9.975147e+01	
2  5261.05	2.286456e+00	1.193319e-01	1.042880e+00	9.434212e-02	2.401979e-09	2.170721e-09	8.503823e-11	1.704120e-09	-1.471403e-11	9.963735e+01	
1  5261.77	2.266376e+00	1.213511e-01	1.042170e+00	7.367738e-02	2.386597e-09	2.089649e-09	8.740072e-11	8.216906e-10	-5.573008e-11	9.922869e+01	
4  5262.19	2.272843e+00	1.228161e-01	1.041309e+00	7.568049e-02	2.450545e-09	2.100017e-09	6.400814e-11	7.247269e-10	-3.534487e-11	9.983923e+01	
3  5263.6	2.255342e+00	1.225866e-01	1.042541e+00	7.865826e-02	2.433175e-09	2.114778e-09	7.473963e-11	1.894701e-09	-6.264993e-11	9.992635e+01	
24  5259.61	2.266012e+00	1.241286e-01	1.041563e+00	7.642504e-02	2.513980e-09	2.105762e-09	1.073188e-10	9.383810e-10	-1.336899e-10	1.000210e+02	
49  5259.66	2.266012e+00	1.241286e-01	1.041563e+00	7.642504e-02	2.513980e-09	2.105762e-09	1.073188e-10	9.383810e-10	-1.336899e-10	9.992182e+01	
8  5258.64	2.277033e+00	1.217098e-01	1.041562e+00	9.515022e-02	2.525354e-09	2.182617e-09	8.350797e-11	3.484691e-10	-1.077928e-10	1.000510e+02	
27  5258.78	2.284310e+00	1.197196e-01	1.041761e+00	1.081172e-01	2.541173e-09	2.232149e-09	3.135982e-11	8.022965e-10	-8.675325e-11	9.997955e+01	
16  5260.1	2.303838e+00	1.163479e-01	1.042264e+00	1.223925e-01	2.531513e-09	2.286998e-09	2.198967e-11	4.931688e-10	-5.899995e-11	9.962405e+01	
120  5259.39	2.303838e+00	1.163479e-01	1.042264e+00	1.223925e-01	2.531513e-09	2.286998e-09	2.198967e-11	4.931688e-10	-5.899995e-11	9.977013e+01	
44  5259.35	2.303838e+00	1.163479e-01	1.042264e+00	1.223925e-01	2.531513e-09	2.286998e-09	2.198967e-11	4.931688e-10	-5.899995e-11	1.001516e+02	
2  5259	2.287365e+00	1.196254e-01	1.041579e+00	1.070024e-01	2.520785e-09	2.222305e-09	4.364258e-11	1.348713e-09	-7.428973e-11	1.003765e+02	
14  5257.25	2.266218e+00	1.202241e-01	1.040716e+00	8.880622e-02	2.493425e-09	2.146726e-09	3.984444e-11	4.829186e-10	-8.612635e-11	9.974948e+01	
12  5261.93	2.266218e+00	1.202241e-01	1.040716e+00	8.880622e-02	2.493425e-09	2.146726e-09	3.984444e-11	4.829186e-10	-8.612635e-11	1.007743e+02	
4  5255.46	2.259508e+00	1.203875e-01	1.041228e+00	7.073346e-02	2.386727e-09	2.070804e-09	1.164076e-11	6.078510e-10	-4.204884e-11	1.001093e+02	
63  5255.65	2.264675e+00	1.210514e-01	1.041534e+00	7.000335e-02	2.404671e-09	2.070482e-09	6.317530e-11	3.543369e-10	-1.055298e-10	1.000895e+02	
1  5255.94	2.244981e+00	1.235095e-01	1.040721e+00	4.733455e-02	2.402487e-09	1.980078e-09	5.922052e-11	1.321389e-10	-1.285254e-10	9.979885e+01	
10  5258.81	2.244981e+00	1.235095e-01	1.040721e+00	4.733455e-02	2.402487e-09	1.980078e-09	5.922052e-11	1.321389e-10	-1.285254e-10	1.004913e+02	
14  5257.11	2.244981e+00	1.235095e-01	1.040721e+00	4.733455e-02	2.402487e-09	1.980078e-09	5.922052e-11	1.321389e-10	-1.285254e-10	1.002944e+02	
5  5257.31	2.242121e+00	1.215820e-01	1.041489e+00	5.331053e-02	2.321284e-09	2.003397e-09	6.092053e-11	5.379717e-10	-6.056378e-11	1.002378e+02	
31  5259.73	2.227177e+00	1.234275e-01	1.040408e+00	5.317808e-02	2.410701e-09	2.003925e-09	7.179954e-11	1.734189e-11	-1.439409e-10	1.005425e+02	
80  5258.63	2.227177e+00	1.234275e-01	1.040408e+00	5.317808e-02	2.410701e-09	2.003925e-09	7.179954e-11	1.734189e-11	-1.439409e-10	1.004077e+02	
15  5258.38	2.227177e+00	1.234275e-01	1.040408e+00	5.317808e-02	2.410701e-09	2.003925e-09	7.179954e-11	1.734189e-11	-1.439409e-10	1.003701e+02	
105  5256.75	2.234499e+00	1.227813e-01	1.040456e+00	5.255598e-02	2.413148e-09	1.998619e-09	1.248826e-10	6.046398e-11	-2.213386e-10	9.975182e+01	
10  5257.52	2.234499e+00	1.227813e-01	1.040456e+00	5.255598e-02	2.413148e-09	1.998619e-09	1.248826e-10	6.046398e-11	-2.213386e-10	1.002468e+02	
130  5256.68	2.234499e+00	1.227813e-01	1.040456e+00	5.255598e-02	2.413148e-09	1.998619e-09	1.248826e-10	6.046398e-11	-2.213386e-10	9.977837e+01	
70  5256.55	2.234499e+00	1.227813e-01	1.040456e+00	5.255598e-02	2.413148e-09	1.998619e-09	1.248826e-10	6.046398e-11	-2.213386e-10	9.998156e+01	
4  5258.97	2.234499e+00	1.227813e-01	1.040456e+00	5.255598e-02	2.413148e-09	1.998619e-09	1.248826e-10	6.046398e-11	-2.213386e-10	9.939205e+01	
2  5261.05	2.213302e+00	1.234597e-01	1.040753e+00	4.627392e-02	2.386194e-09	1.971787e-09	1.670361e-10	3.341790e-10	-1.893724e-10	9.972450e+01	
1  5258.99	2.222399e+00	1.226882e-01	1.040857e+00	5.525371e-02	2.439047e-09	2.008415e-09	1.933724e-10	2.103137e-10	-1.926095e-10	1.000107e+02	
17  5258.66	2.232544e+00	1.234145e-01	1.041027e+00	6.023551e-02	2.451073e-09	2.034872e-09	2.233479e-10	2.313267e-10	-2.310149e-10	1.002483e+02	
66  5258.96	2.254156e+00	1.244717e-01	1.040547e+00	6.127113e-02	2.481604e-09	2.039336e-09	3.075674e-10	7.676609e-11	-3.113762e-10	1.001668e+02	
121  5258.83	2.254156e+00	1.244717e-01	1.040547e+00	6.127113e-02	2.481604e-09	2.039336e-09	3.075674e-10	7.676609e-11	-3.113762e-10	1.000527e+02	
189  5259.46	2.256655e+00	1.232337e-01	1.041207e+00	7.157027e-02	2.450412e-09	2.081825e-09	3.129769e-10	1.814975e-10	-2.930408e-10	1.001988e+02	
16  5258.94	2.256655e+00	1.232337e-01	1.041207e+00	7.157027e-02	2.450412e-09	2.081825e-09	3.129769e-10	1.814975e-10	-2.930408e-10	9.993135e+01	
14  5260.08	2.265227e+00	1.214134e-01	1.040870e+00	8.228835e-02	2.524791e-09	2.123701e-09	3.242843e-10	7.860349e-11	-3.648947e-10	9.951945e+01	
38  5257.89	2.265227e+00	1.214134e-01	1.040870e+00	8.228835e-02	2.524791e-09	2.123701e-09	3.242843e-10	7.860349e-11	-3.648947e-10	9.995758e+01	
21  5259.73	2.266986e+00	1.189011e-01	1.041306e+00	9.975505e-02	2.544779e-09	2.193309e-09	3.356543e-10	2.350966e-10	-3.569518e-10	1.000789e+02	
101  5260.54	2.282684e+00	1.189820e-01	1.041451e+00	1.034378e-01	2.551889e-09	2.213737e-09	3.678455e-10	1.505925e-10	-3.985544e-10	1.000080e+02	
2  5260.73	2.282684e+00	1.189820e-01	1.041451e+00	1.034378e-01	2.551889e-09	2.213737e-09	3.678455e-10	1.505925e-10	-3.985544e-10	1.001092e+02	
68  5257.76	2.263663e+00	1.200117e-01	1.041596e+00	9.890723e-02	2.569922e-09	2.191724e-09	3.473134e-10	8.842359e-11	-3.931940e-10	1.004405e+02	
30  5256.46	2.263663e+00	1.200117e-01	1.041596e+00	9.890723e-02	2.569922e-09	2.191724e-09	3.473134e-10	8.842359e-11	-3.931940e-10	1.002263e+02	
130  5256.64	2.263663e+00	1.200117e-01	1.041596e+00	9.890723e-02	2.569922e-09	2.191724e-09	3.473134e-10	8.842359e-11	-3.931940e-10	9.972601e+01	
20  5256.5	2.263663e+00	1.200117e-01	1.041596e+00	9.890723e-02	2.569922e-09	2.191724e-09	3.473134e-10	8.842359e-11	-3.931940e-10	9.975469e+01	
90  5256.51	2.263663e+00	1.200117e-01	1.041596e+00	9.890723e-02	2.569922e-09	2.191724e-09	3.473134e-10	8.842359e-11	-3.931940e-10	1.002384e+02	
10  5256.79	2.263663e+00	1.200117e-01	1.041596e+00	9.890723e-02	2.569922e-09	2.191724e-09	3.473134e-10	8.842359e-11	-3.931940e-10	9.969531e+01	
50  5256.6	2.263663e+00	1.200117e-01	1.041596e+00	9.890723e-02	2.569922e-09	2.191724e-09	3.473134e-10	8.842359e-11	-3.931940e-10	1.002570e+02	
190  5256.53	2.263663e+00	1.200117e-01	1.041596e+00	9.890723e-02	2.569922e-09	2.191724e-09	3.473134e-10	8.842359e-11	-3.931940e-10	1.002432e+02	
30  5256.76	2.263663e+00	1.200117e-01	1.041596e+00	9.890723e-02	2.569922e-09	2.191724e-09	3.473134e-10	8.842359e-11	-3.931940e-10	1.002901e+02	
210  5256.08	2.263663e+00	1.200117e-01	1.041596e+00	9.890723e-02	2.569922e-09	2.191724e-09	3.473134e-10	8.842359e-11	-3.931940e-10	1.000989e+02	
40  5256.5	2.263663e+00	1.200117e-01	1.041596e+00	9.890723e-02	2.569922e-09	2.191724e-09	3.473134e-10	8.842359e-11	-3.931940e-10	1.002348e+02	
325  5256.31	2.263663e+00	1.200117e-01	1.041596e+00	9.890723e-02	2.569922e-09	2.191724e-09	3.473134e-10	8.842359e-11	-3.931940e-10	9.980371e+01	
55  5255.85	2.270087e+00	1.198750e-01	1.041718e+00	9.949403e-02	2.568405e-09	2.194010e-09	2.897784e-10	9.291383e-11	-3.758924e-10	9.973782e+01	
130  5255.72	2.270087e+00	1.198750e-01	1.041718e+00	9.949403e-02	2.568405e-09	2.194010e-09	2.897784e-10	9.291383e-11	-3.758924e-10	9.977345e+01	
50  5255.95	2.270087e+00	1.198750e-01	1.041718e+00	9.949403e-02	2.568405e-09	2.194010e-09	2.897784e-10	9.291383e-11	-3.758924e-10	9.971424e+01	
190  5255.59	2.270087e+00	1.198750e-01	1.041718e+00	9.949403e-02	2.568405e-09	2.194010e-09	2.897784e-10	9.291383e-11	-3.758924e-10	1.001186e+02	
40  5255.94	2.270087e+00	1.198750e-01	1.041718e+00	9.949403e-02	2.568405e-09	2.194010e-09	2.897784e-10	9.291383e-11	-3.758924e-10	1.002139e+02	
39  5255.55	2.270087e+00	1.198750e-01	1.041718e+00	9.949403e-02	2.568405e-09	2.194010e-09	2.897784e-10	9.291383e-11	-3.758924e-10	9.982810e+01	
28  5256.84	2.242178e+00	1.209907e-01	1.041843e+00	8.367291e-02	2.492688e-09	2.124410e-09	2.463903e-10	5.516592e-11	-3.564478e-10	9.954439e+01	
63  5258.72	2.219064e+00	1.235588e-01	1.042099e+00	7.410976e-02	2.500126e-09	2.093315e-09	2.753537e-10	4.464703e-11	-3.165365e-10	1.004725e+02	
40  5257.92	2.219064e+00	1.235588e-01	1.042099e+00	7.410976e-02	2.500126e-09	2.093315e-09	2.753537e-10	4.464703e-11	-3.165365e-10	1.003656e+02	
40  5256.76	2.219064e+00	1.235588e-01	1.042099e+00	7.410976e-02	2.500126e-09	2.093315e-09	2.753537e-10	4.464703e-11	-3.165365e-10	1.000426e+02	
66  5256.94	2.219064e+00	1.235588e-01	1.042099e+00	7.410976e-02	2.500126e-09	2.093315e-09	2.753537e-10	4.464703e-11	-3.165365e-10	1.001492e+02	
44  5257.17	2.241364e+00	1.216909e-01	1.042416e+00	8.118922e-02	2.497493e-09	2.120374e-09	3.112893e-10	4.397928e-11	-3.357758e-10	9.971599e+01	
10  5257.08	2.241364e+00	1.216909e-01	1.042416e+00	8.118922e-02	2.497493e-09	2.120374e-09	3.112893e-10	4.397928e-11	-3.357758e-10	1.001845e+02	
10  5256.96	2.241364e+00	1.216909e-01	1.042416e+00	8.118922e-02	2.497493e-09	2.120374e-09	3.112893e-10	4.397928e-11	-3.357758e-10	1.001524e+02	
50  5262.98	2.241364e+00	1.216909e-01	1.042416e+00	8.118922e-02	2.497493e-09	2.120374e-09	3.112893e-10	4.397928e-11	-3.357758e-10	1.008023e+02	
20  5258.18	2.241364e+00	1.216909e-01	1.042416e+00	8.118922e-02	2.497493e-09	2.120374e-09	3.112893e-10	4.397928e-11	-3.357758e-10	1.003768e+02	
50  5257.23	2.241364e+00	1.216909e-01	1.042416e+00	8.118922e-02	2.497493e-09	2.120374e-09	3.112893e-10	4.397928e-11	-3.357758e-10	9.970400e+01	
20  5257.2	2.241364e+00	1.216909e-01	1.042416e+00	8.118922e-02	2.497493e-09	2.120374e-09	3.112893e-10	4.397928e-11	-3.357758e-10	9.970878e+01	
60  5257.26	2.241364e+00	1.216909e-01	1.042416e+00	8.118922e-02	2.497493e-09	2.120374e-09	3.112893e-10	4.397928e-11	-3.357758e-10	9.969672e+01	
30  5257.67	2.241364e+00	1.216909e-01	1.042416e+00	8.118922e-02	2.497493e-09	2.120374e-09	3.112893e-10	4.397928e-11	-3.357758e-10	9.962128e+01	
219  5256.64	2.241364e+00	1.216909e-01	1.042416e+00	8.118922e-02	2.497493e-09	2.120374e-09	3.112893e-10	4.397928e-11	-3.357758e-10	9.993472e+01	
21  5257.34	2.249408e+00	1.224368e-01	1.041626e+00	8.211242e-02	2.560525e-09	2.127811e-09	3.207922e-10	4.067122e-11	-3.998954e-10	9.983512e+01	
214  5257.18	2.249408e+00	1.224368e-01	1.041626e+00	8.211242e-02	2.560525e-09	2.127811e-09	3.207922e-10	4.067122e-11	-3.998954e-10	1.002085e+02	
16  5257.01	2.234179e+00	1.210065e-01	1.041917e+00	7.559034e-02	2.447248e-09	2.095379e-09	3.068477e-10	8.491470e-11	-2.995858e-10	9.990678e+01	
60  5257.05	2.234179e+00	1.210065e-01	1.041917e+00	7.559034e-02	2.447248e-09	2.095379e-09	3.068477e-10	8.491470e-11	-2.995858e-10	9.983956e+01	
70  5257.09	2.234179e+00	1.210065e-01	1.041917e+00	7.559034e-02	2.447248e-09	2.095379e-09	3.068477e-10	8.491470e-11	-2.995858e-10	9.981360e+01	
48  5257.06	2.234179e+00	1.210065e-01	1.041917e+00	7.559034e-02	2.447248e-09	2.095379e-09	3.068477e-10	8.491470e-11	-2.995858e-10	9.997813e+01	
12  5254.76	2.246659e+00	1.219001e-01	1.041268e+00	7.726765e-02	2.521158e-09	2.101043e-09	2.818615e-10	4.065563e-11	-3.402341e-10	1.000448e+02	
20  5254.83	2.246659e+00	1.219001e-01	1.041268e+00	7.726765e-02	2.521158e-09	2.101043e-09	2.818615e-10	4.065563e-11	-3.402341e-10	9.992060e+01	
23  5256.57	2.246659e+00	1.219001e-01	1.041268e+00	7.726765e-02	2.521158e-09	2.101043e-09	2.818615e-10	4.065563e-11	-3.402341e-10	9.956740e+01	
82  5257.91	2.254779e+00	1.239651e-01	1.040581e+00	7.521239e-02	2.572474e-09	2.094472e-09	2.846133e-10	1.881695e-10	-3.410795e-10	1.000802e+02	
95  5258.19	2.253345e+00	1.247812e-01	1.041131e+00	6.726322e-02	2.547329e-09	2.060851e-09	2.935695e-10	1.113715e-10	-3.235039e-10	1.001618e+02	
30  5258.72	2.253345e+00	1.247812e-01	1.041131e+00	6.726322e-02	2.547329e-09	2.060851e-09	2.935695e-10	1.113715e-10	-3.235039e-10	9.976722e+01	
10  5258.37	2.253345e+00	1.247812e-01	1.041131e+00	6.726322e-02	2.547329e-09	2.060851e-09	2.935695e-10	1.113715e-10	-3.235039e-10	9.985123e+01	
40  5258.51	2.253345e+00	1.247812e-01	1.041131e+00	6.726322e-02	2.547329e-09	2.060851e-09	2.935695e-10	1.113715e-10	-3.235039e-10	9.981330e+01	
70  5260.03	2.253345e+00	1.247812e-01	1.041131e+00	6.726322e-02	2.547329e-09	2.060851e-09	2.935695e-10	1.113715e-10	-3.235039e-10	9.956987e+01	
20  5258.46	2.253345e+00	1.247812e-01	1.041131e+00	6.726322e-02	2.547329e-09	2.060851e-09	2.935695e-10	1.113715e-10	-3.235039e-10	1.002502e+02	
37  5258.14	2.253345e+00	1.247812e-01	1.041131e+00	6.726322e-02	2.547329e-09	2.060851e-09	2.935695e-10	1.113715e-10	-3.235039e-10	1.001350e+02	
10  5258.11	2.232932e+00	1.235385e-01	1.041617e+00	6.841599e-02	2.461957e-09	2.065917e-09	3.026612e-10	1.481528e-10	-2.745260e-10	1.000874e+02	
45  5258.68	2.260500e+00	1.235711e-01	1.041768e+00	8.001407e-02	2.582800e-09	2.118300e-09	2.745638e-10	1.455407e-10	-3.414527e-10	1.002919e+02	
181  5257.62	2.249239e+00	1.212845e-01	1.042092e+00	8.132100e-02	2.500082e-09	2.120000e-09	2.653140e-10	4.863420e-12	-3.140621e-10	9.969657e+01	
8  5257.86	2.288180e+00	1.211997e-01	1.041775e+00	9.701284e-02	2.620040e-09	2.188525e-09	2.885872e-10	6.176337e-11	-3.696848e-10	1.000422e+02	
159  5257.54	2.238486e+00	1.207049e-01	1.042080e+00	9.397754e-02	2.532872e-09	2.172445e-09	2.824515e-10	9.735829e-11	-3.545182e-10	9.998134e+01	
60  5261.13	2.238486e+00	1.207049e-01	1.042080e+00	9.397754e-02	2.532872e-09	2.172445e-09	2.824515e-10	9.735829e-11	-3.545182e-10	1.005706e+02	
160  5257.55	2.238486e+00	1.207049e-01	1.042080e+00	9.397754e-02	2.532872e-09	2.172445e-09	2.824515e-10	9.735829e-11	-3.545182e-10	9.999628e+01	
15  5259.09	2.238486e+00	1.207049e-01	1.042080e+00	9.397754e-02	2.532872e-09	2.172445e-09	2.824515e-10	9.735829e-11	-3.545182e-10	1.003542e+02	
131  5256.52	2.253490e+00	1.216183e-01	1.041193e+00	8.686103e-02	2.588782e-09	2.142473e-09	2.593307e-10	2.961499e-11	-3.892297e-10	1.000114e+02	
3  5257.61	2.269326e+00	1.204441e-01	1.040740e+00	1.018824e-01	2.637516e-09	2.201571e-09	2.515104e-10	5.019006e-11	-3.976238e-10	1.001478e+02	
