7  5358.33	2.239879e+00	1.146038e-01	1.043241e+00	8.740902e-02	2.373578e-09	2.163385e-09	2.137941e-11	2.765846e-09	-2.296908e-11	1.000246e+02	
1  5336.6	2.251278e+00	1.138647e-01	1.043214e+00	9.785850e-02	2.320950e-09	2.203900e-09	4.383619e-11	3.108083e-09	-1.814119e-11	1.000174e+02	
6  5334.13	2.232079e+00	1.158850e-01	1.043119e+00	9.715870e-02	2.374975e-09	2.204874e-09	4.343004e-11	1.789054e-09	1.343413e-11	1.011735e+02	
4  5315.16	2.226508e+00	1.140265e-01	1.043392e+00	1.063157e-01	2.370620e-09	2.235216e-09	4.472352e-11	1.607830e-09	3.708325e-11	1.012072e+02	
3  5305.68	2.236028e+00	1.134331e-01	1.043835e+00	1.120440e-01	2.381075e-09	2.254150e-09	7.548486e-11	2.172579e-09	1.727104e-11	1.011896e+02	
4  5296.56	2.255042e+00	1.106197e-01	1.042912e+00	1.351128e-01	2.495242e-09	2.348102e-09	1.513631e-10	7.193452e-10	-7.717865e-11	1.010287e+02	
11  5292.12	2.272666e+00	1.110249e-01	1.042217e+00	1.344730e-01	2.484952e-09	2.344757e-09	2.016814e-10	9.432475e-10	-1.008135e-10	1.007999e+02	
4  5289.02	2.311970e+00	1.118070e-01	1.041515e+00	1.472129e-01	2.619089e-09	2.390880e-09	1.793326e-10	1.529925e-09	-1.366128e-10	1.012383e+02	
6  5291.27	2.325963e+00	1.101168e-01	1.040785e+00	1.348492e-01	2.564570e-09	2.332692e-09	2.581369e-10	1.126486e-09	-1.903806e-10	9.972857e+01	
3  5291.98	2.302614e+00	1.123387e-01	1.040249e+00	1.361229e-01	2.634298e-09	2.335920e-09	3.055393e-10	1.712964e-09	-2.275855e-10	1.005594e+02	
4  5288.71	2.302614e+00	1.123387e-01	1.040249e+00	1.361229e-01	2.634298e-09	2.335920e-09	3.055393e-10	1.712964e-09	-2.275855e-10	9.978059e+01	
7  5287.67	2.298500e+00	1.138700e-01	1.040803e+00	1.210303e-01	2.536662e-09	2.273800e-09	2.451063e-10	2.850491e-09	-1.460960e-10	9.973847e+01	
14  5287.08	2.307088e+00	1.154380e-01	1.040152e+00	1.358536e-01	2.711462e-09	2.342190e-09	2.888427e-10	1.417245e-09	-2.284530e-10	1.008687e+02	
7  5282.86	2.295237e+00	1.141815e-01	1.040381e+00	1.299779e-01	2.629636e-09	2.313794e-09	3.074795e-10	1.650419e-09	-2.295820e-10	1.001438e+02	
1  5277.34	2.239915e+00	1.168726e-01	1.040770e+00	1.047875e-01	2.527798e-09	2.215172e-09	2.979593e-10	5.826142e-10	-2.045015e-10	1.003097e+02	
8  5271.26	2.225423e+00	1.199195e-01	1.040703e+00	9.187037e-02	2.529536e-09	2.164580e-09	2.597206e-10	3.663972e-10	-2.239004e-10	1.006203e+02	
1  5268.91	2.229823e+00	1.208389e-01	1.041045e+00	6.861993e-02	2.421276e-09	2.063361e-09	2.317448e-10	7.963202e-10	-2.387068e-10	9.947753e+01	
6  5265.91	2.256969e+00	1.229398e-01	1.040859e+00	7.694633e-02	2.547155e-09	2.106217e-09	2.257501e-10	5.653067e-10	-2.568619e-10	1.004973e+02	
14  5266.91	2.256578e+00	1.239566e-01	1.040638e+00	7.712710e-02	2.574683e-09	2.104584e-09	2.340288e-10	4.800481e-10	-2.526451e-10	1.009058e+02	
26  5264.35	2.261435e+00	1.226635e-01	1.041113e+00	7.846807e-02	2.551290e-09	2.109755e-09	2.616432e-10	5.768352e-10	-2.834697e-10	1.004078e+02	
52  5264.35	2.286080e+00	1.221248e-01	1.041439e+00	7.559594e-02	2.518669e-09	2.099802e-09	3.130702e-10	3.261407e-10	-3.653956e-10	9.954181e+01	
36  5267.25	2.286080e+00	1.221248e-01	1.041439e+00	7.559594e-02	2.518669e-09	2.099802e-09	3.130702e-10	3.261407e-10	-3.653956e-10	9.921047e+01	
57  5265.49	2.259603e+00	1.234172e-01	1.040601e+00	7.085623e-02	2.562715e-09	2.078342e-09	3.069265e-10	5.193881e-10	-3.449839e-10	9.969126e+01	
7  5263.86	2.237018e+00	1.240004e-01	1.040380e+00	6.672816e-02	2.561741e-09	2.056068e-09	3.494523e-10	3.658381e-10	-3.658134e-10	9.979329e+01	
24  5263.65	2.237018e+00	1.240004e-01	1.040380e+00	6.672816e-02	2.561741e-09	2.056068e-09	3.494523e-10	3.658381e-10	-3.658134e-10	9.989994e+01	
2  5263.31	2.265315e+00	1.217868e-01	1.040293e+00	9.201746e-02	2.650013e-09	2.158305e-09	4.090681e-10	2.741582e-10	-4.111124e-10	1.001534e+02	
35  5264.56	2.259177e+00	1.208064e-01	1.040838e+00	9.931976e-02	2.634588e-09	2.190983e-09	4.242224e-10	3.851152e-10	-3.953539e-10	1.003568e+02	
6  5263.06	2.274675e+00	1.232295e-01	1.040430e+00	7.928071e-02	2.562495e-09	2.107118e-09	4.448216e-10	3.133020e-10	-3.694906e-10	1.000934e+02	
3  5265.03	2.270443e+00	1.188759e-01	1.040693e+00	9.702261e-02	2.564756e-09	2.171521e-09	3.946693e-10	5.193585e-10	-3.488347e-10	9.957571e+01	
14  5265.69	2.270443e+00	1.188759e-01	1.040693e+00	9.702261e-02	2.564756e-09	2.171521e-09	3.946693e-10	5.193585e-10	-3.488347e-10	1.003267e+02	
6  5264.19	2.289120e+00	1.179612e-01	1.040396e+00	1.064952e-01	2.579734e-09	2.209870e-09	4.174959e-10	3.751016e-10	-3.920385e-10	1.000894e+02	
50  5264.34	2.289120e+00	1.179612e-01	1.040396e+00	1.064952e-01	2.579734e-09	2.209870e-09	4.174959e-10	3.751016e-10	-3.920385e-10	1.001342e+02	
17  5264.35	2.289120e+00	1.179612e-01	1.040396e+00	1.064952e-01	2.579734e-09	2.209870e-09	4.174959e-10	3.751016e-10	-3.920385e-10	9.971198e+01	
9  5264.96	2.252573e+00	1.207128e-01	1.040328e+00	9.305681e-02	2.577357e-09	2.158563e-09	3.797895e-10	5.440942e-10	-3.808989e-10	1.002182e+02	
76  5263.36	2.237915e+00	1.210169e-01	1.040479e+00	7.998402e-02	2.523939e-09	2.098610e-09	4.143937e-10	1.662297e-10	-4.047422e-10	9.970771e+01	
9  5260.82	2.257089e+00	1.218510e-01	1.040554e+00	8.140850e-02	2.542509e-09	2.107589e-09	4.216174e-10	1.249570e-10	-4.156486e-10	9.989940e+01	
56  5259.95	2.272941e+00	1.204292e-01	1.040638e+00	9.970851e-02	2.634251e-09	2.186015e-09	4.549587e-10	1.376744e-10	-5.007783e-10	9.993650e+01	
3  5261.1	2.271203e+00	1.226492e-01	1.040545e+00	9.880651e-02	2.702024e-09	2.190736e-09	4.547806e-10	8.697748e-11	-5.695389e-10	1.003575e+02	
130  5260.88	2.271203e+00	1.226492e-01	1.040545e+00	9.880651e-02	2.702024e-09	2.190736e-09	4.547806e-10	8.697748e-11	-5.695389e-10	1.002996e+02	
20  5260.87	2.271203e+00	1.226492e-01	1.040545e+00	9.880651e-02	2.702024e-09	2.190736e-09	4.547806e-10	8.697748e-11	-5.695389e-10	9.994553e+01	
20  5260.59	2.271203e+00	1.226492e-01	1.040545e+00	9.880651e-02	2.702024e-09	2.190736e-09	4.547806e-10	8.697748e-11	-5.695389e-10	1.001333e+02	
20  5261.23	2.271203e+00	1.226492e-01	1.040545e+00	9.880651e-02	2.702024e-09	2.190736e-09	4.547806e-10	8.697748e-11	-5.695389e-10	9.985339e+01	
140  5260.92	2.271203e+00	1.226492e-01	1.040545e+00	9.880651e-02	2.702024e-09	2.190736e-09	4.547806e-10	8.697748e-11	-5.695389e-10	9.992862e+01	
17  5260.77	2.271203e+00	1.226492e-01	1.040545e+00	9.880651e-02	2.702024e-09	2.190736e-09	4.547806e-10	8.697748e-11	-5.695389e-10	9.997932e+01	
13  5260.56	2.269964e+00	1.218517e-01	1.041284e+00	1.084599e-01	2.705160e-09	2.232610e-09	4.733630e-10	1.171854e-10	-5.598614e-10	1.003593e+02	
30  5260.15	2.269964e+00	1.218517e-01	1.041284e+00	1.084599e-01	2.705160e-09	2.232610e-09	4.733630e-10	1.171854e-10	-5.598614e-10	9.990574e+01	
20  5259.92	2.269964e+00	1.218517e-01	1.041284e+00	1.084599e-01	2.705160e-09	2.232610e-09	4.733630e-10	1.171854e-10	-5.598614e-10	1.000086e+02	
36  5260.27	2.269964e+00	1.218517e-01	1.041284e+00	1.084599e-01	2.705160e-09	2.232610e-09	4.733630e-10	1.171854e-10	-5.598614e-10	9.987120e+01	
114  5259.77	2.250570e+00	1.222876e-01	1.041412e+00	1.055619e-01	2.672494e-09	2.222041e-09	4.890902e-10	3.918741e-11	-5.724627e-10	9.990731e+01	
20  5259.3	2.250570e+00	1.222876e-01	1.041412e+00	1.055619e-01	2.672494e-09	2.222041e-09	4.890902e-10	3.918741e-11	-5.724627e-10	1.000700e+02	
10  5259.76	2.250570e+00	1.222876e-01	1.041412e+00	1.055619e-01	2.672494e-09	2.222041e-09	4.890902e-10	3.918741e-11	-5.724627e-10	9.990795e+01	
10  5259.31	2.250570e+00	1.222876e-01	1.041412e+00	1.055619e-01	2.672494e-09	2.222041e-09	4.890902e-10	3.918741e-11	-5.724627e-10	1.000622e+02	
230  5259.3	2.250570e+00	1.222876e-01	1.041412e+00	1.055619e-01	2.672494e-09	2.222041e-09	4.890902e-10	3.918741e-11	-5.724627e-10	1.000706e+02	
130  5259.26	2.250570e+00	1.222876e-01	1.041412e+00	1.055619e-01	2.672494e-09	2.222041e-09	4.890902e-10	3.918741e-11	-5.724627e-10	1.001826e+02	
8  5259.63	2.250570e+00	1.222876e-01	1.041412e+00	1.055619e-01	2.672494e-09	2.222041e-09	4.890902e-10	3.918741e-11	-5.724627e-10	9.994026e+01	
12  5259.94	2.244057e+00	1.211345e-01	1.041765e+00	1.116813e-01	2.664281e-09	2.249691e-09	4.946853e-10	5.806390e-11	-5.773831e-10	9.989995e+01	
35  5259.87	2.244057e+00	1.211345e-01	1.041765e+00	1.116813e-01	2.664281e-09	2.249691e-09	4.946853e-10	5.806390e-11	-5.773831e-10	1.002459e+02	
91  5260.3	2.243525e+00	1.211893e-01	1.042038e+00	1.038377e-01	2.629299e-09	2.214347e-09	4.836304e-10	7.778375e-11	-5.426720e-10	1.000769e+02	
33  5260.43	2.246381e+00	1.195305e-01	1.041791e+00	1.063005e-01	2.627347e-09	2.218326e-09	4.361912e-10	9.735296e-11	-5.029048e-10	9.975032e+01	
22  5264.72	2.241700e+00	1.198857e-01	1.041480e+00	1.143505e-01	2.694287e-09	2.251575e-09	4.792313e-10	1.569523e-10	-5.517829e-10	1.001515e+02	
9  5263.44	2.219722e+00	1.221491e-01	1.041655e+00	9.086897e-02	2.623938e-09	2.153491e-09	4.462462e-10	7.617690e-11	-5.210573e-10	9.998651e+01	
30  5263.66	2.219722e+00	1.221491e-01	1.041655e+00	9.086897e-02	2.623938e-09	2.153491e-09	4.462462e-10	7.617690e-11	-5.210573e-10	9.984353e+01	
117  5263.44	2.219722e+00	1.221491e-01	1.041655e+00	9.086897e-02	2.623938e-09	2.153491e-09	4.462462e-10	7.617690e-11	-5.210573e-10	9.998915e+01	
33  5267.78	2.193624e+00	1.220176e-01	1.041822e+00	7.901374e-02	2.516072e-09	2.102573e-09	3.663995e-10	7.562498e-11	-4.411299e-10	9.967755e+01	
7  5270.22	2.193624e+00	1.220176e-01	1.041822e+00	7.901374e-02	2.516072e-09	2.102573e-09	3.663995e-10	7.562498e-11	-4.411299e-10	9.932677e+01	
63  5270.38	2.201676e+00	1.220327e-01	1.042033e+00	9.119882e-02	2.590922e-09	2.154212e-09	4.233236e-10	7.549021e-11	-5.251575e-10	9.962893e+01	
40  5269.61	2.201676e+00	1.220327e-01	1.042033e+00	9.119882e-02	2.590922e-09	2.154212e-09	4.233236e-10	7.549021e-11	-5.251575e-10	1.000118e+02	
10  5269.56	2.201676e+00	1.220327e-01	1.042033e+00	9.119882e-02	2.590922e-09	2.154212e-09	4.233236e-10	7.549021e-11	-5.251575e-10	9.991118e+01	
69  5269.76	2.201676e+00	1.220327e-01	1.042033e+00	9.119882e-02	2.590922e-09	2.154212e-09	4.233236e-10	7.549021e-11	-5.251575e-10	9.977986e+01	
1  5267.41	2.204142e+00	1.226356e-01	1.041913e+00	8.610382e-02	2.578887e-09	2.135807e-09	4.061043e-10	7.857088e-11	-5.211933e-10	9.967365e+01	
30  5266.85	2.204142e+00	1.226356e-01	1.041913e+00	8.610382e-02	2.578887e-09	2.135807e-09	4.061043e-10	7.857088e-11	-5.211933e-10	9.989412e+01	
100  5266.86	2.204142e+00	1.226356e-01	1.041913e+00	8.610382e-02	2.578887e-09	2.135807e-09	4.061043e-10	7.857088e-11	-5.211933e-10	9.997497e+01	
20  5267.46	2.204142e+00	1.226356e-01	1.041913e+00	8.610382e-02	2.578887e-09	2.135807e-09	4.061043e-10	7.857088e-11	-5.211933e-10	1.001888e+02	
40  5267.88	2.204142e+00	1.226356e-01	1.041913e+00	8.610382e-02	2.578887e-09	2.135807e-09	4.061043e-10	7.857088e-11	-5.211933e-10	1.002668e+02	
30  5269.18	2.204142e+00	1.226356e-01	1.041913e+00	8.610382e-02	2.578887e-09	2.135807e-09	4.061043e-10	7.857088e-11	-5.211933e-10	1.004374e+02	
30  5266.93	2.204142e+00	1.226356e-01	1.041913e+00	8.610382e-02	2.578887e-09	2.135807e-09	4.061043e-10	7.857088e-11	-5.211933e-10	9.982284e+01	
17  5267.17	2.204142e+00	1.226356e-01	1.041913e+00	8.610382e-02	2.578887e-09	2.135807e-09	4.061043e-10	7.857088e-11	-5.211933e-10	9.973400e+01	
30  5268.44	2.222706e+00	1.236076e-01	1.041540e+00	9.354170e-02	2.661610e-09	2.168895e-09	4.073765e-10	1.449294e-10	-5.667993e-10	1.001003e+02	
33  5264.41	2.232226e+00	1.250888e-01	1.040561e+00	9.469778e-02	2.701384e-09	2.172789e-09	4.875954e-10	4.277670e-11	-6.321002e-10	1.002616e+02	
40  5265.1	2.232226e+00	1.250888e-01	1.040561e+00	9.469778e-02	2.701384e-09	2.172789e-09	4.875954e-10	4.277670e-11	-6.321002e-10	1.004715e+02	
83  5265.36	2.232226e+00	1.250888e-01	1.040561e+00	9.469778e-02	2.701384e-09	2.172789e-09	4.875954e-10	4.277670e-11	-6.321002e-10	1.005173e+02	
97  5262.05	2.253322e+00	1.232714e-01	1.040752e+00	9.540333e-02	2.694542e-09	2.171739e-09	4.876109e-10	7.085179e-11	-6.289887e-10	9.987949e+01	
90  5261.71	2.253322e+00	1.232714e-01	1.040752e+00	9.540333e-02	2.694542e-09	2.171739e-09	4.876109e-10	7.085179e-11	-6.289887e-10	1.000331e+02	
30  5261.89	2.253322e+00	1.232714e-01	1.040752e+00	9.540333e-02	2.694542e-09	2.171739e-09	4.876109e-10	7.085179e-11	-6.289887e-10	9.993226e+01	
60  5263.15	2.253322e+00	1.232714e-01	1.040752e+00	9.540333e-02	2.694542e-09	2.171739e-09	4.876109e-10	7.085179e-11	-6.289887e-10	1.004800e+02	
10  5262.05	2.253322e+00	1.232714e-01	1.040752e+00	9.540333e-02	2.694542e-09	2.171739e-09	4.876109e-10	7.085179e-11	-6.289887e-10	1.002760e+02	
130  5262.02	2.253322e+00	1.232714e-01	1.040752e+00	9.540333e-02	2.694542e-09	2.171739e-09	4.876109e-10	7.085179e-11	-6.289887e-10	9.988984e+01	
15  5262.37	2.253322e+00	1.232714e-01	1.040752e+00	9.540333e-02	2.694542e-09	2.171739e-09	4.876109e-10	7.085179e-11	-6.289887e-10	1.003529e+02	
1  5261.35	2.255236e+00	1.244355e-01	1.040448e+00	7.557543e-02	2.588351e-09	2.090002e-09	5.011115e-10	6.499964e-11	-5.865132e-10	9.981506e+01	
144  5261.31	2.245421e+00	1.227609e-01	1.040139e+00	8.841415e-02	2.586885e-09	2.143889e-09	4.817603e-10	3.843029e-11	-5.496235e-10	1.000266e+02	
40  5261.59	2.245421e+00	1.227609e-01	1.040139e+00	8.841415e-02	2.586885e-09	2.143889e-09	4.817603e-10	3.843029e-11	-5.496235e-10	9.991895e+01	
70  5261.95	2.245421e+00	1.227609e-01	1.040139e+00	8.841415e-02	2.586885e-09	2.143889e-09	4.817603e-10	3.843029e-11	-5.496235e-10	1.003930e+02	
90  5262.39	2.245421e+00	1.227609e-01	1.040139e+00	8.841415e-02	2.586885e-09	2.143889e-09	4.817603e-10	3.843029e-11	-5.496235e-10	1.004704e+02	
10  5262.45	2.245421e+00	1.227609e-01	1.040139e+00	8.841415e-02	2.586885e-09	2.143889e-09	4.817603e-10	3.843029e-11	-5.496235e-10	9.974830e+01	
12  5261.44	2.245421e+00	1.227609e-01	1.040139e+00	8.841415e-02	2.586885e-09	2.143889e-09	4.817603e-10	3.843029e-11	-5.496235e-10	9.996522e+01	
38  5259.04	2.247193e+00	1.237890e-01	1.040706e+00	7.718226e-02	2.589550e-09	2.101115e-09	4.111435e-10	2.741633e-11	-4.871619e-10	1.001501e+02	
10  5259.66	2.247193e+00	1.237890e-01	1.040706e+00	7.718226e-02	2.589550e-09	2.101115e-09	4.111435e-10	2.741633e-11	-4.871619e-10	1.003830e+02	
44  5259.38	2.247193e+00	1.237890e-01	1.040706e+00	7.718226e-02	2.589550e-09	2.101115e-09	4.111435e-10	2.741633e-11	-4.871619e-10	1.003164e+02	
78  5258.17	2.245958e+00	1.228948e-01	1.040802e+00	7.172578e-02	2.536994e-09	2.072485e-09	4.016454e-10	6.598374e-11	-4.524567e-10	9.988083e+01	
23  5261.65	2.264001e+00	1.221386e-01	1.040863e+00	8.764651e-02	2.600297e-09	2.140842e-09	4.120805e-10	2.420456e-10	-4.542610e-10	1.003617e+02	
5  5259.14	2.246966e+00	1.193237e-01	1.041599e+00	9.405718e-02	2.562561e-09	2.164847e-09	4.223101e-10	9.501436e-11	-4.675198e-10	9.985243e+01	
91  5259.11	2.246966e+00	1.193237e-01	1.041599e+00	9.405718e-02	2.562561e-09	2.164847e-09	4.223101e-10	9.501436e-11	-4.675198e-10	9.992591e+01	
109  5259.1	2.243243e+00	1.201054e-01	1.041491e+00	8.666209e-02	2.549613e-09	2.137328e-09	4.423302e-10	7.318756e-11	-4.796020e-10	9.980891e+01	
60  5259.65	2.243243e+00	1.201054e-01	1.041491e+00	8.666209e-02	2.549613e-09	2.137328e-09	4.423302e-10	7.318756e-11	-4.796020e-10	9.965870e+01	
40  5261.1	2.243243e+00	1.201054e-01	1.041491e+00	8.666209e-02	2.549613e-09	2.137328e-09	4.423302e-10	7.318756e-11	-4.796020e-10	9.945000e+01	
20  5260.78	2.243243e+00	1.201054e-01	1.041491e+00	8.666209e-02	2.549613e-09	2.137328e-09	4.423302e-10	7.318756e-11	-4.796020e-10	1.003888e+02	
30  5260.86	2.243243e+00	1.201054e-01	1.041491e+00	8.666209e-02	2.549613e-09	2.137328e-09	4.423302e-10	7.318756e-11	-4.796020e-10	9.947777e+01	
20  5261.64	2.243243e+00	1.201054e-01	1.041491e+00	8.666209e-02	2.549613e-09	2.137328e-09	4.423302e-10	7.318756e-11	-4.796020e-10	1.004847e+02	
35  5258.96	2.243243e+00	1.201054e-01	1.041491e+00	8.666209e-02	2.549613e-09	2.137328e-09	4.423302e-10	7.318756e-11	-4.796020e-10	9.996848e+01	
15  5258.91	2.253775e+00	1.200959e-01	1.041297e+00	9.163536e-02	2.567580e-09	2.155087e-09	4.241477e-10	1.215662e-10	-4.678810e-10	1.001374e+02	
110  5258.94	2.253775e+00	1.200959e-01	1.041297e+00	9.163536e-02	2.567580e-09	2.155087e-09	4.241477e-10	1.215662e-10	-4.678810e-10	1.001468e+02	
10  5258.5	2.253775e+00	1.200959e-01	1.041297e+00	9.163536e-02	2.567580e-09	2.155087e-09	4.241477e-10	1.215662e-10	-4.678810e-10	9.992368e+01	
10  5258.56	2.253775e+00	1.200959e-01	1.041297e+00	9.163536e-02	2.567580e-09	2.155087e-09	4.241477e-10	1.215662e-10	-4.678810e-10	1.000052e+02	
30  5258.87	2.253775e+00	1.200959e-01	1.041297e+00	9.163536e-02	2.567580e-09	2.155087e-09	4.241477e-10	1.215662e-10	-4.678810e-10	1.001264e+02	
2  5258.54	2.253775e+00	1.200959e-01	1.041297e+00	9.163536e-02	2.567580e-09	2.155087e-09	4.241477e-10	1.215662e-10	-4.678810e-10	9.998887e+01	
68  5259.31	2.252558e+00	1.208201e-01	1.041343e+00	8.923321e-02	2.527906e-09	2.147851e-09	4.709815e-10	6.070013e-11	-4.235543e-10	1.003805e+02	
23  5259.67	2.252558e+00	1.208201e-01	1.041343e+00	8.923321e-02	2.527906e-09	2.147851e-09	4.709815e-10	6.070013e-11	-4.235543e-10	1.004327e+02	
117  5260.66	2.273388e+00	1.206392e-01	1.042052e+00	8.471433e-02	2.463191e-09	2.135996e-09	4.538276e-10	6.869210e-11	-4.005534e-10	1.000772e+02	
10  5260.56	2.273388e+00	1.206392e-01	1.042052e+00	8.471433e-02	2.463191e-09	2.135996e-09	4.538276e-10	6.869210e-11	-4.005534e-10	1.000244e+02	
10  5261.06	2.273388e+00	1.206392e-01	1.042052e+00	8.471433e-02	2.463191e-09	2.135996e-09	4.538276e-10	6.869210e-11	-4.005534e-10	1.001902e+02	
56  5261.01	2.273388e+00	1.206392e-01	1.042052e+00	8.471433e-02	2.463191e-09	2.135996e-09	4.538276e-10	6.869210e-11	-4.005534e-10	9.969459e+01	
14  5260.19	2.259310e+00	1.198001e-01	1.042230e+00	9.176119e-02	2.493130e-09	2.163266e-09	4.803818e-10	6.190505e-11	-4.403050e-10	9.975716e+01	
10  5263.01	2.259310e+00	1.198001e-01	1.042230e+00	9.176119e-02	2.493130e-09	2.163266e-09	4.803818e-10	6.190505e-11	-4.403050e-10	9.934567e+01	
60  5260.08	2.259310e+00	1.198001e-01	1.042230e+00	9.176119e-02	2.493130e-09	2.163266e-09	4.803818e-10	6.190505e-11	-4.403050e-10	9.979712e+01	
50  5260.07	2.259310e+00	1.198001e-01	1.042230e+00	9.176119e-02	2.493130e-09	2.163266e-09	4.803818e-10	6.190505e-11	-4.403050e-10	1.000631e+02	
10  5260.28	2.259310e+00	1.198001e-01	1.042230e+00	9.176119e-02	2.493130e-09	2.163266e-09	4.803818e-10	6.190505e-11	-4.403050e-10	1.001330e+02	
60  5261.07	2.259310e+00	1.198001e-01	1.042230e+00	9.176119e-02	2.493130e-09	2.163266e-09	4.803818e-10	6.190505e-11	-4.403050e-10	1.002904e+02	
30  5260.53	2.259310e+00	1.198001e-01	1.042230e+00	9.176119e-02	2.493130e-09	2.163266e-09	4.803818e-10	6.190505e-11	-4.403050e-10	9.967110e+01	
37  5260.87	2.259310e+00	1.198001e-01	1.042230e+00	9.176119e-02	2.493130e-09	2.163266e-09	4.803818e-10	6.190505e-11	-4.403050e-10	1.002585e+02	
104  5260.66	2.279662e+00	1.202061e-01	1.041848e+00	8.924987e-02	2.502778e-09	2.152815e-09	5.251474e-10	2.916198e-11	-4.983277e-10	9.984716e+01	
219  5260.55	2.287287e+00	1.183466e-01	1.041911e+00	1.067331e-01	2.568499e-09	2.223993e-09	5.108673e-10	4.914054e-11	-4.802354e-10	1.002216e+02	
33  5260.15	2.287287e+00	1.183466e-01	1.041911e+00	1.067331e-01	2.568499e-09	2.223993e-09	5.108673e-10	4.914054e-11	-4.802354e-10	1.000518e+02	
7  5262.55	2.278107e+00	1.178418e-01	1.041251e+00	9.832970e-02	2.532045e-09	2.184195e-09	4.782544e-10	8.783307e-11	-4.695816e-10	9.940476e+01	
310  5260.16	2.278107e+00	1.178418e-01	1.041251e+00	9.832970e-02	2.532045e-09	2.184195e-09	4.782544e-10	8.783307e-11	-4.695816e-10	1.000084e+02	
10  5260.88	2.278107e+00	1.178418e-01	1.041251e+00	9.832970e-02	2.532045e-09	2.184195e-09	4.782544e-10	8.783307e-11	-4.695816e-10	9.963102e+01	
40  5261.25	2.278107e+00	1.178418e-01	1.041251e+00	9.832970e-02	2.532045e-09	2.184195e-09	4.782544e-10	8.783307e-11	-4.695816e-10	9.956785e+01	
70  5260.29	2.278107e+00	1.178418e-01	1.041251e+00	9.832970e-02	2.532045e-09	2.184195e-09	4.782544e-10	8.783307e-11	-4.695816e-10	9.977926e+01	
90  5261.16	2.278107e+00	1.178418e-01	1.041251e+00	9.832970e-02	2.532045e-09	2.184195e-09	4.782544e-10	8.783307e-11	-4.695816e-10	1.002685e+02	
37  5264.28	2.278107e+00	1.178418e-01	1.041251e+00	9.832970e-02	2.532045e-09	2.184195e-09	4.782544e-10	8.783307e-11	-4.695816e-10	1.006076e+02	
43  5263.58	2.271769e+00	1.188720e-01	1.040587e+00	8.581856e-02	2.545529e-09	2.129072e-09	5.601129e-10	1.004813e-10	-5.791499e-10	9.990085e+01	
31  5264.39	2.271769e+00	1.188720e-01	1.040587e+00	8.581856e-02	2.545529e-09	2.129072e-09	5.601129e-10	1.004813e-10	-5.791499e-10	9.959655e+01	
87  5260.69	2.279780e+00	1.208379e-01	1.041057e+00	8.286829e-02	2.568079e-09	2.120412e-09	5.495931e-10	1.122826e-10	-6.032636e-10	9.998421e+01	
7  5260.44	2.252059e+00	1.213544e-01	1.041663e+00	7.484789e-02	2.498565e-09	2.089889e-09	4.601942e-10	5.803114e-11	-4.835534e-10	1.004482e+02	
55  5258.42	2.254691e+00	1.224188e-01	1.041357e+00	6.114336e-02	2.472091e-09	2.033868e-09	4.501639e-10	3.770511e-11	-4.820783e-10	1.000637e+02	
20  5259.07	2.254691e+00	1.224188e-01	1.041357e+00	6.114336e-02	2.472091e-09	2.033868e-09	4.501639e-10	3.770511e-11	-4.820783e-10	1.002236e+02	
100  5258.62	2.254691e+00	1.224188e-01	1.041357e+00	6.114336e-02	2.472091e-09	2.033868e-09	4.501639e-10	3.770511e-11	-4.820783e-10	1.001264e+02	
180  5258.25	2.254691e+00	1.224188e-01	1.041357e+00	6.114336e-02	2.472091e-09	2.033868e-09	4.501639e-10	3.770511e-11	-4.820783e-10	9.986687e+01	
40  5258.79	2.254691e+00	1.224188e-01	1.041357e+00	6.114336e-02	2.472091e-09	2.033868e-09	4.501639e-10	3.770511e-11	-4.820783e-10	1.001679e+02	
40  5258.66	2.254691e+00	1.224188e-01	1.041357e+00	6.114336e-02	2.472091e-09	2.033868e-09	4.501639e-10	3.770511e-11	-4.820783e-10	9.969805e+01	
30  5258.25	2.254691e+00	1.224188e-01	1.041357e+00	6.114336e-02	2.472091e-09	2.033868e-09	4.501639e-10	3.770511e-11	-4.820783e-10	9.997474e+01	
144  5258.66	2.254691e+00	1.224188e-01	1.041357e+00	6.114336e-02	2.472091e-09	2.033868e-09	4.501639e-10	3.770511e-11	-4.820783e-10	9.969700e+01	
16  5259.16	2.262699e+00	1.216394e-01	1.040872e+00	7.665604e-02	2.566418e-09	2.097207e-09	4.173041e-10	8.615374e-11	-5.224687e-10	9.991223e+01	
10  5259.52	2.262699e+00	1.216394e-01	1.040872e+00	7.665604e-02	2.566418e-09	2.097207e-09	4.173041e-10	8.615374e-11	-5.224687e-10	1.001332e+02	
5  5259.71	2.262699e+00	1.216394e-01	1.040872e+00	7.665604e-02	2.566418e-09	2.097207e-09	4.173041e-10	8.615374e-11	-5.224687e-10	1.001810e+02	
55  5261.03	2.253918e+00	1.240125e-01	1.041328e+00	5.662173e-02	2.515224e-09	2.021412e-09	4.296007e-10	6.543702e-11	-5.128361e-10	1.001667e+02	
10  5260.62	2.253918e+00	1.240125e-01	1.041328e+00	5.662173e-02	2.515224e-09	2.021412e-09	4.296007e-10	6.543702e-11	-5.128361e-10	1.000494e+02	
77  5260.47	2.253918e+00	1.240125e-01	1.041328e+00	5.662173e-02	2.515224e-09	2.021412e-09	4.296007e-10	6.543702e-11	-5.128361e-10	9.986775e+01	
53  5260.32	2.240667e+00	1.219601e-01	1.041183e+00	7.215152e-02	2.512474e-09	2.083895e-09	4.776764e-10	5.558297e-11	-5.289321e-10	9.993661e+01	
90  5262.03	2.240667e+00	1.219601e-01	1.041183e+00	7.215152e-02	2.512474e-09	2.083895e-09	4.776764e-10	5.558297e-11	-5.289321e-10	9.951181e+01	
70  5261.23	2.240667e+00	1.219601e-01	1.041183e+00	7.215152e-02	2.512474e-09	2.083895e-09	4.776764e-10	5.558297e-11	-5.289321e-10	1.002635e+02	
160  5262.44	2.240667e+00	1.219601e-01	1.041183e+00	7.215152e-02	2.512474e-09	2.083895e-09	4.776764e-10	5.558297e-11	-5.289321e-10	1.004308e+02	
60  5261.13	2.240667e+00	1.219601e-01	1.041183e+00	7.215152e-02	2.512474e-09	2.083895e-09	4.776764e-10	5.558297e-11	-5.289321e-10	1.002465e+02	
10  5260.96	2.240667e+00	1.219601e-01	1.041183e+00	7.215152e-02	2.512474e-09	2.083895e-09	4.776764e-10	5.558297e-11	-5.289321e-10	9.967988e+01	
129  5260.57	2.240667e+00	1.219601e-01	1.041183e+00	7.215152e-02	2.512474e-09	2.083895e-09	4.776764e-10	5.558297e-11	-5.289321e-10	1.001131e+02	
31  5259.63	2.244064e+00	1.221915e-01	1.041326e+00	5.626662e-02	2.414617e-09	2.014752e-09	4.538692e-10	3.291924e-11	-4.794549e-10	9.950194e+01	
20  5259.29	2.244064e+00	1.221915e-01	1.041326e+00	5.626662e-02	2.414617e-09	2.014752e-09	4.538692e-10	3.291924e-11	-4.794549e-10	1.001824e+02	
20  5258.96	2.244064e+00	1.221915e-01	1.041326e+00	5.626662e-02	2.414617e-09	2.014752e-09	4.538692e-10	3.291924e-11	-4.794549e-10	1.001176e+02	
40  5258.49	2.244064e+00	1.221915e-01	1.041326e+00	5.626662e-02	2.414617e-09	2.014752e-09	4.538692e-10	3.291924e-11	-4.794549e-10	9.996763e+01	
57  5260.02	2.244064e+00	1.221915e-01	1.041326e+00	5.626662e-02	2.414617e-09	2.014752e-09	4.538692e-10	3.291924e-11	-4.794549e-10	1.002938e+02	
12  5262.93	2.250621e+00	1.238661e-01	1.040270e+00	4.746514e-02	2.447269e-09	1.980279e-09	4.915070e-10	8.405266e-11	-5.559331e-10	9.993872e+01	
21  5261.36	2.238987e+00	1.228893e-01	1.041058e+00	5.015965e-02	2.388471e-09	1.990410e-09	4.787989e-10	4.965189e-11	-4.957154e-10	1.001254e+02	
90  5260.64	2.238987e+00	1.228893e-01	1.041058e+00	5.015965e-02	2.388471e-09	1.990410e-09	4.787989e-10	4.965189e-11	-4.957154e-10	9.976023e+01	
91  5262.12	2.238987e+00	1.228893e-01	1.041058e+00	5.015965e-02	2.388471e-09	1.990410e-09	4.787989e-10	4.965189e-11	-4.957154e-10	1.002442e+02	
19  5258.15	2.255382e+00	1.228317e-01	1.041363e+00	4.896721e-02	2.404318e-09	1.986957e-09	3.917823e-10	1.388793e-11	-4.917695e-10	1.000044e+02	
80  5258.59	2.255382e+00	1.228317e-01	1.041363e+00	4.896721e-02	2.404318e-09	1.986957e-09	3.917823e-10	1.388793e-11	-4.917695e-10	9.960785e+01	
110  5257.98	2.255382e+00	1.228317e-01	1.041363e+00	4.896721e-02	2.404318e-09	1.986957e-09	3.917823e-10	1.388793e-11	-4.917695e-10	9.987510e+01	
50  5258.68	2.255382e+00	1.228317e-01	1.041363e+00	4.896721e-02	2.404318e-09	1.986957e-09	3.917823e-10	1.388793e-11	-4.917695e-10	1.001457e+02	
20  5258.01	2.255382e+00	1.228317e-01	1.041363e+00	4.896721e-02	2.404318e-09	1.986957e-09	3.917823e-10	1.388793e-11	-4.917695e-10	9.981401e+01	
10  5257.99	2.255382e+00	1.228317e-01	1.041363e+00	4.896721e-02	2.404318e-09	1.986957e-09	3.917823e-10	1.388793e-11	-4.917695e-10	9.990245e+01	
120  5257.98	2.255382e+00	1.228317e-01	1.041363e+00	4.896721e-02	2.404318e-09	1.986957e-09	3.917823e-10	1.388793e-11	-4.917695e-10	9.988809e+01	
10  5258.58	2.255382e+00	1.228317e-01	1.041363e+00	4.896721e-02	2.404318e-09	1.986957e-09	3.917823e-10	1.388793e-11	-4.917695e-10	1.001256e+02	
70  5258.93	2.255382e+00	1.228317e-01	1.041363e+00	4.896721e-02	2.404318e-09	1.986957e-09	3.917823e-10	1.388793e-11	-4.917695e-10	1.001920e+02	
30  5259.18	2.255382e+00	1.228317e-01	1.041363e+00	4.896721e-02	2.404318e-09	1.986957e-09	3.917823e-10	1.388793e-11	-4.917695e-10	1.002313e+02	
40  5259.44	2.255382e+00	1.228317e-01	1.041363e+00	4.896721e-02	2.404318e-09	1.986957e-09	3.917823e-10	1.388793e-11	-4.917695e-10	1.002692e+02	
30  5258.05	2.255382e+00	1.228317e-01	1.041363e+00	4.896721e-02	2.404318e-09	1.986957e-09	3.917823e-10	1.388793e-11	-4.917695e-10	9.977910e+01	
250  5258.49	2.255382e+00	1.228317e-01	1.041363e+00	4.896721e-02	2.404318e-09	1.986957e-09	3.917823e-10	1.388793e-11	-4.917695e-10	9.963022e+01	
230  5258.14	2.255382e+00	1.228317e-01	1.041363e+00	4.896721e-02	2.404318e-09	1.986957e-09	3.917823e-10	1.388793e-11	-4.917695e-10	1.000009e+02	
10  5257.99	2.255382e+00	1.228317e-01	1.041363e+00	4.896721e-02	2.404318e-09	1.986957e-09	3.917823e-10	1.388793e-11	-4.917695e-10	9.984352e+01	
40  5258.17	2.255382e+00	1.228317e-01	1.041363e+00	4.896721e-02	2.404318e-09	1.986957e-09	3.917823e-10	1.388793e-11	-4.917695e-10	9.972360e+01	
20  5257.99	2.255382e+00	1.228317e-01	1.041363e+00	4.896721e-02	2.404318e-09	1.986957e-09	3.917823e-10	1.388793e-11	-4.917695e-10	9.982768e+01	
10  5258.14	2.255382e+00	1.228317e-01	1.041363e+00	4.896721e-02	2.404318e-09	1.986957e-09	3.917823e-10	1.388793e-11	-4.917695e-10	1.000009e+02	
100  5258.01	2.255382e+00	1.228317e-01	1.041363e+00	4.896721e-02	2.404318e-09	1.986957e-09	3.917823e-10	1.388793e-11	-4.917695e-10	9.981416e+01	
40  5258.11	2.255382e+00	1.228317e-01	1.041363e+00	4.896721e-02	2.404318e-09	1.986957e-09	3.917823e-10	1.388793e-11	-4.917695e-10	9.974696e+01	
120  5258.02	2.255382e+00	1.228317e-01	1.041363e+00	4.896721e-02	2.404318e-09	1.986957e-09	3.917823e-10	1.388793e-11	-4.917695e-10	9.993323e+01	
140  5257.99	2.255382e+00	1.228317e-01	1.041363e+00	4.896721e-02	2.404318e-09	1.986957e-09	3.917823e-10	1.388793e-11	-4.917695e-10	9.989013e+01	
30  5258.02	2.255382e+00	1.228317e-01	1.041363e+00	4.896721e-02	2.404318e-09	1.986957e-09	3.917823e-10	1.388793e-11	-4.917695e-10	9.979727e+01	
40  5258.47	2.255382e+00	1.228317e-01	1.041363e+00	4.896721e-02	2.404318e-09	1.986957e-09	3.917823e-10	1.388793e-11	-4.917695e-10	1.000998e+02	
50  5258.42	2.255382e+00	1.228317e-01	1.041363e+00	4.896721e-02	2.404318e-09	1.986957e-09	3.917823e-10	1.388793e-11	-4.917695e-10	9.964558e+01	
160  5258.52	2.255382e+00	1.228317e-01	1.041363e+00	4.896721e-02	2.404318e-09	1.986957e-09	3.917823e-10	1.388793e-11	-4.917695e-10	1.001121e+02	
19  5263.21	2.255382e+00	1.228317e-01	1.041363e+00	4.896721e-02	2.404318e-09	1.986957e-09	3.917823e-10	1.388793e-11	-4.917695e-10	1.006293e+02	
1  5262.4	2.287154e+00	1.207223e-01	1.041406e+00	6.536574e-02	2.414036e-09	2.050856e-09	3.730073e-10	3.152734e-11	-4.981602e-10	1.003768e+02	
80  5259.47	2.287154e+00	1.207223e-01	1.041406e+00	6.536574e-02	2.414036e-09	2.050856e-09	3.730073e-10	3.152734e-11	-4.981602e-10	9.988362e+01	
42  5259.65	2.287154e+00	1.207223e-01	1.041406e+00	6.536574e-02	2.414036e-09	2.050856e-09	3.730073e-10	3.152734e-11	-4.981602e-10	9.996431e+01	
8  5258.68	2.279574e+00	1.209943e-01	1.041098e+00	6.967119e-02	2.452010e-09	2.064037e-09	4.053602e-10	1.282076e-11	-5.432856e-10	1.001262e+02	
11  5258.37	2.279574e+00	1.209943e-01	1.041098e+00	6.967119e-02	2.452010e-09	2.064037e-09	4.053602e-10	1.282076e-11	-5.432856e-10	9.975430e+01	
69  5260.89	2.260471e+00	1.210153e-01	1.040571e+00	7.519311e-02	2.536261e-09	2.084482e-09	4.035041e-10	1.143658e-11	-6.179149e-10	9.982712e+01	
30  5260.81	2.260471e+00	1.210153e-01	1.040571e+00	7.519311e-02	2.536261e-09	2.084482e-09	4.035041e-10	1.143658e-11	-6.179149e-10	1.000333e+02	
160  5260.88	2.260471e+00	1.210153e-01	1.040571e+00	7.519311e-02	2.536261e-09	2.084482e-09	4.035041e-10	1.143658e-11	-6.179149e-10	1.000719e+02	
50  5261.13	2.260471e+00	1.210153e-01	1.040571e+00	7.519311e-02	2.536261e-09	2.084482e-09	4.035041e-10	1.143658e-11	-6.179149e-10	9.974692e+01	
20  5261.44	2.260471e+00	1.210153e-01	1.040571e+00	7.519311e-02	2.536261e-09	2.084482e-09	4.035041e-10	1.143658e-11	-6.179149e-10	1.002292e+02	
40  5260.86	2.260471e+00	1.210153e-01	1.040571e+00	7.519311e-02	2.536261e-09	2.084482e-09	4.035041e-10	1.143658e-11	-6.179149e-10	9.984007e+01	
50  5260.96	2.260471e+00	1.210153e-01	1.040571e+00	7.519311e-02	2.536261e-09	2.084482e-09	4.035041e-10	1.143658e-11	-6.179149e-10	9.979969e+01	
77  5261.01	2.260471e+00	1.210153e-01	1.040571e+00	7.519311e-02	2.536261e-09	2.084482e-09	4.035041e-10	1.143658e-11	-6.179149e-10	9.978180e+01	
43  5260.02	2.262794e+00	1.212247e-01	1.041294e+00	8.152690e-02	2.570986e-09	2.115979e-09	3.991530e-10	3.272721e-11	-6.030992e-10	1.003858e+02	
30  5259.8	2.262794e+00	1.212247e-01	1.041294e+00	8.152690e-02	2.570986e-09	2.115979e-09	3.991530e-10	3.272721e-11	-6.030992e-10	9.946499e+01	
12  5265.63	2.262794e+00	1.212247e-01	1.041294e+00	8.152690e-02	2.570986e-09	2.115979e-09	3.991530e-10	3.272721e-11	-6.030992e-10	1.008326e+02	
138  5265	2.277630e+00	1.180543e-01	1.041668e+00	8.929723e-02	2.582603e-09	2.143009e-09	4.208138e-10	2.769207e-11	-6.696754e-10	9.982458e+01	
150  5265.36	2.277630e+00	1.180543e-01	1.041668e+00	8.929723e-02	2.582603e-09	2.143009e-09	4.208138e-10	2.769207e-11	-6.696754e-10	9.961354e+01	
4  5265.19	2.277630e+00	1.180543e-01	1.041668e+00	8.929723e-02	2.582603e-09	2.143009e-09	4.208138e-10	2.769207e-11	-6.696754e-10	9.966908e+01	
33  5267.66	2.298027e+00	1.164970e-01	1.042215e+00	1.015133e-01	2.589263e-09	2.190284e-09	4.500754e-10	1.766621e-11	-7.166739e-10	9.942529e+01	
3  5267.32	2.297271e+00	1.175623e-01	1.041381e+00	1.031095e-01	2.642006e-09	2.195319e-09	5.017771e-10	2.932977e-11	-7.837574e-10	9.953611e+01	
96  5267.37	2.297271e+00	1.175623e-01	1.041381e+00	1.031095e-01	2.642006e-09	2.195319e-09	5.017771e-10	2.932977e-11	-7.837574e-10	9.952803e+01	
44  5267.95	2.317116e+00	1.172525e-01	1.041178e+00	1.129120e-01	2.698438e-09	2.238697e-09	4.368297e-10	3.135330e-11	-7.523329e-10	9.987929e+01	
170  5268.96	2.317116e+00	1.172525e-01	1.041178e+00	1.129120e-01	2.698438e-09	2.238697e-09	4.368297e-10	3.135330e-11	-7.523329e-10	9.956256e+01	
30  5268.25	2.317116e+00	1.172525e-01	1.041178e+00	1.129120e-01	2.698438e-09	2.238697e-09	4.368297e-10	3.135330e-11	-7.523329e-10	1.000817e+02	
50  5268.29	2.317116e+00	1.172525e-01	1.041178e+00	1.129120e-01	2.698438e-09	2.238697e-09	4.368297e-10	3.135330e-11	-7.523329e-10	1.000914e+02	
80  5267.95	2.317116e+00	1.172525e-01	1.041178e+00	1.129120e-01	2.698438e-09	2.238697e-09	4.368297e-10	3.135330e-11	-7.523329e-10	9.991775e+01	
7  5268.37	2.317116e+00	1.172525e-01	1.041178e+00	1.129120e-01	2.698438e-09	2.238697e-09	4.368297e-10	3.135330e-11	-7.523329e-10	9.968026e+01	
70  5265.86	2.310209e+00	1.177441e-01	1.041234e+00	1.179240e-01	2.713778e-09	2.262981e-09	4.710707e-10	1.568840e-11	-7.574095e-10	1.001757e+02	
3  5263.72	2.303892e+00	1.189010e-01	1.041464e+00	1.058597e-01	2.677452e-09	2.215618e-09	4.575456e-10	1.494126e-11	-7.117997e-10	1.002655e+02	
10  5263.12	2.303892e+00	1.189010e-01	1.041464e+00	1.058597e-01	2.677452e-09	2.215618e-09	4.575456e-10	1.494126e-11	-7.117997e-10	9.997162e+01	
84  5263.12	2.303892e+00	1.189010e-01	1.041464e+00	1.058597e-01	2.677452e-09	2.215618e-09	4.575456e-10	1.494126e-11	-7.117997e-10	1.000352e+02	
26  5262.86	2.258453e+00	1.224831e-01	1.042121e+00	8.371858e-02	2.580640e-09	2.134530e-09	4.478589e-10	1.426526e-11	-6.851900e-10	1.005059e+02	
30  5260.42	2.258453e+00	1.224831e-01	1.042121e+00	8.371858e-02	2.580640e-09	2.134530e-09	4.478589e-10	1.426526e-11	-6.851900e-10	9.979717e+01	
60  5260.49	2.258453e+00	1.224831e-01	1.042121e+00	8.371858e-02	2.580640e-09	2.134530e-09	4.478589e-10	1.426526e-11	-6.851900e-10	1.001458e+02	
40  5260.25	2.258453e+00	1.224831e-01	1.042121e+00	8.371858e-02	2.580640e-09	2.134530e-09	4.478589e-10	1.426526e-11	-6.851900e-10	1.000486e+02	
30  5260.7	2.258453e+00	1.224831e-01	1.042121e+00	8.371858e-02	2.580640e-09	2.134530e-09	4.478589e-10	1.426526e-11	-6.851900e-10	1.002009e+02	
20  5260.44	2.258453e+00	1.224831e-01	1.042121e+00	8.371858e-02	2.580640e-09	2.134530e-09	4.478589e-10	1.426526e-11	-6.851900e-10	1.001293e+02	
40  5260.39	2.258453e+00	1.224831e-01	1.042121e+00	8.371858e-02	2.580640e-09	2.134530e-09	4.478589e-10	1.426526e-11	-6.851900e-10	9.980727e+01	
90  5260.23	2.258453e+00	1.224831e-01	1.042121e+00	8.371858e-02	2.580640e-09	2.134530e-09	4.478589e-10	1.426526e-11	-6.851900e-10	1.000371e+02	
110  5260.23	2.258453e+00	1.224831e-01	1.042121e+00	8.371858e-02	2.580640e-09	2.134530e-09	4.478589e-10	1.426526e-11	-6.851900e-10	1.000365e+02	
30  5261.75	2.258453e+00	1.224831e-01	1.042121e+00	8.371858e-02	2.580640e-09	2.134530e-09	4.478589e-10	1.426526e-11	-6.851900e-10	1.003781e+02	
60  5260.38	2.258453e+00	1.224831e-01	1.042121e+00	8.371858e-02	2.580640e-09	2.134530e-09	4.478589e-10	1.426526e-11	-6.851900e-10	9.981082e+01	
30  5260.33	2.258453e+00	1.224831e-01	1.042121e+00	8.371858e-02	2.580640e-09	2.134530e-09	4.478589e-10	1.426526e-11	-6.851900e-10	1.000899e+02	
100  5260.84	2.258453e+00	1.224831e-01	1.042121e+00	8.371858e-02	2.580640e-09	2.134530e-09	4.478589e-10	1.426526e-11	-6.851900e-10	1.002317e+02	
30  5260.26	2.258453e+00	1.224831e-01	1.042121e+00	8.371858e-02	2.580640e-09	2.134530e-09	4.478589e-10	1.426526e-11	-6.851900e-10	1.000562e+02	
170  5260.5	2.258453e+00	1.224831e-01	1.042121e+00	8.371858e-02	2.580640e-09	2.134530e-09	4.478589e-10	1.426526e-11	-6.851900e-10	1.001477e+02	
30  5260.22	2.258453e+00	1.224831e-01	1.042121e+00	8.371858e-02	2.580640e-09	2.134530e-09	4.478589e-10	1.426526e-11	-6.851900e-10	1.000286e+02	
40  5260.51	2.258453e+00	1.224831e-01	1.042121e+00	8.371858e-02	2.580640e-09	2.134530e-09	4.478589e-10	1.426526e-11	-6.851900e-10	9.976974e+01	
20  5260.46	2.258453e+00	1.224831e-01	1.042121e+00	8.371858e-02	2.580640e-09	2.134530e-09	4.478589e-10	1.426526e-11	-6.851900e-10	9.978558e+01	
50  5260.69	2.258453e+00	1.224831e-01	1.042121e+00	8.371858e-02	2.580640e-09	2.134530e-09	4.478589e-10	1.426526e-11	-6.851900e-10	9.972462e+01	
100  5260.88	2.258453e+00	1.224831e-01	1.042121e+00	8.371858e-02	2.580640e-09	2.134530e-09	4.478589e-10	1.426526e-11	-6.851900e-10	9.968367e+01	
10  5260.37	2.258453e+00	1.224831e-01	1.042121e+00	8.371858e-02	2.580640e-09	2.134530e-09	4.478589e-10	1.426526e-11	-6.851900e-10	1.001036e+02	
30  5263.25	2.258453e+00	1.224831e-01	1.042121e+00	8.371858e-02	2.580640e-09	2.134530e-09	4.478589e-10	1.426526e-11	-6.851900e-10	9.937812e+01	
90  5261.45	2.258453e+00	1.224831e-01	1.042121e+00	8.371858e-02	2.580640e-09	2.134530e-09	4.478589e-10	1.426526e-11	-6.851900e-10	9.958551e+01	
10  5261.14	2.258453e+00	1.224831e-01	1.042121e+00	8.371858e-02	2.580640e-09	2.134530e-09	4.478589e-10	1.426526e-11	-6.851900e-10	9.963441e+01	
140  5260.79	2.258453e+00	1.224831e-01	1.042121e+00	8.371858e-02	2.580640e-09	2.134530e-09	4.478589e-10	1.426526e-11	-6.851900e-10	9.970156e+01	
200  5260.27	2.258453e+00	1.224831e-01	1.042121e+00	8.371858e-02	2.580640e-09	2.134530e-09	4.478589e-10	1.426526e-11	-6.851900e-10	1.000619e+02	
20  5262.43	2.258453e+00	1.224831e-01	1.042121e+00	8.371858e-02	2.580640e-09	2.134530e-09	4.478589e-10	1.426526e-11	-6.851900e-10	9.946259e+01	
30  5261.13	2.258453e+00	1.224831e-01	1.042121e+00	8.371858e-02	2.580640e-09	2.134530e-09	4.478589e-10	1.426526e-11	-6.851900e-10	9.963733e+01	
20  5260.66	2.258453e+00	1.224831e-01	1.042121e+00	8.371858e-02	2.580640e-09	2.134530e-09	4.478589e-10	1.426526e-11	-6.851900e-10	1.001915e+02	
20  5260.4	2.258453e+00	1.224831e-01	1.042121e+00	8.371858e-02	2.580640e-09	2.134530e-09	4.478589e-10	1.426526e-11	-6.851900e-10	1.001172e+02	
70  5261.01	2.258453e+00	1.224831e-01	1.042121e+00	8.371858e-02	2.580640e-09	2.134530e-09	4.478589e-10	1.426526e-11	-6.851900e-10	1.002635e+02	
60  5262.13	2.258453e+00	1.224831e-01	1.042121e+00	8.371858e-02	2.580640e-09	2.134530e-09	4.478589e-10	1.426526e-11	-6.851900e-10	9.949714e+01	
180  5260.58	2.258453e+00	1.224831e-01	1.042121e+00	8.371858e-02	2.580640e-09	2.134530e-09	4.478589e-10	1.426526e-11	-6.851900e-10	9.975093e+01	
40  5260.31	2.258453e+00	1.224831e-01	1.042121e+00	8.371858e-02	2.580640e-09	2.134530e-09	4.478589e-10	1.426526e-11	-6.851900e-10	9.984293e+01	
30  5260.23	2.258453e+00	1.224831e-01	1.042121e+00	8.371858e-02	2.580640e-09	2.134530e-09	4.478589e-10	1.426526e-11	-6.851900e-10	9.989098e+01	
30  5260.22	2.258453e+00	1.224831e-01	1.042121e+00	8.371858e-02	2.580640e-09	2.134530e-09	4.478589e-10	1.426526e-11	-6.851900e-10	9.989617e+01	
20  5260.18	2.258453e+00	1.224831e-01	1.042121e+00	8.371858e-02	2.580640e-09	2.134530e-09	4.478589e-10	1.426526e-11	-6.851900e-10	9.995114e+01	
80  5264.33	2.258453e+00	1.224831e-01	1.042121e+00	8.371858e-02	2.580640e-09	2.134530e-09	4.478589e-10	1.426526e-11	-6.851900e-10	9.928410e+01	
80  5261.17	2.258453e+00	1.224831e-01	1.042121e+00	8.371858e-02	2.580640e-09	2.134530e-09	4.478589e-10	1.426526e-11	-6.851900e-10	9.963007e+01	
120  5260.22	2.258453e+00	1.224831e-01	1.042121e+00	8.371858e-02	2.580640e-09	2.134530e-09	4.478589e-10	1.426526e-11	-6.851900e-10	9.989283e+01	
50  5260.49	2.258453e+00	1.224831e-01	1.042121e+00	8.371858e-02	2.580640e-09	2.134530e-09	4.478589e-10	1.426526e-11	-6.851900e-10	9.977485e+01	
210  5260.2	2.258453e+00	1.224831e-01	1.042121e+00	8.371858e-02	2.580640e-09	2.134530e-09	4.478589e-10	1.426526e-11	-6.851900e-10	1.000114e+02	
100  5260.19	2.258453e+00	1.224831e-01	1.042121e+00	8.371858e-02	2.580640e-09	2.134530e-09	4.478589e-10	1.426526e-11	-6.851900e-10	9.992779e+01	
40  5260.97	2.258453e+00	1.224831e-01	1.042121e+00	8.371858e-02	2.580640e-09	2.134530e-09	4.478589e-10	1.426526e-11	-6.851900e-10	1.002567e+02	
50  5260.43	2.258453e+00	1.224831e-01	1.042121e+00	8.371858e-02	2.580640e-09	2.134530e-09	4.478589e-10	1.426526e-11	-6.851900e-10	1.001261e+02	
20  5261.19	2.258453e+00	1.224831e-01	1.042121e+00	8.371858e-02	2.580640e-09	2.134530e-09	4.478589e-10	1.426526e-11	-6.851900e-10	1.002955e+02	
130  5260.32	2.258453e+00	1.224831e-01	1.042121e+00	8.371858e-02	2.580640e-09	2.134530e-09	4.478589e-10	1.426526e-11	-6.851900e-10	1.000837e+02	
30  5260.26	2.258453e+00	1.224831e-01	1.042121e+00	8.371858e-02	2.580640e-09	2.134530e-09	4.478589e-10	1.426526e-11	-6.851900e-10	1.000549e+02	
90  5260.23	2.258453e+00	1.224831e-01	1.042121e+00	8.371858e-02	2.580640e-09	2.134530e-09	4.478589e-10	1.426526e-11	-6.851900e-10	1.000304e+02	
10  5260.18	2.258453e+00	1.224831e-01	1.042121e+00	8.371858e-02	2.580640e-09	2.134530e-09	4.478589e-10	1.426526e-11	-6.851900e-10	9.997933e+01	
10  5260.35	2.258453e+00	1.224831e-01	1.042121e+00	8.371858e-02	2.580640e-09	2.134530e-09	4.478589e-10	1.426526e-11	-6.851900e-10	9.982259e+01	
30  5261.31	2.258453e+00	1.224831e-01	1.042121e+00	8.371858e-02	2.580640e-09	2.134530e-09	4.478589e-10	1.426526e-11	-6.851900e-10	1.003151e+02	
40  5261.14	2.258453e+00	1.224831e-01	1.042121e+00	8.371858e-02	2.580640e-09	2.134530e-09	4.478589e-10	1.426526e-11	-6.851900e-10	1.002872e+02	
40  5260.22	2.258453e+00	1.224831e-01	1.042121e+00	8.371858e-02	2.580640e-09	2.134530e-09	4.478589e-10	1.426526e-11	-6.851900e-10	9.989529e+01	
40  5260.2	2.258453e+00	1.224831e-01	1.042121e+00	8.371858e-02	2.580640e-09	2.134530e-09	4.478589e-10	1.426526e-11	-6.851900e-10	9.991103e+01	
100  5261.02	2.258453e+00	1.224831e-01	1.042121e+00	8.371858e-02	2.580640e-09	2.134530e-09	4.478589e-10	1.426526e-11	-6.851900e-10	9.965636e+01	
30  5260.51	2.258453e+00	1.224831e-01	1.042121e+00	8.371858e-02	2.580640e-09	2.134530e-09	4.478589e-10	1.426526e-11	-6.851900e-10	1.001527e+02	
10  5260.23	2.258453e+00	1.224831e-01	1.042121e+00	8.371858e-02	2.580640e-09	2.134530e-09	4.478589e-10	1.426526e-11	-6.851900e-10	9.988638e+01	
70  5260.58	2.258453e+00	1.224831e-01	1.042121e+00	8.371858e-02	2.580640e-09	2.134530e-09	4.478589e-10	1.426526e-11	-6.851900e-10	1.001717e+02	
50  5261.64	2.258453e+00	1.224831e-01	1.042121e+00	8.371858e-02	2.580640e-09	2.134530e-09	4.478589e-10	1.426526e-11	-6.851900e-10	1.003629e+02	
10  5262.27	2.258453e+00	1.224831e-01	1.042121e+00	8.371858e-02	2.580640e-09	2.134530e-09	4.478589e-10	1.426526e-11	-6.851900e-10	1.004420e+02	
10  5260.87	2.258453e+00	1.224831e-01	1.042121e+00	8.371858e-02	2.580640e-09	2.134530e-09	4.478589e-10	1.426526e-11	-6.851900e-10	1.002374e+02	
100  5260.4	2.258453e+00	1.224831e-01	1.042121e+00	8.371858e-02	2.580640e-09	2.134530e-09	4.478589e-10	1.426526e-11	-6.851900e-10	1.001173e+02	
20  5260.18	2.258453e+00	1.224831e-01	1.042121e+00	8.371858e-02	2.580640e-09	2.134530e-09	4.478589e-10	1.426526e-11	-6.851900e-10	9.995012e+01	
100  5260.72	2.258453e+00	1.224831e-01	1.042121e+00	8.371858e-02	2.580640e-09	2.134530e-09	4.478589e-10	1.426526e-11	-6.851900e-10	1.002051e+02	
10  5261.83	2.258453e+00	1.224831e-01	1.042121e+00	8.371858e-02	2.580640e-09	2.134530e-09	4.478589e-10	1.426526e-11	-6.851900e-10	9.953354e+01	
40  5260.48	2.258453e+00	1.224831e-01	1.042121e+00	8.371858e-02	2.580640e-09	2.134530e-09	4.478589e-10	1.426526e-11	-6.851900e-10	9.977905e+01	
10  5260.76	2.258453e+00	1.224831e-01	1.042121e+00	8.371858e-02	2.580640e-09	2.134530e-09	4.478589e-10	1.426526e-11	-6.851900e-10	1.002135e+02	
160  5260.19	2.258453e+00	1.224831e-01	1.042121e+00	8.371858e-02	2.580640e-09	2.134530e-09	4.478589e-10	1.426526e-11	-6.851900e-10	9.998312e+01	
58  5260.82	2.258453e+00	1.224831e-01	1.042121e+00	8.371858e-02	2.580640e-09	2.134530e-09	4.478589e-10	1.426526e-11	-6.851900e-10	9.969431e+01	
12  5262.07	2.273235e+00	1.213792e-01	1.042015e+00	9.620950e-02	2.614039e-09	2.185638e-09	3.607372e-10	4.388207e-11	-6.192136e-10	1.000547e+02	
210  5261.88	2.273235e+00	1.213792e-01	1.042015e+00	9.620950e-02	2.614039e-09	2.185638e-09	3.607372e-10	4.388207e-11	-6.192136e-10	9.986969e+01	
50  5261.87	2.273235e+00	1.213792e-01	1.042015e+00	9.620950e-02	2.614039e-09	2.185638e-09	3.607372e-10	4.388207e-11	-6.192136e-10	9.991301e+01	
66  5262.16	2.273235e+00	1.213792e-01	1.042015e+00	9.620950e-02	2.614039e-09	2.185638e-09	3.607372e-10	4.388207e-11	-6.192136e-10	1.000874e+02	
44  5259.14	2.269763e+00	1.198938e-01	1.042120e+00	9.720003e-02	2.545972e-09	2.188663e-09	4.011094e-10	1.340240e-11	-6.082271e-10	9.967165e+01	
100  5258.86	2.269763e+00	1.198938e-01	1.042120e+00	9.720003e-02	2.545972e-09	2.188663e-09	4.011094e-10	1.340240e-11	-6.082271e-10	9.973716e+01	
60  5259.28	2.269763e+00	1.198938e-01	1.042120e+00	9.720003e-02	2.545972e-09	2.188663e-09	4.011094e-10	1.340240e-11	-6.082271e-10	1.002311e+02	
40  5258.78	2.269763e+00	1.198938e-01	1.042120e+00	9.720003e-02	2.545972e-09	2.188663e-09	4.011094e-10	1.340240e-11	-6.082271e-10	1.001145e+02	
19  5258.66	2.269763e+00	1.198938e-01	1.042120e+00	9.720003e-02	2.545972e-09	2.188663e-09	4.011094e-10	1.340240e-11	-6.082271e-10	1.000704e+02	
31  5258.43	2.247012e+00	1.225195e-01	1.042255e+00	7.401017e-02	2.469227e-09	2.092299e-09	3.713945e-10	5.390026e-12	-5.455408e-10	1.002008e+02	
50  5258	2.247012e+00	1.225195e-01	1.042255e+00	7.401017e-02	2.469227e-09	2.092299e-09	3.713945e-10	5.390026e-12	-5.455408e-10	1.000831e+02	
160  5258.14	2.247012e+00	1.225195e-01	1.042255e+00	7.401017e-02	2.469227e-09	2.092299e-09	3.713945e-10	5.390026e-12	-5.455408e-10	1.001294e+02	
20  5257.81	2.247012e+00	1.225195e-01	1.042255e+00	7.401017e-02	2.469227e-09	2.092299e-09	3.713945e-10	5.390026e-12	-5.455408e-10	9.993787e+01	
10  5257.83	2.247012e+00	1.225195e-01	1.042255e+00	7.401017e-02	2.469227e-09	2.092299e-09	3.713945e-10	5.390026e-12	-5.455408e-10	9.989698e+01	
50  5257.91	2.247012e+00	1.225195e-01	1.042255e+00	7.401017e-02	2.469227e-09	2.092299e-09	3.713945e-10	5.390026e-12	-5.455408e-10	9.983792e+01	
10  5258.46	2.247012e+00	1.225195e-01	1.042255e+00	7.401017e-02	2.469227e-09	2.092299e-09	3.713945e-10	5.390026e-12	-5.455408e-10	1.002083e+02	
40  5257.97	2.247012e+00	1.225195e-01	1.042255e+00	7.401017e-02	2.469227e-09	2.092299e-09	3.713945e-10	5.390026e-12	-5.455408e-10	1.000716e+02	
30  5258.04	2.247012e+00	1.225195e-01	1.042255e+00	7.401017e-02	2.469227e-09	2.092299e-09	3.713945e-10	5.390026e-12	-5.455408e-10	9.978202e+01	
40  5258.1	2.247012e+00	1.225195e-01	1.042255e+00	7.401017e-02	2.469227e-09	2.092299e-09	3.713945e-10	5.390026e-12	-5.455408e-10	9.976242e+01	
20  5259.91	2.247012e+00	1.225195e-01	1.042255e+00	7.401017e-02	2.469227e-09	2.092299e-09	3.713945e-10	5.390026e-12	-5.455408e-10	1.004225e+02	
20  5259.88	2.247012e+00	1.225195e-01	1.042255e+00	7.401017e-02	2.469227e-09	2.092299e-09	3.713945e-10	5.390026e-12	-5.455408e-10	9.946208e+01	
60  5259.82	2.247012e+00	1.225195e-01	1.042255e+00	7.401017e-02	2.469227e-09	2.092299e-09	3.713945e-10	5.390026e-12	-5.455408e-10	1.004123e+02	
40  5258.03	2.247012e+00	1.225195e-01	1.042255e+00	7.401017e-02	2.469227e-09	2.092299e-09	3.713945e-10	5.390026e-12	-5.455408e-10	1.000940e+02	
110  5257.86	2.247012e+00	1.225195e-01	1.042255e+00	7.401017e-02	2.469227e-09	2.092299e-09	3.713945e-10	5.390026e-12	-5.455408e-10	1.000094e+02	
30  5257.88	2.247012e+00	1.225195e-01	1.042255e+00	7.401017e-02	2.469227e-09	2.092299e-09	3.713945e-10	5.390026e-12	-5.455408e-10	9.985454e+01	
70  5258.1	2.247012e+00	1.225195e-01	1.042255e+00	7.401017e-02	2.469227e-09	2.092299e-09	3.713945e-10	5.390026e-12	-5.455408e-10	9.976239e+01	
30  5257.96	2.247012e+00	1.225195e-01	1.042255e+00	7.401017e-02	2.469227e-09	2.092299e-09	3.713945e-10	5.390026e-12	-5.455408e-10	1.000694e+02	
130  5260.3	2.247012e+00	1.225195e-01	1.042255e+00	7.401017e-02	2.469227e-09	2.092299e-09	3.713945e-10	5.390026e-12	-5.455408e-10	1.004654e+02	
60  5257.94	2.247012e+00	1.225195e-01	1.042255e+00	7.401017e-02	2.469227e-09	2.092299e-09	3.713945e-10	5.390026e-12	-5.455408e-10	1.000586e+02	
71  5257.89	2.247012e+00	1.225195e-01	1.042255e+00	7.401017e-02	2.469227e-09	2.092299e-09	3.713945e-10	5.390026e-12	-5.455408e-10	9.984536e+01	
59  5257.57	2.272754e+00	1.192041e-01	1.042414e+00	9.390536e-02	2.525009e-09	2.170616e-09	3.775226e-10	7.099178e-12	-5.337099e-10	9.974332e+01	
20  5257.42	2.272754e+00	1.192041e-01	1.042414e+00	9.390536e-02	2.525009e-09	2.170616e-09	3.775226e-10	7.099178e-12	-5.337099e-10	1.000936e+02	
50  5257.28	2.272754e+00	1.192041e-01	1.042414e+00	9.390536e-02	2.525009e-09	2.170616e-09	3.775226e-10	7.099178e-12	-5.337099e-10	9.985224e+01	
80  5258.49	2.272754e+00	1.192041e-01	1.042414e+00	9.390536e-02	2.525009e-09	2.170616e-09	3.775226e-10	7.099178e-12	-5.337099e-10	1.003198e+02	
30  5257.99	2.272754e+00	1.192041e-01	1.042414e+00	9.390536e-02	2.525009e-09	2.170616e-09	3.775226e-10	7.099178e-12	-5.337099e-10	9.964912e+01	
80  5258.28	2.272754e+00	1.192041e-01	1.042414e+00	9.390536e-02	2.525009e-09	2.170616e-09	3.775226e-10	7.099178e-12	-5.337099e-10	1.002862e+02	
19  5257.21	2.272754e+00	1.192041e-01	1.042414e+00	9.390536e-02	2.525009e-09	2.170616e-09	3.775226e-10	7.099178e-12	-5.337099e-10	9.995844e+01	
161  5257.41	2.266969e+00	1.178363e-01	1.042377e+00	9.770460e-02	2.513696e-09	2.184564e-09	3.218261e-10	1.295373e-11	-5.070865e-10	9.974426e+01	
20  5257.29	2.266969e+00	1.178363e-01	1.042377e+00	9.770460e-02	2.513696e-09	2.184564e-09	3.218261e-10	1.295373e-11	-5.070865e-10	9.987403e+01	
220  5257.3	2.266969e+00	1.178363e-01	1.042377e+00	9.770460e-02	2.513696e-09	2.184564e-09	3.218261e-10	1.295373e-11	-5.070865e-10	9.990052e+01	
10  5260.4	2.266969e+00	1.178363e-01	1.042377e+00	9.770460e-02	2.513696e-09	2.184564e-09	3.218261e-10	1.295373e-11	-5.070865e-10	9.927613e+01	
80  5257.66	2.266969e+00	1.178363e-01	1.042377e+00	9.770460e-02	2.513696e-09	2.184564e-09	3.218261e-10	1.295373e-11	-5.070865e-10	9.965949e+01	
60  5257.81	2.266969e+00	1.178363e-01	1.042377e+00	9.770460e-02	2.513696e-09	2.184564e-09	3.218261e-10	1.295373e-11	-5.070865e-10	1.001050e+02	
15  5257.8	2.266969e+00	1.178363e-01	1.042377e+00	9.770460e-02	2.513696e-09	2.184564e-09	3.218261e-10	1.295373e-11	-5.070865e-10	9.962331e+01	
6  5256.98	2.257375e+00	1.172580e-01	1.041582e+00	9.805575e-02	2.498232e-09	2.180960e-09	2.960094e-10	2.472023e-11	-4.478052e-10	9.965923e+01	
49  5256.98	2.245010e+00	1.179993e-01	1.041353e+00	1.049033e-01	2.546389e-09	2.209588e-09	3.455937e-10	1.715087e-11	-4.737624e-10	1.002967e+02	
150  5256.18	2.245010e+00	1.179993e-01	1.041353e+00	1.049033e-01	2.546389e-09	2.209588e-09	3.455937e-10	1.715087e-11	-4.737624e-10	1.000966e+02	
40  5256.33	2.245010e+00	1.179993e-01	1.041353e+00	1.049033e-01	2.546389e-09	2.209588e-09	3.455937e-10	1.715087e-11	-4.737624e-10	9.980022e+01	
40  5257.27	2.245010e+00	1.179993e-01	1.041353e+00	1.049033e-01	2.546389e-09	2.209588e-09	3.455937e-10	1.715087e-11	-4.737624e-10	9.960894e+01	
10  5256.2	2.245010e+00	1.179993e-01	1.041353e+00	1.049033e-01	2.546389e-09	2.209588e-09	3.455937e-10	1.715087e-11	-4.737624e-10	1.001058e+02	
10  5256.22	2.245010e+00	1.179993e-01	1.041353e+00	1.049033e-01	2.546389e-09	2.209588e-09	3.455937e-10	1.715087e-11	-4.737624e-10	1.001145e+02	
40  5256.62	2.245010e+00	1.179993e-01	1.041353e+00	1.049033e-01	2.546389e-09	2.209588e-09	3.455937e-10	1.715087e-11	-4.737624e-10	1.002283e+02	
90  5256.38	2.245010e+00	1.179993e-01	1.041353e+00	1.049033e-01	2.546389e-09	2.209588e-09	3.455937e-10	1.715087e-11	-4.737624e-10	9.978477e+01	
30  5256.33	2.245010e+00	1.179993e-01	1.041353e+00	1.049033e-01	2.546389e-09	2.209588e-09	3.455937e-10	1.715087e-11	-4.737624e-10	1.001526e+02	
10  5256.53	2.245010e+00	1.179993e-01	1.041353e+00	1.049033e-01	2.546389e-09	2.209588e-09	3.455937e-10	1.715087e-11	-4.737624e-10	1.002061e+02	
30  5256.83	2.245010e+00	1.179993e-01	1.041353e+00	1.049033e-01	2.546389e-09	2.209588e-09	3.455937e-10	1.715087e-11	-4.737624e-10	1.002707e+02	
40  5256.76	2.245010e+00	1.179993e-01	1.041353e+00	1.049033e-01	2.546389e-09	2.209588e-09	3.455937e-10	1.715087e-11	-4.737624e-10	9.969549e+01	
10  5257.07	2.245010e+00	1.179993e-01	1.041353e+00	1.049033e-01	2.546389e-09	2.209588e-09	3.455937e-10	1.715087e-11	-4.737624e-10	9.963977e+01	
70  5256.13	2.245010e+00	1.179993e-01	1.041353e+00	1.049033e-01	2.546389e-09	2.209588e-09	3.455937e-10	1.715087e-11	-4.737624e-10	1.000715e+02	
139  5256.15	2.245010e+00	1.179993e-01	1.041353e+00	1.049033e-01	2.546389e-09	2.209588e-09	3.455937e-10	1.715087e-11	-4.737624e-10	9.986984e+01	
121  5256.34	2.259024e+00	1.181338e-01	1.041226e+00	1.082830e-01	2.591624e-09	2.222376e-09	3.424116e-10	4.225605e-11	-4.859539e-10	9.997837e+01	
10  5256.67	2.259024e+00	1.181338e-01	1.041226e+00	1.082830e-01	2.591624e-09	2.222376e-09	3.424116e-10	4.225605e-11	-4.859539e-10	1.001517e+02	
70  5256.44	2.259024e+00	1.181338e-01	1.041226e+00	1.082830e-01	2.591624e-09	2.222376e-09	3.424116e-10	4.225605e-11	-4.859539e-10	9.985378e+01	
20  5256.63	2.259024e+00	1.181338e-01	1.041226e+00	1.082830e-01	2.591624e-09	2.222376e-09	3.424116e-10	4.225605e-11	-4.859539e-10	1.001383e+02	
70  5257.37	2.259024e+00	1.181338e-01	1.041226e+00	1.082830e-01	2.591624e-09	2.222376e-09	3.424116e-10	4.225605e-11	-4.859539e-10	9.962189e+01	
40  5257.58	2.259024e+00	1.181338e-01	1.041226e+00	1.082830e-01	2.591624e-09	2.222376e-09	3.424116e-10	4.225605e-11	-4.859539e-10	9.958987e+01	
8  5256.44	2.259024e+00	1.181338e-01	1.041226e+00	1.082830e-01	2.591624e-09	2.222376e-09	3.424116e-10	4.225605e-11	-4.859539e-10	9.985681e+01	
102  5258.15	2.255803e+00	1.195340e-01	1.041265e+00	1.073943e-01	2.579257e-09	2.218030e-09	3.877027e-10	2.090899e-11	-5.211472e-10	1.001102e+02	
60  5258.08	2.255803e+00	1.195340e-01	1.041265e+00	1.073943e-01	2.579257e-09	2.218030e-09	3.877027e-10	2.090899e-11	-5.211472e-10	1.000487e+02	
90  5258.58	2.255803e+00	1.195340e-01	1.041265e+00	1.073943e-01	2.579257e-09	2.218030e-09	3.877027e-10	2.090899e-11	-5.211472e-10	1.002516e+02	
20  5258.08	2.255803e+00	1.195340e-01	1.041265e+00	1.073943e-01	2.579257e-09	2.218030e-09	3.877027e-10	2.090899e-11	-5.211472e-10	1.000077e+02	
20  5258.18	2.255803e+00	1.195340e-01	1.041265e+00	1.073943e-01	2.579257e-09	2.218030e-09	3.877027e-10	2.090899e-11	-5.211472e-10	9.991064e+01	
100  5258.08	2.255803e+00	1.195340e-01	1.041265e+00	1.073943e-01	2.579257e-09	2.218030e-09	3.877027e-10	2.090899e-11	-5.211472e-10	1.000258e+02	
20  5258.28	2.255803e+00	1.195340e-01	1.041265e+00	1.073943e-01	2.579257e-09	2.218030e-09	3.877027e-10	2.090899e-11	-5.211472e-10	9.986716e+01	
50  5258.5	2.255803e+00	1.195340e-01	1.041265e+00	1.073943e-01	2.579257e-09	2.218030e-09	3.877027e-10	2.090899e-11	-5.211472e-10	9.979839e+01	
50  5258.13	2.255803e+00	1.195340e-01	1.041265e+00	1.073943e-01	2.579257e-09	2.218030e-09	3.877027e-10	2.090899e-11	-5.211472e-10	9.993725e+01	
10  5259.4	2.255803e+00	1.195340e-01	1.041265e+00	1.073943e-01	2.579257e-09	2.218030e-09	3.877027e-10	2.090899e-11	-5.211472e-10	9.963379e+01	
30  5260.17	2.255803e+00	1.195340e-01	1.041265e+00	1.073943e-01	2.579257e-09	2.218030e-09	3.877027e-10	2.090899e-11	-5.211472e-10	9.953555e+01	
30  5259.99	2.255803e+00	1.195340e-01	1.041265e+00	1.073943e-01	2.579257e-09	2.218030e-09	3.877027e-10	2.090899e-11	-5.211472e-10	1.004768e+02	
10  5260.15	2.255803e+00	1.195340e-01	1.041265e+00	1.073943e-01	2.579257e-09	2.218030e-09	3.877027e-10	2.090899e-11	-5.211472e-10	1.004954e+02	
50  5258.31	2.255803e+00	1.195340e-01	1.041265e+00	1.073943e-01	2.579257e-09	2.218030e-09	3.877027e-10	2.090899e-11	-5.211472e-10	9.985489e+01	
120  5258.43	2.255803e+00	1.195340e-01	1.041265e+00	1.073943e-01	2.579257e-09	2.218030e-09	3.877027e-10	2.090899e-11	-5.211472e-10	9.981858e+01	
20  5258.13	2.255803e+00	1.195340e-01	1.041265e+00	1.073943e-01	2.579257e-09	2.218030e-09	3.877027e-10	2.090899e-11	-5.211472e-10	9.993614e+01	
30  5259.81	2.255803e+00	1.195340e-01	1.041265e+00	1.073943e-01	2.579257e-09	2.218030e-09	3.877027e-10	2.090899e-11	-5.211472e-10	1.004548e+02	
20  5259.82	2.255803e+00	1.195340e-01	1.041265e+00	1.073943e-01	2.579257e-09	2.218030e-09	3.877027e-10	2.090899e-11	-5.211472e-10	9.957734e+01	
60  5258.36	2.255803e+00	1.195340e-01	1.041265e+00	1.073943e-01	2.579257e-09	2.218030e-09	3.877027e-10	2.090899e-11	-5.211472e-10	9.983742e+01	
100  5258.95	2.255803e+00	1.195340e-01	1.041265e+00	1.073943e-01	2.579257e-09	2.218030e-09	3.877027e-10	2.090899e-11	-5.211472e-10	1.003268e+02	
24  5259.46	2.255803e+00	1.195340e-01	1.041265e+00	1.073943e-01	2.579257e-09	2.218030e-09	3.877027e-10	2.090899e-11	-5.211472e-10	9.962448e+01	
56  5258.31	2.237547e+00	1.198472e-01	1.041136e+00	9.808613e-02	2.552733e-09	2.178564e-09	3.762394e-10	1.627316e-11	-4.686783e-10	9.967317e+01	
30  5258.44	2.237547e+00	1.198472e-01	1.041136e+00	9.808613e-02	2.552733e-09	2.178564e-09	3.762394e-10	1.627316e-11	-4.686783e-10	1.004117e+02	
20  5257.42	2.237547e+00	1.198472e-01	1.041136e+00	9.808613e-02	2.552733e-09	2.178564e-09	3.762394e-10	1.627316e-11	-4.686783e-10	9.985900e+01	
193  5257.35	2.237547e+00	1.198472e-01	1.041136e+00	9.808613e-02	2.552733e-09	2.178564e-09	3.762394e-10	1.627316e-11	-4.686783e-10	9.988056e+01	
49  5258.5	2.258570e+00	1.199232e-01	1.040699e+00	1.066426e-01	2.631589e-09	2.216640e-09	3.346658e-10	7.992880e-11	-5.079535e-10	9.993325e+01	
78  5257.96	2.256051e+00	1.217783e-01	1.040938e+00	9.635615e-02	2.649108e-09	2.175097e-09	3.492704e-10	6.098703e-11	-5.221756e-10	1.001353e+02	
80  5258.05	2.256051e+00	1.217783e-01	1.040938e+00	9.635615e-02	2.649108e-09	2.175097e-09	3.492704e-10	6.098703e-11	-5.221756e-10	9.987751e+01	
140  5257.86	2.256051e+00	1.217783e-01	1.040938e+00	9.635615e-02	2.649108e-09	2.175097e-09	3.492704e-10	6.098703e-11	-5.221756e-10	1.000607e+02	
20  5257.9	2.256051e+00	1.217783e-01	1.040938e+00	9.635615e-02	2.649108e-09	2.175097e-09	3.492704e-10	6.098703e-11	-5.221756e-10	1.000998e+02	
10  5258.08	2.256051e+00	1.217783e-01	1.040938e+00	9.635615e-02	2.649108e-09	2.175097e-09	3.492704e-10	6.098703e-11	-5.221756e-10	1.001847e+02	
140  5258.37	2.256051e+00	1.217783e-01	1.040938e+00	9.635615e-02	2.649108e-09	2.175097e-09	3.492704e-10	6.098703e-11	-5.221756e-10	9.978597e+01	
108  5258.32	2.256051e+00	1.217783e-01	1.040938e+00	9.635615e-02	2.649108e-09	2.175097e-09	3.492704e-10	6.098703e-11	-5.221756e-10	1.002511e+02	
212  5258.06	2.232033e+00	1.204187e-01	1.041026e+00	9.390257e-02	2.568159e-09	2.162413e-09	4.121954e-10	5.586273e-11	-5.105432e-10	9.988934e+01	
80  5258.55	2.232033e+00	1.204187e-01	1.041026e+00	9.390257e-02	2.568159e-09	2.162413e-09	4.121954e-10	5.586273e-11	-5.105432e-10	1.002102e+02	
210  5258.13	2.232033e+00	1.204187e-01	1.041026e+00	9.390257e-02	2.568159e-09	2.162413e-09	4.121954e-10	5.586273e-11	-5.105432e-10	1.000825e+02	
40  5258.35	2.232033e+00	1.204187e-01	1.041026e+00	9.390257e-02	2.568159e-09	2.162413e-09	4.121954e-10	5.586273e-11	-5.105432e-10	1.001617e+02	
150  5258.16	2.232033e+00	1.204187e-01	1.041026e+00	9.390257e-02	2.568159e-09	2.162413e-09	4.121954e-10	5.586273e-11	-5.105432e-10	9.983443e+01	
55  5258.19	2.232033e+00	1.204187e-01	1.041026e+00	9.390257e-02	2.568159e-09	2.162413e-09	4.121954e-10	5.586273e-11	-5.105432e-10	9.982557e+01	
29  5259.85	2.218104e+00	1.223603e-01	1.040847e+00	8.765525e-02	2.556493e-09	2.139961e-09	4.615142e-10	5.382469e-11	-5.271792e-10	1.001960e+02	
56  5263.32	2.204869e+00	1.232459e-01	1.041150e+00	8.222675e-02	2.528760e-09	2.117295e-09	4.432383e-10	3.388702e-11	-4.909825e-10	1.004851e+02	
70  5262.1	2.204869e+00	1.232459e-01	1.041150e+00	8.222675e-02	2.528760e-09	2.117295e-09	4.432383e-10	3.388702e-11	-4.909825e-10	9.976970e+01	
20  5261.57	2.204869e+00	1.232459e-01	1.041150e+00	8.222675e-02	2.528760e-09	2.117295e-09	4.432383e-10	3.388702e-11	-4.909825e-10	9.993185e+01	
29  5261.54	2.204869e+00	1.232459e-01	1.041150e+00	8.222675e-02	2.528760e-09	2.117295e-09	4.432383e-10	3.388702e-11	-4.909825e-10	9.994917e+01	
40  5261.09	2.221772e+00	1.260641e-01	1.041066e+00	6.740905e-02	2.558567e-09	2.061870e-09	3.797751e-10	6.197303e-11	-4.481637e-10	1.002894e+02	
41  5260.07	2.266135e+00	1.239879e-01	1.040908e+00	7.960285e-02	2.579189e-09	2.107367e-09	4.011188e-10	4.492119e-11	-4.570913e-10	9.986525e+01	
