9  5258.26	2.252139e+00	1.170369e-01	1.042430e+00	7.264622e-02	2.368539e-09	2.097926e-09	3.785325e-11	9.422594e-10	-2.304041e-11	9.974698e+01	
11  5257.93	2.252139e+00	1.170369e-01	1.042430e+00	7.264622e-02	2.368539e-09	2.097926e-09	3.785325e-11	9.422594e-10	-2.304041e-11	1.002722e+02	
8  5252.3	2.248234e+00	1.166022e-01	1.042561e+00	7.381976e-02	2.346444e-09	2.104203e-09	2.986702e-11	9.454419e-10	1.650173e-12	1.003051e+02	
1  5250.83	2.242619e+00	1.171697e-01	1.042640e+00	6.638675e-02	2.308860e-09	2.072912e-09	2.130107e-11	1.189425e-09	1.070463e-11	1.001346e+02	
30  5250.8	2.242619e+00	1.171697e-01	1.042640e+00	6.638675e-02	2.308860e-09	2.072912e-09	2.130107e-11	1.189425e-09	1.070463e-11	9.998022e+01	
10  5251.54	2.242619e+00	1.171697e-01	1.042640e+00	6.638675e-02	2.308860e-09	2.072912e-09	2.130107e-11	1.189425e-09	1.070463e-11	1.003562e+02	
10  5250.87	2.242619e+00	1.171697e-01	1.042640e+00	6.638675e-02	2.308860e-09	2.072912e-09	2.130107e-11	1.189425e-09	1.070463e-11	9.993580e+01	
12  5250.78	2.242619e+00	1.171697e-01	1.042640e+00	6.638675e-02	2.308860e-09	2.072912e-09	2.130107e-11	1.189425e-09	1.070463e-11	1.000843e+02	
8  5250.81	2.244017e+00	1.166784e-01	1.042501e+00	6.651301e-02	2.300357e-09	2.070512e-09	2.533562e-11	1.216583e-09	-1.217236e-12	9.981571e+01	
1  5250.65	2.244017e+00	1.166784e-01	1.042501e+00	6.651301e-02	2.300357e-09	2.070512e-09	2.533562e-11	1.216583e-09	-1.217236e-12	1.002217e+02	
9  5252.43	2.245488e+00	1.169590e-01	1.042492e+00	7.166237e-02	2.317852e-09	2.090831e-09	1.632917e-11	1.869637e-09	3.043980e-12	1.005058e+02	
12  5251.14	2.245488e+00	1.169590e-01	1.042492e+00	7.166237e-02	2.317852e-09	2.090831e-09	1.632917e-11	1.869637e-09	3.043980e-12	1.002755e+02	
8  5249.46	2.239752e+00	1.162730e-01	1.042550e+00	7.463397e-02	2.311026e-09	2.103072e-09	2.900750e-11	1.497275e-09	3.214994e-12	1.002747e+02	
10  5249.16	2.239752e+00	1.162730e-01	1.042550e+00	7.463397e-02	2.311026e-09	2.103072e-09	2.900750e-11	1.497275e-09	3.214994e-12	1.001718e+02	
30  5249.02	2.239752e+00	1.162730e-01	1.042550e+00	7.463397e-02	2.311026e-09	2.103072e-09	2.900750e-11	1.497275e-09	3.214994e-12	1.000482e+02	
10  5249.1	2.239752e+00	1.162730e-01	1.042550e+00	7.463397e-02	2.311026e-09	2.103072e-09	2.900750e-11	1.497275e-09	3.214994e-12	9.994387e+01	
20  5249.08	2.239752e+00	1.162730e-01	1.042550e+00	7.463397e-02	2.311026e-09	2.103072e-09	2.900750e-11	1.497275e-09	3.214994e-12	9.996350e+01	
60  5249.41	2.239752e+00	1.162730e-01	1.042550e+00	7.463397e-02	2.311026e-09	2.103072e-09	2.900750e-11	1.497275e-09	3.214994e-12	9.982354e+01	
10  5251.45	2.239752e+00	1.162730e-01	1.042550e+00	7.463397e-02	2.311026e-09	2.103072e-09	2.900750e-11	1.497275e-09	3.214994e-12	9.949529e+01	
10  5249.48	2.239752e+00	1.162730e-01	1.042550e+00	7.463397e-02	2.311026e-09	2.103072e-09	2.900750e-11	1.497275e-09	3.214994e-12	9.980611e+01	
10  5249.55	2.239752e+00	1.162730e-01	1.042550e+00	7.463397e-02	2.311026e-09	2.103072e-09	2.900750e-11	1.497275e-09	3.214994e-12	1.002980e+02	
34  5249.46	2.239752e+00	1.162730e-01	1.042550e+00	7.463397e-02	2.311026e-09	2.103072e-09	2.900750e-11	1.497275e-09	3.214994e-12	9.981055e+01	
6  5249.56	2.242739e+00	1.163701e-01	1.042505e+00	7.773388e-02	2.343851e-09	2.116431e-09	2.524426e-11	1.630298e-09	3.717638e-12	1.000199e+02	
10  5251.03	2.242739e+00	1.163701e-01	1.042505e+00	7.773388e-02	2.343851e-09	2.116431e-09	2.524426e-11	1.630298e-09	3.717638e-12	9.961965e+01	
6  5250.26	2.242739e+00	1.163701e-01	1.042505e+00	7.773388e-02	2.343851e-09	2.116431e-09	2.524426e-11	1.630298e-09	3.717638e-12	1.003429e+02	
14  5249.87	2.245678e+00	1.151954e-01	1.042710e+00	7.836105e-02	2.318044e-09	2.117008e-09	2.944585e-11	1.584508e-09	9.708827e-12	9.999891e+01	
30  5250.03	2.245678e+00	1.151954e-01	1.042710e+00	7.836105e-02	2.318044e-09	2.117008e-09	2.944585e-11	1.584508e-09	9.708827e-12	9.989862e+01	
10  5250.28	2.245678e+00	1.151954e-01	1.042710e+00	7.836105e-02	2.318044e-09	2.117008e-09	2.944585e-11	1.584508e-09	9.708827e-12	1.002769e+02	
10  5249.92	2.245678e+00	1.151954e-01	1.042710e+00	7.836105e-02	2.318044e-09	2.117008e-09	2.944585e-11	1.584508e-09	9.708827e-12	9.995440e+01	
20  5249.85	2.245678e+00	1.151954e-01	1.042710e+00	7.836105e-02	2.318044e-09	2.117008e-09	2.944585e-11	1.584508e-09	9.708827e-12	1.000309e+02	
10  5249.86	2.245678e+00	1.151954e-01	1.042710e+00	7.836105e-02	2.318044e-09	2.117008e-09	2.944585e-11	1.584508e-09	9.708827e-12	1.000173e+02	
4  5249.86	2.245678e+00	1.151954e-01	1.042710e+00	7.836105e-02	2.318044e-09	2.117008e-09	2.944585e-11	1.584508e-09	9.708827e-12	1.000048e+02	
18  5249.44	2.243618e+00	1.158764e-01	1.042521e+00	7.705168e-02	2.350126e-09	2.115292e-09	4.180468e-11	9.333687e-10	3.409739e-12	1.002800e+02	
10  5249.4	2.245108e+00	1.163827e-01	1.042492e+00	7.175733e-02	2.338116e-09	2.094229e-09	3.505659e-11	1.000209e-09	-5.348333e-12	1.000969e+02	
9  5252.16	2.241395e+00	1.161955e-01	1.042520e+00	7.091174e-02	2.317492e-09	2.087717e-09	3.611606e-11	1.312560e-09	5.464436e-12	1.000166e+02	
5  5251.59	2.241575e+00	1.161853e-01	1.042554e+00	7.820962e-02	2.346799e-09	2.117404e-09	1.617382e-11	1.872121e-09	5.279411e-12	1.003087e+02	
3  5250.52	2.244778e+00	1.163346e-01	1.042395e+00	7.624009e-02	2.361178e-09	2.109891e-09	1.974383e-11	1.734865e-09	-5.780951e-12	1.002229e+02	
21  5250.52	2.243822e+00	1.163591e-01	1.042397e+00	7.211011e-02	2.331056e-09	2.092493e-09	2.489202e-11	1.980235e-09	-3.449859e-13	1.000065e+02	
20  5250.51	2.243822e+00	1.163591e-01	1.042397e+00	7.211011e-02	2.331056e-09	2.092493e-09	2.489202e-11	1.980235e-09	-3.449859e-13	1.000383e+02	
35  5250.88	2.243822e+00	1.163591e-01	1.042397e+00	7.211011e-02	2.331056e-09	2.092493e-09	2.489202e-11	1.980235e-09	-3.449859e-13	1.002602e+02	
19  5252.5	2.246555e+00	1.160401e-01	1.042532e+00	7.293189e-02	2.322285e-09	2.096187e-09	2.502258e-11	1.949115e-09	-5.978812e-12	1.001418e+02	
9  5256.37	2.252164e+00	1.163926e-01	1.042289e+00	7.532472e-02	2.346477e-09	2.102937e-09	1.681800e-11	2.622457e-09	-8.782538e-12	1.002470e+02	
10  5256.2	2.248913e+00	1.163445e-01	1.042179e+00	7.701022e-02	2.359250e-09	2.109753e-09	2.598716e-11	2.328094e-09	-1.563604e-11	1.003440e+02	
7  5255.56	2.242477e+00	1.161009e-01	1.042320e+00	7.620182e-02	2.349938e-09	2.107004e-09	2.259598e-11	1.659250e-09	-6.717847e-12	1.003787e+02	
15  5255.43	2.242477e+00	1.161009e-01	1.042320e+00	7.620182e-02	2.349938e-09	2.107004e-09	2.259598e-11	1.659250e-09	-6.717847e-12	9.973631e+01	
3  5254.54	2.248272e+00	1.147404e-01	1.042681e+00	8.592337e-02	2.359657e-09	2.146752e-09	7.611345e-12	1.668912e-09	7.423063e-12	9.981624e+01	
2  5253.45	2.242446e+00	1.166092e-01	1.042491e+00	8.056266e-02	2.374710e-09	2.128108e-09	1.933717e-11	1.537921e-09	4.335294e-12	1.002359e+02	
2  5253.18	2.242446e+00	1.166092e-01	1.042491e+00	8.056266e-02	2.374710e-09	2.128108e-09	1.933717e-11	1.537921e-09	4.335294e-12	1.000216e+02	
1  5253.08	2.250139e+00	1.165417e-01	1.042362e+00	7.984538e-02	2.361424e-09	2.122603e-09	2.273797e-11	1.685586e-09	-2.098424e-12	9.981097e+01	
3  5251.97	2.248744e+00	1.167609e-01	1.042382e+00	7.827933e-02	2.361458e-09	2.117952e-09	3.498143e-11	1.015981e-09	1.520088e-12	9.992869e+01	
14  5252.81	2.246461e+00	1.166640e-01	1.042354e+00	7.963676e-02	2.347673e-09	2.121596e-09	4.703429e-11	1.248197e-09	-4.991751e-12	9.988876e+01	
40  5253.21	2.246461e+00	1.166640e-01	1.042354e+00	7.963676e-02	2.347673e-09	2.121596e-09	4.703429e-11	1.248197e-09	-4.991751e-12	9.977559e+01	
7  5252.88	2.246461e+00	1.166640e-01	1.042354e+00	7.963676e-02	2.347673e-09	2.121596e-09	4.703429e-11	1.248197e-09	-4.991751e-12	1.002334e+02	
9  5254.89	2.246285e+00	1.167787e-01	1.042325e+00	8.159451e-02	2.374228e-09	2.130747e-09	4.778657e-11	1.092688e-09	-1.660573e-11	1.003667e+02	
4  5255.29	2.240357e+00	1.165176e-01	1.042737e+00	7.596550e-02	2.297244e-09	2.108407e-09	3.010754e-11	1.562319e-09	1.662026e-11	1.000682e+02	
2  5255.64	2.240357e+00	1.165176e-01	1.042737e+00	7.596550e-02	2.297244e-09	2.108407e-09	3.010754e-11	1.562319e-09	1.662026e-11	1.002531e+02	
1  5251.94	2.241422e+00	1.161711e-01	1.042529e+00	7.948017e-02	2.326339e-09	2.122202e-09	2.348794e-11	1.182897e-09	6.466720e-12	1.002899e+02	
9  5254.58	2.241457e+00	1.167941e-01	1.042435e+00	7.902258e-02	2.341270e-09	2.121733e-09	5.246410e-11	9.135443e-10	-1.256238e-11	1.004550e+02	
7  5254.95	2.244950e+00	1.159720e-01	1.042504e+00	8.234320e-02	2.325746e-09	2.133995e-09	5.487719e-11	1.169081e-09	-6.760728e-12	1.003000e+02	
11  5254.5	2.244467e+00	1.151227e-01	1.042673e+00	8.626649e-02	2.327675e-09	2.147023e-09	5.081024e-11	1.684475e-09	2.086542e-12	1.002422e+02	
17  5254.4	2.244467e+00	1.151227e-01	1.042673e+00	8.626649e-02	2.327675e-09	2.147023e-09	5.081024e-11	1.684475e-09	2.086542e-12	9.988818e+01	
1  5254.16	2.240987e+00	1.161495e-01	1.042581e+00	7.957184e-02	2.324009e-09	2.121106e-09	5.198926e-11	1.334151e-09	1.106180e-11	1.000132e+02	
9  5253.23	2.244893e+00	1.159659e-01	1.042431e+00	7.576331e-02	2.311994e-09	2.104709e-09	6.445331e-11	9.804191e-10	1.917540e-12	9.971697e+01	
1  5255.16	2.241989e+00	1.154177e-01	1.042581e+00	7.762796e-02	2.300157e-09	2.112202e-09	6.773013e-11	8.472207e-10	6.639899e-12	9.968207e+01	
32  5252.64	2.242432e+00	1.154003e-01	1.042679e+00	8.048118e-02	2.303839e-09	2.126987e-09	6.203011e-11	7.826154e-10	2.025376e-11	9.989227e+01	
17  5252.52	2.242432e+00	1.154003e-01	1.042679e+00	8.048118e-02	2.303839e-09	2.126987e-09	6.203011e-11	7.826154e-10	2.025376e-11	9.995291e+01	
23  5250.29	2.245615e+00	1.156835e-01	1.042555e+00	8.109185e-02	2.341126e-09	2.128550e-09	6.547696e-11	1.000331e-09	4.968757e-12	1.000300e+02	
8  5250.47	2.245615e+00	1.156835e-01	1.042555e+00	8.109185e-02	2.341126e-09	2.128550e-09	6.547696e-11	1.000331e-09	4.968757e-12	1.002093e+02	
10  5252.56	2.248912e+00	1.157921e-01	1.042660e+00	7.940029e-02	2.342616e-09	2.121343e-09	5.619442e-11	1.143600e-09	9.704389e-12	1.001710e+02	
3  5253.49	2.249823e+00	1.155686e-01	1.042626e+00	8.046824e-02	2.344212e-09	2.128004e-09	8.629402e-11	4.698189e-10	8.517733e-12	1.002506e+02	
9  5253.28	2.246543e+00	1.153566e-01	1.042427e+00	7.918447e-02	2.323239e-09	2.121057e-09	8.513315e-11	5.518441e-10	6.362166e-12	1.000400e+02	
27  5253.8	2.246543e+00	1.153566e-01	1.042427e+00	7.918447e-02	2.323239e-09	2.121057e-09	8.513315e-11	5.518441e-10	6.362166e-12	9.980472e+01	
23  5252.83	2.248046e+00	1.158133e-01	1.042435e+00	7.834878e-02	2.333358e-09	2.117672e-09	9.644802e-11	5.795669e-10	-5.271866e-12	9.987998e+01	
20  5252.89	2.248046e+00	1.158133e-01	1.042435e+00	7.834878e-02	2.333358e-09	2.117672e-09	9.644802e-11	5.795669e-10	-5.271866e-12	1.002623e+02	
10  5252.66	2.248046e+00	1.158133e-01	1.042435e+00	7.834878e-02	2.333358e-09	2.117672e-09	9.644802e-11	5.795669e-10	-5.271866e-12	9.995543e+01	
10  5252.59	2.248046e+00	1.158133e-01	1.042435e+00	7.834878e-02	2.333358e-09	2.117672e-09	9.644802e-11	5.795669e-10	-5.271866e-12	1.001191e+02	
20  5252.61	2.248046e+00	1.158133e-01	1.042435e+00	7.834878e-02	2.333358e-09	2.117672e-09	9.644802e-11	5.795669e-10	-5.271866e-12	9.998421e+01	
40  5253.23	2.248046e+00	1.158133e-01	1.042435e+00	7.834878e-02	2.333358e-09	2.117672e-09	9.644802e-11	5.795669e-10	-5.271866e-12	1.003474e+02	
20  5252.92	2.248046e+00	1.158133e-01	1.042435e+00	7.834878e-02	2.333358e-09	2.117672e-09	9.644802e-11	5.795669e-10	-5.271866e-12	1.002715e+02	
10  5253.48	2.248046e+00	1.158133e-01	1.042435e+00	7.834878e-02	2.333358e-09	2.117672e-09	9.644802e-11	5.795669e-10	-5.271866e-12	1.003976e+02	
3  5253.11	2.248046e+00	1.158133e-01	1.042435e+00	7.834878e-02	2.333358e-09	2.117672e-09	9.644802e-11	5.795669e-10	-5.271866e-12	9.980158e+01	
11  5253.69	2.249009e+00	1.154033e-01	1.042605e+00	8.583787e-02	2.356806e-09	2.148350e-09	8.874974e-11	8.495851e-10	1.618162e-12	1.000729e+02	
16  5253.54	2.244707e+00	1.147387e-01	1.042595e+00	8.430857e-02	2.329516e-09	2.140663e-09	8.917678e-11	8.909005e-10	1.066275e-11	9.981194e+01	
4  5253.91	2.244707e+00	1.147387e-01	1.042595e+00	8.430857e-02	2.329516e-09	2.140663e-09	8.917678e-11	8.909005e-10	1.066275e-11	9.973280e+01	
44  5252.27	2.244258e+00	1.151500e-01	1.042627e+00	8.420919e-02	2.350197e-09	2.142981e-09	8.400838e-11	3.725372e-10	1.825238e-11	1.000008e+02	
4  5253.88	2.242333e+00	1.165277e-01	1.042477e+00	7.873693e-02	2.348846e-09	2.122606e-09	8.704347e-11	6.430529e-10	1.517451e-11	1.001481e+02	
4  5255.62	2.247861e+00	1.153424e-01	1.042713e+00	7.851979e-02	2.326177e-09	2.119567e-09	8.912635e-11	5.192968e-10	3.157088e-11	9.982907e+01	
4  5259.28	2.251683e+00	1.142246e-01	1.042797e+00	8.754050e-02	2.343863e-09	2.156199e-09	8.631211e-11	4.578162e-10	3.169108e-11	9.989281e+01	
6  5259.38	2.251683e+00	1.142246e-01	1.042797e+00	8.754050e-02	2.343863e-09	2.156199e-09	8.631211e-11	4.578162e-10	3.169108e-11	9.986028e+01	
2  5258.55	2.240763e+00	1.144233e-01	1.042861e+00	9.197093e-02	2.364876e-09	2.175493e-09	9.632146e-11	4.180067e-10	1.434748e-11	1.001660e+02	
12  5256.36	2.248441e+00	1.147814e-01	1.042572e+00	8.816271e-02	2.377188e-09	2.159477e-09	1.040831e-10	2.568301e-10	-8.368313e-12	9.994901e+01	
26  5256.34	2.248441e+00	1.147814e-01	1.042572e+00	8.816271e-02	2.377188e-09	2.159477e-09	1.040831e-10	2.568301e-10	-8.368313e-12	1.001763e+02	
4  5256.92	2.243366e+00	1.153424e-01	1.042704e+00	8.875019e-02	2.375164e-09	2.163335e-09	1.083812e-10	5.638844e-10	-1.186479e-11	1.003824e+02	
30  5257.1	2.243366e+00	1.153424e-01	1.042704e+00	8.875019e-02	2.375164e-09	2.163335e-09	1.083812e-10	5.638844e-10	-1.186479e-11	9.971479e+01	
10  5257.27	2.243366e+00	1.153424e-01	1.042704e+00	8.875019e-02	2.375164e-09	2.163335e-09	1.083812e-10	5.638844e-10	-1.186479e-11	9.968706e+01	
9  5256.41	2.243366e+00	1.153424e-01	1.042704e+00	8.875019e-02	2.375164e-09	2.163335e-09	1.083812e-10	5.638844e-10	-1.186479e-11	9.987081e+01	
6  5254.32	2.243481e+00	1.151788e-01	1.042528e+00	8.454853e-02	2.350375e-09	2.144284e-09	1.030503e-10	7.571810e-10	2.565866e-12	9.961130e+01	
14  5254.64	2.244250e+00	1.162418e-01	1.042292e+00	7.967579e-02	2.374262e-09	2.124983e-09	8.733183e-11	4.743474e-10	-5.091960e-12	9.970696e+01	
11  5253.98	2.244349e+00	1.153668e-01	1.042468e+00	8.511477e-02	2.385227e-09	2.149069e-09	9.299095e-11	6.313752e-10	-1.027835e-11	9.969358e+01	
30  5253.29	2.244349e+00	1.153668e-01	1.042468e+00	8.511477e-02	2.385227e-09	2.149069e-09	9.299095e-11	6.313752e-10	-1.027835e-11	1.002946e+02	
45  5253.05	2.244349e+00	1.153668e-01	1.042468e+00	8.511477e-02	2.385227e-09	2.149069e-09	9.299095e-11	6.313752e-10	-1.027835e-11	9.991301e+01	
15  5253.23	2.250325e+00	1.154624e-01	1.042657e+00	8.433107e-02	2.380227e-09	2.145077e-09	8.291816e-11	5.932666e-10	2.761498e-12	9.994326e+01	
10  5253.19	2.250325e+00	1.154624e-01	1.042657e+00	8.433107e-02	2.380227e-09	2.145077e-09	8.291816e-11	5.932666e-10	2.761498e-12	9.996329e+01	
20  5253.34	2.250325e+00	1.154624e-01	1.042657e+00	8.433107e-02	2.380227e-09	2.145077e-09	8.291816e-11	5.932666e-10	2.761498e-12	1.002380e+02	
10  5253.5	2.250325e+00	1.154624e-01	1.042657e+00	8.433107e-02	2.380227e-09	2.145077e-09	8.291816e-11	5.932666e-10	2.761498e-12	9.984686e+01	
10  5253.13	2.250325e+00	1.154624e-01	1.042657e+00	8.433107e-02	2.380227e-09	2.145077e-09	8.291816e-11	5.932666e-10	2.761498e-12	1.001195e+02	
10  5253.17	2.250325e+00	1.154624e-01	1.042657e+00	8.433107e-02	2.380227e-09	2.145077e-09	8.291816e-11	5.932666e-10	2.761498e-12	9.997852e+01	
9  5253.33	2.250325e+00	1.154624e-01	1.042657e+00	8.433107e-02	2.380227e-09	2.145077e-09	8.291816e-11	5.932666e-10	2.761498e-12	9.990063e+01	
11  5253.1	2.250998e+00	1.156823e-01	1.042545e+00	8.033323e-02	2.371708e-09	2.128623e-09	7.932759e-11	6.368034e-10	4.372971e-12	9.975819e+01	
30  5252.64	2.250998e+00	1.156823e-01	1.042545e+00	8.033323e-02	2.371708e-09	2.128623e-09	7.932759e-11	6.368034e-10	4.372971e-12	1.002585e+02	
10  5252.49	2.250998e+00	1.156823e-01	1.042545e+00	8.033323e-02	2.371708e-09	2.128623e-09	7.932759e-11	6.368034e-10	4.372971e-12	9.992930e+01	
2  5252.91	2.250998e+00	1.156823e-01	1.042545e+00	8.033323e-02	2.371708e-09	2.128623e-09	7.932759e-11	6.368034e-10	4.372971e-12	1.003319e+02	
8  5254.01	2.252574e+00	1.155952e-01	1.042521e+00	8.104468e-02	2.378732e-09	2.131433e-09	8.735326e-11	5.653921e-10	8.656986e-13	1.003419e+02	
2  5253.68	2.252574e+00	1.155952e-01	1.042521e+00	8.104468e-02	2.378732e-09	2.131433e-09	8.735326e-11	5.653921e-10	8.656986e-13	1.002541e+02	
8  5254.73	2.251224e+00	1.162917e-01	1.042442e+00	7.813750e-02	2.384055e-09	2.119790e-09	9.723020e-11	6.538547e-10	-3.046468e-12	1.003502e+02	
5  5255.04	2.251224e+00	1.162917e-01	1.042442e+00	7.813750e-02	2.384055e-09	2.119790e-09	9.723020e-11	6.538547e-10	-3.046468e-12	1.004132e+02	
22  5257.13	2.249559e+00	1.169105e-01	1.042568e+00	7.647816e-02	2.393540e-09	2.116822e-09	9.707144e-11	3.990307e-10	-6.093847e-12	1.005970e+02	
5  5257.49	2.248227e+00	1.165967e-01	1.042739e+00	7.054208e-02	2.335246e-09	2.089661e-09	6.544416e-11	4.876190e-10	2.698881e-11	1.002520e+02	
8  5256.75	2.251411e+00	1.160776e-01	1.042695e+00	7.153156e-02	2.331627e-09	2.091680e-09	7.307053e-11	4.384235e-10	1.758688e-11	1.000568e+02	
5  5256.76	2.251411e+00	1.160776e-01	1.042695e+00	7.153156e-02	2.331627e-09	2.091680e-09	7.307053e-11	4.384235e-10	1.758688e-11	1.000936e+02	
11  5259.33	2.249465e+00	1.170609e-01	1.042591e+00	7.067028e-02	2.349989e-09	2.089399e-09	7.124949e-11	8.638611e-10	1.765811e-11	1.003703e+02	
4  5257.23	2.241645e+00	1.171565e-01	1.042636e+00	7.107433e-02	2.342052e-09	2.092851e-09	7.629626e-11	4.956485e-10	1.560083e-11	1.004809e+02	
3  5257.98	2.241645e+00	1.171565e-01	1.042636e+00	7.107433e-02	2.342052e-09	2.092851e-09	7.629626e-11	4.956485e-10	1.560083e-11	1.005804e+02	
9  5256.4	2.243119e+00	1.179457e-01	1.042454e+00	6.825819e-02	2.354880e-09	2.082673e-09	7.407798e-11	6.293539e-10	3.786253e-12	1.006176e+02	
16  5254.58	2.243603e+00	1.175531e-01	1.042504e+00	6.259853e-02	2.302523e-09	2.057793e-09	8.318531e-11	8.096684e-10	4.968471e-12	1.001324e+02	
13  5256.34	2.245761e+00	1.179700e-01	1.042513e+00	6.375550e-02	2.326634e-09	2.063880e-09	7.186351e-11	6.236705e-10	1.410589e-11	1.004094e+02	
2  5254.03	2.246912e+00	1.172376e-01	1.042271e+00	6.584680e-02	2.330022e-09	2.070686e-09	8.387266e-11	3.628452e-10	-3.001849e-12	1.001773e+02	
10  5254.99	2.248294e+00	1.168567e-01	1.042146e+00	6.942509e-02	2.336252e-09	2.083294e-09	8.821158e-11	7.177168e-10	-2.185915e-11	1.000593e+02	
8  5255.07	2.247570e+00	1.165452e-01	1.042288e+00	6.627674e-02	2.316039e-09	2.069655e-09	8.158219e-11	8.523182e-10	-1.405772e-11	9.983102e+01	
28  5254	2.248516e+00	1.170562e-01	1.042326e+00	6.510475e-02	2.329656e-09	2.066671e-09	9.361522e-11	5.320252e-10	-1.919221e-11	9.999869e+01	
11  5253.26	2.247816e+00	1.173153e-01	1.042263e+00	6.997640e-02	2.365668e-09	2.089145e-09	1.018110e-10	4.253189e-10	-1.778717e-11	1.004101e+02	
25  5252.71	2.247816e+00	1.173153e-01	1.042263e+00	6.997640e-02	2.365668e-09	2.089145e-09	1.018110e-10	4.253189e-10	-1.778717e-11	1.002877e+02	
15  5253.61	2.247517e+00	1.162698e-01	1.042576e+00	7.386171e-02	2.348745e-09	2.105374e-09	9.196529e-11	4.803844e-10	-8.603286e-12	1.001621e+02	
58  5253.76	2.247517e+00	1.162698e-01	1.042576e+00	7.386171e-02	2.348745e-09	2.105374e-09	9.196529e-11	4.803844e-10	-8.603286e-12	9.989644e+01	
4  5254.13	2.242935e+00	1.167782e-01	1.042599e+00	7.302260e-02	2.345126e-09	2.103393e-09	9.415840e-11	2.716535e-10	-3.830688e-12	1.000903e+02	
1  5255.46	2.242229e+00	1.167458e-01	1.042364e+00	7.373764e-02	2.339638e-09	2.105395e-09	8.580429e-11	5.141480e-10	6.603871e-12	1.000855e+02	
7  5252.04	2.239398e+00	1.165380e-01	1.042610e+00	7.558968e-02	2.338363e-09	2.113020e-09	7.994159e-11	4.391081e-10	9.860222e-12	1.001656e+02	
14  5253	2.239398e+00	1.165380e-01	1.042610e+00	7.558968e-02	2.338363e-09	2.113020e-09	7.994159e-11	4.391081e-10	9.860222e-12	1.004222e+02	
5  5254.47	2.239738e+00	1.159395e-01	1.042764e+00	7.491054e-02	2.320609e-09	2.108875e-09	6.486439e-11	8.208757e-10	1.624199e-11	1.001619e+02	
2  5254.16	2.236740e+00	1.164662e-01	1.042501e+00	7.638188e-02	2.340427e-09	2.114638e-09	7.043981e-11	9.379406e-10	-1.792170e-12	1.003085e+02	
6  5254.54	2.241702e+00	1.164868e-01	1.042663e+00	7.070349e-02	2.312804e-09	2.090689e-09	6.235283e-11	1.164841e-09	2.349070e-12	9.998660e+01	
5  5255.26	2.236608e+00	1.168322e-01	1.042621e+00	6.775105e-02	2.293095e-09	2.079670e-09	6.228094e-11	9.247933e-10	1.817057e-11	1.000571e+02	
15  5256.72	2.235581e+00	1.167936e-01	1.042593e+00	7.178901e-02	2.310693e-09	2.097488e-09	6.283338e-11	8.713402e-10	1.792715e-11	1.002669e+02	
1  5257.49	2.235419e+00	1.171587e-01	1.042657e+00	7.309636e-02	2.323581e-09	2.104780e-09	6.918932e-11	4.278185e-10	1.099129e-11	1.004848e+02	
6  5255.96	2.233491e+00	1.168110e-01	1.042672e+00	6.762294e-02	2.280412e-09	2.080772e-09	5.877588e-11	7.145242e-10	1.906480e-11	1.000526e+02	
3  5257.79	2.235293e+00	1.163948e-01	1.042723e+00	7.339792e-02	2.309288e-09	2.104400e-09	5.781278e-11	8.729249e-10	2.200766e-11	1.002451e+02	
3  5257.54	2.236694e+00	1.162039e-01	1.042815e+00	7.494137e-02	2.299711e-09	2.109997e-09	6.336135e-11	6.788458e-10	2.752666e-11	1.002840e+02	
8  5257.76	2.236694e+00	1.162039e-01	1.042815e+00	7.494137e-02	2.299711e-09	2.109997e-09	6.336135e-11	6.788458e-10	2.752666e-11	1.003395e+02	
2  5260.57	2.230641e+00	1.167616e-01	1.042601e+00	7.608579e-02	2.326844e-09	2.115544e-09	8.174255e-11	4.304058e-10	-4.003963e-13	1.005307e+02	
3  5259	2.230641e+00	1.167616e-01	1.042601e+00	7.608579e-02	2.326844e-09	2.115544e-09	8.174255e-11	4.304058e-10	-4.003963e-13	1.002292e+02	
3  5258.83	2.234024e+00	1.172096e-01	1.042290e+00	7.615290e-02	2.342119e-09	2.116201e-09	7.556603e-11	6.026590e-10	-5.932112e-12	1.002780e+02	
1  5261.99	2.233657e+00	1.168831e-01	1.042230e+00	7.459484e-02	2.326953e-09	2.107524e-09	7.165410e-11	1.160711e-09	-7.914398e-12	1.000005e+02	
10  5261.81	2.235528e+00	1.174615e-01	1.042068e+00	7.048260e-02	2.331753e-09	2.091017e-09	7.439682e-11	6.136149e-10	-9.146090e-12	1.000262e+02	
9  5259.71	2.243966e+00	1.175035e-01	1.042021e+00	6.462648e-02	2.319053e-09	2.065441e-09	5.650490e-11	8.074027e-10	-1.078690e-11	9.963680e+01	
15  5255.95	2.244624e+00	1.179053e-01	1.042070e+00	6.403489e-02	2.341544e-09	2.065084e-09	6.186574e-11	7.632675e-10	-3.136365e-11	9.969656e+01	
6  5257.59	2.241192e+00	1.171658e-01	1.042211e+00	6.487626e-02	2.335764e-09	2.067485e-09	5.705769e-11	6.615445e-10	-1.958944e-11	9.960818e+01	
1  5256.76	2.250964e+00	1.168004e-01	1.042287e+00	7.191198e-02	2.375132e-09	2.097689e-09	7.384806e-11	4.597852e-10	-3.218546e-11	9.981716e+01	
4  5253.31	2.249073e+00	1.160076e-01	1.042527e+00	7.490548e-02	2.349019e-09	2.108411e-09	6.996609e-11	5.788609e-10	-7.819747e-12	9.980112e+01	
1  5257.43	2.247767e+00	1.159713e-01	1.042662e+00	7.044177e-02	2.328546e-09	2.088908e-09	6.304225e-11	5.420408e-10	-3.127251e-12	9.959795e+01	
6  5253	2.243064e+00	1.157706e-01	1.042569e+00	7.212736e-02	2.323585e-09	2.095240e-09	5.650476e-11	7.988098e-10	6.299304e-12	9.963130e+01	
35  5251.66	2.240319e+00	1.158311e-01	1.042555e+00	8.021553e-02	2.360352e-09	2.130301e-09	6.267093e-11	4.347031e-10	9.666014e-12	1.001619e+02	
1  5251.05	2.242899e+00	1.158810e-01	1.042604e+00	7.735069e-02	2.349444e-09	2.116142e-09	5.426912e-11	7.150855e-10	9.704683e-12	9.997816e+01	
1  5251.89	2.250492e+00	1.162101e-01	1.042423e+00	7.331522e-02	2.346127e-09	2.100005e-09	5.489001e-11	7.732661e-10	-7.924964e-12	9.971326e+01	
24  5251.73	2.246526e+00	1.159139e-01	1.042564e+00	7.684231e-02	2.362118e-09	2.114145e-09	3.734602e-11	5.481994e-10	8.945150e-12	9.994711e+01	
10  5253.32	2.246526e+00	1.159139e-01	1.042564e+00	7.684231e-02	2.362118e-09	2.114145e-09	3.734602e-11	5.481994e-10	8.945150e-12	1.005137e+02	
10  5252	2.246526e+00	1.159139e-01	1.042564e+00	7.684231e-02	2.362118e-09	2.114145e-09	3.734602e-11	5.481994e-10	8.945150e-12	1.002691e+02	
3  5252.27	2.246526e+00	1.159139e-01	1.042564e+00	7.684231e-02	2.362118e-09	2.114145e-09	3.734602e-11	5.481994e-10	8.945150e-12	1.003365e+02	
2  5252.8	2.247087e+00	1.157655e-01	1.042365e+00	7.467396e-02	2.345043e-09	2.102933e-09	2.605744e-11	8.270559e-10	-3.415486e-12	9.999486e+01	
23  5252.37	2.244657e+00	1.150045e-01	1.042577e+00	8.300612e-02	2.364891e-09	2.137534e-09	2.565005e-11	1.051036e-09	-3.297546e-13	1.002114e+02	
17  5254.94	2.248092e+00	1.146586e-01	1.042837e+00	8.173416e-02	2.348717e-09	2.129579e-09	1.367085e-11	1.573877e-09	1.327843e-11	1.000411e+02	
5  5252.66	2.246913e+00	1.150116e-01	1.042593e+00	8.733125e-02	2.376904e-09	2.154433e-09	1.466756e-11	1.550828e-09	-9.195421e-14	1.003463e+02	
20  5253.37	2.246913e+00	1.150116e-01	1.042593e+00	8.733125e-02	2.376904e-09	2.154433e-09	1.466756e-11	1.550828e-09	-9.195421e-14	1.004675e+02	
10  5253.07	2.246913e+00	1.150116e-01	1.042593e+00	8.733125e-02	2.376904e-09	2.154433e-09	1.466756e-11	1.550828e-09	-9.195421e-14	1.004214e+02	
21  5252.02	2.246913e+00	1.150116e-01	1.042593e+00	8.733125e-02	2.376904e-09	2.154433e-09	1.466756e-11	1.550828e-09	-9.195421e-14	1.001516e+02	
24  5252.67	2.249174e+00	1.147762e-01	1.042661e+00	8.128995e-02	2.341584e-09	2.129599e-09	1.984437e-11	1.076194e-09	4.374486e-12	9.980426e+01	
15  5253.88	2.244941e+00	1.147598e-01	1.042676e+00	8.019842e-02	2.331604e-09	2.126069e-09	1.791806e-11	1.122652e-09	1.714742e-11	9.982946e+01	
6  5253.5	2.244941e+00	1.147598e-01	1.042676e+00	8.019842e-02	2.331604e-09	2.126069e-09	1.791806e-11	1.122652e-09	1.714742e-11	1.000116e+02	
34  5253	2.251721e+00	1.152314e-01	1.042685e+00	7.762527e-02	2.338129e-09	2.116137e-09	3.127108e-11	1.144160e-09	8.834115e-12	1.000004e+02	
4  5252.99	2.251721e+00	1.152314e-01	1.042685e+00	7.762527e-02	2.338129e-09	2.116137e-09	3.127108e-11	1.144160e-09	8.834115e-12	1.000224e+02	
6  5249.89	2.248463e+00	1.160863e-01	1.042391e+00	7.550841e-02	2.356673e-09	2.107777e-09	4.328185e-11	1.105690e-09	-9.481191e-13	1.001947e+02	
7  5249.81	2.248463e+00	1.160863e-01	1.042391e+00	7.550841e-02	2.356673e-09	2.107777e-09	4.328185e-11	1.105690e-09	-9.481191e-13	9.995726e+01	
2  5254.8	2.243913e+00	1.164348e-01	1.042304e+00	7.321594e-02	2.350844e-09	2.100421e-09	6.212786e-11	3.028522e-10	-6.347076e-12	1.000412e+02	
6  5254.92	2.242022e+00	1.170221e-01	1.042220e+00	6.945800e-02	2.343352e-09	2.084400e-09	6.376136e-11	5.170298e-10	-1.457818e-11	9.998028e+01	
5  5255.27	2.239377e+00	1.167070e-01	1.042420e+00	7.136313e-02	2.321444e-09	2.091436e-09	4.855342e-11	4.875239e-10	1.078530e-11	1.000691e+02	
10  5255.27	2.239377e+00	1.167070e-01	1.042420e+00	7.136313e-02	2.321444e-09	2.091436e-09	4.855342e-11	4.875239e-10	1.078530e-11	1.000823e+02	
2  5255.42	2.239377e+00	1.167070e-01	1.042420e+00	7.136313e-02	2.321444e-09	2.091436e-09	4.855342e-11	4.875239e-10	1.078530e-11	9.991538e+01	
18  5249.57	2.245670e+00	1.162284e-01	1.042344e+00	7.851830e-02	2.362155e-09	2.121016e-09	4.713280e-11	9.087820e-10	-8.998966e-12	9.996819e+01	
20  5249.65	2.245670e+00	1.162284e-01	1.042344e+00	7.851830e-02	2.362155e-09	2.121016e-09	4.713280e-11	9.087820e-10	-8.998966e-12	9.992652e+01	
1  5249.98	2.245670e+00	1.162284e-01	1.042344e+00	7.851830e-02	2.362155e-09	2.121016e-09	4.713280e-11	9.087820e-10	-8.998966e-12	1.002914e+02	
13  5249.59	2.246022e+00	1.159055e-01	1.042526e+00	7.944633e-02	2.353428e-09	2.124508e-09	3.132491e-11	9.465785e-10	7.450095e-12	1.002956e+02	
6  5252.73	2.244377e+00	1.155098e-01	1.042606e+00	8.294687e-02	2.361315e-09	2.141080e-09	4.151076e-11	5.617840e-10	9.317145e-13	1.003786e+02	
10  5252.14	2.244377e+00	1.155098e-01	1.042606e+00	8.294687e-02	2.361315e-09	2.141080e-09	4.151076e-11	5.617840e-10	9.317145e-13	9.986916e+01	
10  5253.04	2.244377e+00	1.155098e-01	1.042606e+00	8.294687e-02	2.361315e-09	2.141080e-09	4.151076e-11	5.617840e-10	9.317145e-13	9.967164e+01	
13  5252.93	2.244377e+00	1.155098e-01	1.042606e+00	8.294687e-02	2.361315e-09	2.141080e-09	4.151076e-11	5.617840e-10	9.317145e-13	1.004147e+02	
1  5253.04	2.245639e+00	1.147373e-01	1.042808e+00	8.055277e-02	2.330485e-09	2.129526e-09	3.387781e-11	7.553940e-10	1.718211e-11	1.000862e+02	
1  5252.95	2.242379e+00	1.154476e-01	1.042836e+00	7.819540e-02	2.329713e-09	2.119448e-09	3.262207e-11	1.147709e-09	1.741201e-11	1.001976e+02	
15  5252.84	2.246411e+00	1.159165e-01	1.042588e+00	7.901313e-02	2.367889e-09	2.125704e-09	2.799678e-11	7.939095e-10	-2.869182e-12	1.003143e+02	
6  5252.62	2.246411e+00	1.159165e-01	1.042588e+00	7.901313e-02	2.367889e-09	2.125704e-09	2.799678e-11	7.939095e-10	-2.869182e-12	9.984369e+01	
1  5253.8	2.250582e+00	1.157637e-01	1.042364e+00	7.643282e-02	2.369377e-09	2.112127e-09	3.391951e-11	7.689189e-10	-8.586882e-12	9.961245e+01	
3  5251.17	2.248014e+00	1.156488e-01	1.042584e+00	7.775911e-02	2.360587e-09	2.118457e-09	3.849232e-11	7.257599e-10	1.560989e-12	9.973310e+01	
20  5250.92	2.248014e+00	1.156488e-01	1.042584e+00	7.775911e-02	2.360587e-09	2.118457e-09	3.849232e-11	7.257599e-10	1.560989e-12	9.978558e+01	
7  5253.46	2.248014e+00	1.156488e-01	1.042584e+00	7.775911e-02	2.360587e-09	2.118457e-09	3.849232e-11	7.257599e-10	1.560989e-12	9.943234e+01	
13  5251.66	2.248859e+00	1.165500e-01	1.042441e+00	7.915357e-02	2.390964e-09	2.125802e-09	4.033126e-11	8.371252e-10	-8.038890e-12	9.975763e+01	
10  5251.04	2.248859e+00	1.165500e-01	1.042441e+00	7.915357e-02	2.390964e-09	2.125802e-09	4.033126e-11	8.371252e-10	-8.038890e-12	9.994546e+01	
20  5250.96	2.248859e+00	1.165500e-01	1.042441e+00	7.915357e-02	2.390964e-09	2.125802e-09	4.033126e-11	8.371252e-10	-8.038890e-12	1.000108e+02	
10  5251.55	2.248859e+00	1.165500e-01	1.042441e+00	7.915357e-02	2.390964e-09	2.125802e-09	4.033126e-11	8.371252e-10	-8.038890e-12	1.003292e+02	
30  5251.43	2.248859e+00	1.165500e-01	1.042441e+00	7.915357e-02	2.390964e-09	2.125802e-09	4.033126e-11	8.371252e-10	-8.038890e-12	9.981058e+01	
30  5251.17	2.248859e+00	1.165500e-01	1.042441e+00	7.915357e-02	2.390964e-09	2.125802e-09	4.033126e-11	8.371252e-10	-8.038890e-12	9.988747e+01	
8  5254.68	2.248859e+00	1.165500e-01	1.042441e+00	7.915357e-02	2.390964e-09	2.125802e-09	4.033126e-11	8.371252e-10	-8.038890e-12	9.937482e+01	
6  5254.72	2.246440e+00	1.166080e-01	1.042443e+00	7.714670e-02	2.376426e-09	2.117090e-09	4.928356e-11	8.873258e-10	-1.063172e-11	9.928442e+01	
6  5254.96	2.247210e+00	1.169048e-01	1.042455e+00	7.971727e-02	2.403685e-09	2.130343e-09	4.327503e-11	6.717439e-10	-6.440440e-12	9.958634e+01	
1  5255.13	2.247210e+00	1.169048e-01	1.042455e+00	7.971727e-02	2.403685e-09	2.130343e-09	4.327503e-11	6.717439e-10	-6.440440e-12	1.005521e+02	
9  5254.02	2.250241e+00	1.170615e-01	1.042529e+00	7.316419e-02	2.363293e-09	2.102068e-09	3.916693e-11	5.832978e-10	7.714937e-12	1.002893e+02	
21  5253.62	2.250241e+00	1.170615e-01	1.042529e+00	7.316419e-02	2.363293e-09	2.102068e-09	3.916693e-11	5.832978e-10	7.714937e-12	9.998682e+01	
9  5254.42	2.243498e+00	1.177847e-01	1.042543e+00	7.415625e-02	2.372994e-09	2.108156e-09	3.968595e-11	6.491706e-10	-7.786991e-13	1.002664e+02	
16  5254.7	2.243498e+00	1.177847e-01	1.042543e+00	7.415625e-02	2.372994e-09	2.108156e-09	3.968595e-11	6.491706e-10	-7.786991e-13	1.003371e+02	
2  5253.97	2.241884e+00	1.168594e-01	1.042620e+00	7.202248e-02	2.339493e-09	2.097370e-09	3.536639e-11	5.254339e-10	2.186202e-11	1.000358e+02	
1  5253.22	2.245528e+00	1.158990e-01	1.042589e+00	7.592145e-02	2.343568e-09	2.112189e-09	3.220000e-11	6.135300e-10	2.000306e-11	9.986031e+01	
21  5250.91	2.245745e+00	1.167709e-01	1.042472e+00	7.402646e-02	2.360597e-09	2.106080e-09	5.079585e-11	6.603331e-10	-1.194122e-11	9.991899e+01	
10  5250.77	2.245745e+00	1.167709e-01	1.042472e+00	7.402646e-02	2.360597e-09	2.106080e-09	5.079585e-11	6.603331e-10	-1.194122e-11	1.000177e+02	
10  5250.83	2.245745e+00	1.167709e-01	1.042472e+00	7.402646e-02	2.360597e-09	2.106080e-09	5.079585e-11	6.603331e-10	-1.194122e-11	1.001492e+02	
11  5251.82	2.245745e+00	1.167709e-01	1.042472e+00	7.402646e-02	2.360597e-09	2.106080e-09	5.079585e-11	6.603331e-10	-1.194122e-11	1.004159e+02	
29  5251.76	2.244999e+00	1.169597e-01	1.042579e+00	6.847304e-02	2.327071e-09	2.082669e-09	6.276280e-11	4.961867e-10	1.465023e-12	1.002915e+02	
31  5251.42	2.244999e+00	1.169597e-01	1.042579e+00	6.847304e-02	2.327071e-09	2.082669e-09	6.276280e-11	4.961867e-10	1.465023e-12	1.001731e+02	
13  5249.96	2.245318e+00	1.164319e-01	1.042639e+00	7.169646e-02	2.329040e-09	2.095022e-09	4.368642e-11	7.744706e-10	9.020212e-12	1.001403e+02	
8  5249.92	2.246681e+00	1.169917e-01	1.042485e+00	7.129787e-02	2.353178e-09	2.094207e-09	5.027364e-11	6.898340e-10	1.724496e-12	1.003075e+02	
3  5251.36	2.242861e+00	1.170075e-01	1.042420e+00	6.687909e-02	2.328373e-09	2.077240e-09	5.481646e-11	4.259185e-10	-9.694552e-13	1.000927e+02	
2  5251	2.244243e+00	1.178551e-01	1.042343e+00	6.639757e-02	2.343565e-09	2.075592e-09	6.631327e-11	6.678906e-10	-6.241569e-12	1.003239e+02	
3  5253.74	2.246485e+00	1.170546e-01	1.042631e+00	7.192787e-02	2.356176e-09	2.097129e-09	5.292599e-11	9.140530e-10	2.019880e-12	1.003758e+02	
10  5253.24	2.246485e+00	1.170546e-01	1.042631e+00	7.192787e-02	2.356176e-09	2.097129e-09	5.292599e-11	9.140530e-10	2.019880e-12	9.986155e+01	
11  5253.18	2.246485e+00	1.170546e-01	1.042631e+00	7.192787e-02	2.356176e-09	2.097129e-09	5.292599e-11	9.140530e-10	2.019880e-12	9.988198e+01	
40  5253	2.247057e+00	1.177844e-01	1.042411e+00	6.953399e-02	2.374138e-09	2.088641e-09	5.256096e-11	9.690174e-10	-1.348162e-11	9.992172e+01	
4  5257.26	2.240630e+00	1.192218e-01	1.042277e+00	6.166440e-02	2.371414e-09	2.060450e-09	4.717624e-11	5.059465e-10	-7.687495e-12	1.001170e+02	
9  5254.66	2.244613e+00	1.189852e-01	1.042246e+00	6.210315e-02	2.375303e-09	2.061155e-09	5.060844e-11	4.683155e-10	-1.825162e-11	9.998756e+01	
6  5255.12	2.246531e+00	1.189874e-01	1.042126e+00	6.205083e-02	2.372281e-09	2.057851e-09	5.602350e-11	8.672907e-10	-2.431416e-11	9.988480e+01	
10  5255.94	2.246531e+00	1.189874e-01	1.042126e+00	6.205083e-02	2.372281e-09	2.057851e-09	5.602350e-11	8.672907e-10	-2.431416e-11	9.969475e+01	
2  5255.58	2.246531e+00	1.189874e-01	1.042126e+00	6.205083e-02	2.372281e-09	2.057851e-09	5.602350e-11	8.672907e-10	-2.431416e-11	9.976304e+01	
15  5254.31	2.243012e+00	1.179417e-01	1.042304e+00	7.003229e-02	2.370351e-09	2.090817e-09	6.846232e-11	9.210279e-10	-1.204827e-11	9.991247e+01	
23  5253.46	2.243502e+00	1.174148e-01	1.042440e+00	6.751037e-02	2.328370e-09	2.078597e-09	6.971858e-11	9.277566e-10	1.174083e-12	9.962673e+01	
8  5251.96	2.243502e+00	1.174148e-01	1.042440e+00	6.751037e-02	2.328370e-09	2.078597e-09	6.971858e-11	9.277566e-10	1.174083e-12	1.001000e+02	
12  5250.78	2.242145e+00	1.177712e-01	1.042402e+00	6.515793e-02	2.331468e-09	2.069780e-09	6.525838e-11	7.615012e-10	-4.025044e-12	1.000985e+02	
1  5251.78	2.242145e+00	1.177712e-01	1.042402e+00	6.515793e-02	2.331468e-09	2.069780e-09	6.525838e-11	7.615012e-10	-4.025044e-12	1.004125e+02	
2  5252.14	2.244068e+00	1.169572e-01	1.042377e+00	6.596572e-02	2.329166e-09	2.070992e-09	6.573238e-11	6.183817e-10	-8.316807e-12	1.001618e+02	
8  5255.17	2.244989e+00	1.172150e-01	1.042220e+00	6.157086e-02	2.311656e-09	2.051826e-09	6.513530e-11	7.279318e-10	-1.361735e-11	9.993616e+01	
5  5254.6	2.244067e+00	1.175862e-01	1.042184e+00	6.678348e-02	2.348781e-09	2.074587e-09	5.491194e-11	5.177912e-10	-1.344710e-11	1.003635e+02	
4  5251.94	2.249307e+00	1.171637e-01	1.042318e+00	6.916155e-02	2.362261e-09	2.086171e-09	5.399761e-11	6.017638e-10	-1.383804e-11	1.003490e+02	
10  5252.23	2.249307e+00	1.171637e-01	1.042318e+00	6.916155e-02	2.362261e-09	2.086171e-09	5.399761e-11	6.017638e-10	-1.383804e-11	1.004038e+02	
18  5251.67	2.249307e+00	1.171637e-01	1.042318e+00	6.916155e-02	2.362261e-09	2.086171e-09	5.399761e-11	6.017638e-10	-1.383804e-11	1.002850e+02	
4  5253.85	2.243630e+00	1.173147e-01	1.042187e+00	7.097131e-02	2.370137e-09	2.092503e-09	4.824861e-11	8.955849e-10	-9.246829e-12	1.004368e+02	
7  5253.37	2.247278e+00	1.179866e-01	1.042157e+00	6.464931e-02	2.364751e-09	2.066823e-09	5.300456e-11	6.960670e-10	-1.480024e-11	1.003316e+02	
1  5253.68	2.248660e+00	1.180533e-01	1.042336e+00	6.537473e-02	2.342320e-09	2.069171e-09	5.641568e-11	1.132756e-09	-6.211600e-12	1.003552e+02	
1  5254.58	2.248660e+00	1.180533e-01	1.042336e+00	6.537473e-02	2.342320e-09	2.069171e-09	5.641568e-11	1.132756e-09	-6.211600e-12	1.005042e+02	
4  5255.72	2.251479e+00	1.172615e-01	1.042370e+00	7.147350e-02	2.354912e-09	2.093798e-09	5.909159e-11	9.751884e-10	-9.852340e-12	1.005290e+02	
5  5255.28	2.245050e+00	1.180685e-01	1.042363e+00	6.384315e-02	2.336926e-09	2.063550e-09	5.688475e-11	9.725075e-10	2.900359e-12	1.005313e+02	
5  5254.18	2.245050e+00	1.180685e-01	1.042363e+00	6.384315e-02	2.336926e-09	2.063550e-09	5.688475e-11	9.725075e-10	2.900359e-12	9.976536e+01	
9  5254.8	2.240058e+00	1.180951e-01	1.042359e+00	6.759108e-02	2.357842e-09	2.081581e-09	6.812012e-11	6.293638e-10	2.251636e-12	1.000692e+02	
3  5254.51	2.243662e+00	1.174450e-01	1.042325e+00	6.525537e-02	2.334097e-09	2.070302e-09	6.908847e-11	8.290327e-10	5.472241e-13	9.965490e+01	
33  5253.86	2.242580e+00	1.175537e-01	1.042434e+00	6.547149e-02	2.327602e-09	2.071346e-09	6.546057e-11	7.072934e-10	1.160109e-11	9.976991e+01	
1  5255.55	2.242580e+00	1.175537e-01	1.042434e+00	6.547149e-02	2.327602e-09	2.071346e-09	6.546057e-11	7.072934e-10	1.160109e-11	9.951987e+01	
9  5256.52	2.243787e+00	1.181026e-01	1.042402e+00	6.371700e-02	2.335296e-09	2.066333e-09	6.292578e-11	5.802645e-10	1.141074e-11	9.962899e+01	
10  5256.71	2.243787e+00	1.181026e-01	1.042402e+00	6.371700e-02	2.335296e-09	2.066333e-09	6.292578e-11	5.802645e-10	1.141074e-11	9.960405e+01	
2  5255.93	2.243787e+00	1.181026e-01	1.042402e+00	6.371700e-02	2.335296e-09	2.066333e-09	6.292578e-11	5.802645e-10	1.141074e-11	1.004034e+02	
6  5255.92	2.239010e+00	1.168466e-01	1.042698e+00	6.524322e-02	2.300909e-09	2.071550e-09	6.534912e-11	4.444809e-10	8.427498e-12	1.000626e+02	
1  5254.48	2.243981e+00	1.172926e-01	1.042443e+00	5.709611e-02	2.276820e-09	2.035413e-09	4.518394e-11	8.817049e-10	5.209609e-12	9.962436e+01	
1  5252.55	2.241652e+00	1.168002e-01	1.042518e+00	6.416088e-02	2.294581e-09	2.065482e-09	4.295899e-11	1.118228e-09	3.635804e-12	9.980862e+01	
20  5252.08	2.241652e+00	1.168002e-01	1.042518e+00	6.416088e-02	2.294581e-09	2.065482e-09	4.295899e-11	1.118228e-09	3.635804e-12	1.000389e+02	
20  5252.24	2.241652e+00	1.168002e-01	1.042518e+00	6.416088e-02	2.294581e-09	2.065482e-09	4.295899e-11	1.118228e-09	3.635804e-12	1.001882e+02	
20  5252.1	2.241652e+00	1.168002e-01	1.042518e+00	6.416088e-02	2.294581e-09	2.065482e-09	4.295899e-11	1.118228e-09	3.635804e-12	1.001005e+02	
10  5252.2	2.241652e+00	1.168002e-01	1.042518e+00	6.416088e-02	2.294581e-09	2.065482e-09	4.295899e-11	1.118228e-09	3.635804e-12	1.001727e+02	
10  5253.83	2.241652e+00	1.168002e-01	1.042518e+00	6.416088e-02	2.294581e-09	2.065482e-09	4.295899e-11	1.118228e-09	3.635804e-12	1.005139e+02	
22  5252.82	2.241652e+00	1.168002e-01	1.042518e+00	6.416088e-02	2.294581e-09	2.065482e-09	4.295899e-11	1.118228e-09	3.635804e-12	1.003513e+02	
14  5254.04	2.241535e+00	1.167914e-01	1.042523e+00	6.755014e-02	2.306403e-09	2.079297e-09	3.741221e-11	1.326224e-09	6.767931e-13	1.004743e+02	
2  5252.7	2.244630e+00	1.166113e-01	1.042467e+00	6.361527e-02	2.290051e-09	2.059025e-09	3.013524e-11	1.956493e-09	1.195971e-12	1.001197e+02	
1  5257.64	2.245951e+00	1.166330e-01	1.042503e+00	6.622668e-02	2.303490e-09	2.069630e-09	2.241866e-11	2.061340e-09	1.162257e-11	1.003061e+02	
21  5252.73	2.246647e+00	1.162285e-01	1.042653e+00	6.505407e-02	2.300718e-09	2.066888e-09	1.633836e-11	1.431106e-09	9.391997e-12	1.001745e+02	
19  5252.62	2.246647e+00	1.162285e-01	1.042653e+00	6.505407e-02	2.300718e-09	2.066888e-09	1.633836e-11	1.431106e-09	9.391997e-12	9.999296e+01	
11  5251.86	2.251900e+00	1.169032e-01	1.042465e+00	6.495649e-02	2.323823e-09	2.064479e-09	1.278857e-11	1.865795e-09	3.255901e-12	1.001126e+02	
9  5251.83	2.251900e+00	1.169032e-01	1.042465e+00	6.495649e-02	2.323823e-09	2.064479e-09	1.278857e-11	1.865795e-09	3.255901e-12	1.000476e+02	
2  5255.57	2.246208e+00	1.175959e-01	1.042337e+00	6.209441e-02	2.333233e-09	2.052382e-09	1.320373e-11	1.792152e-09	-6.754069e-12	1.001341e+02	
8  5253.51	2.253111e+00	1.170054e-01	1.042236e+00	7.041122e-02	2.368273e-09	2.087294e-09	1.953916e-11	1.588488e-09	-5.168672e-12	1.003692e+02	
1  5254.47	2.251733e+00	1.169926e-01	1.042365e+00	7.004934e-02	2.362808e-09	2.085080e-09	2.599763e-11	1.487468e-09	-1.440954e-11	1.003291e+02	
6  5257.16	2.251733e+00	1.169926e-01	1.042365e+00	7.004934e-02	2.362808e-09	2.085080e-09	2.599763e-11	1.487468e-09	-1.440954e-11	9.940693e+01	
12  5256.6	2.246054e+00	1.168612e-01	1.042552e+00	7.121703e-02	2.349134e-09	2.088341e-09	1.939688e-11	2.126199e-09	4.287546e-12	9.949179e+01	
17  5258.46	2.247540e+00	1.177342e-01	1.042431e+00	7.030537e-02	2.373278e-09	2.086816e-09	6.833313e-12	1.669168e-09	4.257306e-12	9.976941e+01	
8  5257.81	2.244240e+00	1.177994e-01	1.042657e+00	6.875734e-02	2.353129e-09	2.085486e-09	1.629648e-11	9.027821e-10	-1.152079e-12	9.977610e+01	
3  5258.92	2.239511e+00	1.184624e-01	1.042261e+00	6.545370e-02	2.351052e-09	2.072098e-09	1.180422e-11	8.560522e-10	4.317639e-13	9.980967e+01	
7  5257.15	2.240407e+00	1.180188e-01	1.042352e+00	6.800312e-02	2.340412e-09	2.081996e-09	1.601304e-11	8.100468e-10	5.211377e-12	9.979503e+01	
32  5259.1	2.241952e+00	1.170070e-01	1.042359e+00	6.709569e-02	2.308845e-09	2.076028e-09	3.080574e-11	6.008880e-10	-7.746629e-12	9.931821e+01	
5  5256.86	2.240837e+00	1.162124e-01	1.042424e+00	7.012952e-02	2.305414e-09	2.085622e-09	1.626228e-11	1.574018e-09	2.761845e-12	9.916570e+01	
10  5254.83	2.240837e+00	1.162124e-01	1.042424e+00	7.012952e-02	2.305414e-09	2.085622e-09	1.626228e-11	1.574018e-09	2.761845e-12	9.932307e+01	
30  5250.78	2.240837e+00	1.162124e-01	1.042424e+00	7.012952e-02	2.305414e-09	2.085622e-09	1.626228e-11	1.574018e-09	2.761845e-12	9.992250e+01	
34  5250.78	2.240837e+00	1.162124e-01	1.042424e+00	7.012952e-02	2.305414e-09	2.085622e-09	1.626228e-11	1.574018e-09	2.761845e-12	9.992097e+01	
6  5251.51	2.243399e+00	1.159075e-01	1.042489e+00	7.197472e-02	2.306166e-09	2.092098e-09	1.325730e-11	1.683511e-09	-9.612539e-13	9.985918e+01	
15  5251.4	2.243399e+00	1.159075e-01	1.042489e+00	7.197472e-02	2.306166e-09	2.092098e-09	1.325730e-11	1.683511e-09	-9.612539e-13	9.990337e+01	
5  5250.08	2.241326e+00	1.160197e-01	1.042601e+00	6.932263e-02	2.283719e-09	2.080954e-09	1.887732e-11	1.677382e-09	8.050539e-12	9.986284e+01	
10  5250.19	2.241326e+00	1.160197e-01	1.042601e+00	6.932263e-02	2.283719e-09	2.080954e-09	1.887732e-11	1.677382e-09	8.050539e-12	1.002516e+02	
5  5249.83	2.241326e+00	1.160197e-01	1.042601e+00	6.932263e-02	2.283719e-09	2.080954e-09	1.887732e-11	1.677382e-09	8.050539e-12	1.000656e+02	
5  5250.04	2.245791e+00	1.156469e-01	1.042613e+00	7.106819e-02	2.297071e-09	2.088344e-09	2.471074e-11	1.418356e-09	4.703471e-12	1.000474e+02	
4  5251.16	2.245791e+00	1.156469e-01	1.042613e+00	7.106819e-02	2.297071e-09	2.088344e-09	2.471074e-11	1.418356e-09	4.703471e-12	1.004145e+02	
6  5252.47	2.244251e+00	1.157488e-01	1.042725e+00	6.721495e-02	2.271174e-09	2.072860e-09	2.114755e-11	1.550747e-09	9.888174e-12	1.002563e+02	
7  5252.59	2.244251e+00	1.157488e-01	1.042725e+00	6.721495e-02	2.271174e-09	2.072860e-09	2.114755e-11	1.550747e-09	9.888174e-12	1.002874e+02	
6  5251.81	2.245268e+00	1.159284e-01	1.042598e+00	6.706996e-02	2.277286e-09	2.070907e-09	2.300710e-11	1.974778e-09	8.116946e-12	1.002854e+02	
27  5253.18	2.243860e+00	1.157690e-01	1.042676e+00	6.842122e-02	2.287502e-09	2.076777e-09	1.888968e-11	2.137977e-09	2.237713e-12	1.002888e+02	
9  5253.1	2.243860e+00	1.157690e-01	1.042676e+00	6.842122e-02	2.287502e-09	2.076777e-09	1.888968e-11	2.137977e-09	2.237713e-12	9.980935e+01	
1  5250.51	2.242922e+00	1.166561e-01	1.042365e+00	6.628253e-02	2.303125e-09	2.068365e-09	1.076800e-11	2.254564e-09	-6.382232e-14	9.995286e+01	
20  5250.64	2.242922e+00	1.166561e-01	1.042365e+00	6.628253e-02	2.303125e-09	2.068365e-09	1.076800e-11	2.254564e-09	-6.382232e-14	9.988720e+01	
30  5251.83	2.242922e+00	1.166561e-01	1.042365e+00	6.628253e-02	2.303125e-09	2.068365e-09	1.076800e-11	2.254564e-09	-6.382232e-14	1.004523e+02	
10  5251.14	2.242922e+00	1.166561e-01	1.042365e+00	6.628253e-02	2.303125e-09	2.068365e-09	1.076800e-11	2.254564e-09	-6.382232e-14	1.003314e+02	
10  5251.64	2.242922e+00	1.166561e-01	1.042365e+00	6.628253e-02	2.303125e-09	2.068365e-09	1.076800e-11	2.254564e-09	-6.382232e-14	1.004227e+02	
10  5250.46	2.242922e+00	1.166561e-01	1.042365e+00	6.628253e-02	2.303125e-09	2.068365e-09	1.076800e-11	2.254564e-09	-6.382232e-14	1.000056e+02	
30  5251.47	2.242922e+00	1.166561e-01	1.042365e+00	6.628253e-02	2.303125e-09	2.068365e-09	1.076800e-11	2.254564e-09	-6.382232e-14	1.003942e+02	
29  5250.45	2.242922e+00	1.166561e-01	1.042365e+00	6.628253e-02	2.303125e-09	2.068365e-09	1.076800e-11	2.254564e-09	-6.382232e-14	1.000288e+02	
1  5248.74	2.244589e+00	1.164658e-01	1.042515e+00	6.880909e-02	2.304016e-09	2.078511e-09	1.805161e-11	2.017033e-09	2.378933e-13	1.001224e+02	
10  5248.94	2.244589e+00	1.164658e-01	1.042515e+00	6.880909e-02	2.304016e-09	2.078511e-09	1.805161e-11	2.017033e-09	2.378933e-13	1.002188e+02	
30  5248.8	2.244589e+00	1.164658e-01	1.042515e+00	6.880909e-02	2.304016e-09	2.078511e-09	1.805161e-11	2.017033e-09	2.378933e-13	1.001584e+02	
20  5248.69	2.244589e+00	1.164658e-01	1.042515e+00	6.880909e-02	2.304016e-09	2.078511e-09	1.805161e-11	2.017033e-09	2.378933e-13	1.000224e+02	
20  5248.7	2.244589e+00	1.164658e-01	1.042515e+00	6.880909e-02	2.304016e-09	2.078511e-09	1.805161e-11	2.017033e-09	2.378933e-13	1.000035e+02	
20  5250.37	2.244589e+00	1.164658e-01	1.042515e+00	6.880909e-02	2.304016e-09	2.078511e-09	1.805161e-11	2.017033e-09	2.378933e-13	9.958410e+01	
20  5249.98	2.244589e+00	1.164658e-01	1.042515e+00	6.880909e-02	2.304016e-09	2.078511e-09	1.805161e-11	2.017033e-09	2.378933e-13	9.964109e+01	
10  5249.65	2.244589e+00	1.164658e-01	1.042515e+00	6.880909e-02	2.304016e-09	2.078511e-09	1.805161e-11	2.017033e-09	2.378933e-13	9.969570e+01	
10  5248.69	2.244589e+00	1.164658e-01	1.042515e+00	6.880909e-02	2.304016e-09	2.078511e-09	1.805161e-11	2.017033e-09	2.378933e-13	1.000450e+02	
9  5249.88	2.244589e+00	1.164658e-01	1.042515e+00	6.880909e-02	2.304016e-09	2.078511e-09	1.805161e-11	2.017033e-09	2.378933e-13	9.965602e+01	
1  5251.32	2.247767e+00	1.166159e-01	1.042535e+00	7.224114e-02	2.324388e-09	2.092224e-09	1.952769e-11	2.285743e-09	2.324274e-12	9.987432e+01	
23  5251.21	2.247767e+00	1.166159e-01	1.042535e+00	7.224114e-02	2.324388e-09	2.092224e-09	1.952769e-11	2.285743e-09	2.324274e-12	1.001660e+02	
4  5250.6	2.250650e+00	1.171384e-01	1.042441e+00	6.760421e-02	2.323941e-09	2.074760e-09	2.502691e-11	1.697236e-09	-3.824159e-12	1.001222e+02	
31  5251.22	2.246763e+00	1.168455e-01	1.042493e+00	7.358125e-02	2.339303e-09	2.098991e-09	2.096531e-11	1.765458e-09	-5.769166e-12	1.003279e+02	
10  5255.09	2.247698e+00	1.166893e-01	1.042320e+00	7.974593e-02	2.389357e-09	2.124726e-09	3.013086e-11	1.342816e-09	-1.487841e-11	1.006413e+02	
2  5253.6	2.247542e+00	1.164914e-01	1.042198e+00	7.613287e-02	2.368429e-09	2.106478e-09	2.129364e-11	2.050371e-09	-6.168682e-12	1.003339e+02	
31  5253.48	2.247542e+00	1.164914e-01	1.042198e+00	7.613287e-02	2.368429e-09	2.106478e-09	2.129364e-11	2.050371e-09	-6.168682e-12	9.979022e+01	
9  5253.37	2.245328e+00	1.169096e-01	1.042237e+00	7.657005e-02	2.355682e-09	2.109519e-09	3.003836e-11	2.096175e-09	-1.068810e-11	9.990267e+01	
10  5253.25	2.245328e+00	1.169096e-01	1.042237e+00	7.657005e-02	2.355682e-09	2.109519e-09	3.003836e-11	2.096175e-09	-1.068810e-11	9.997797e+01	
10  5253.34	2.245328e+00	1.169096e-01	1.042237e+00	7.657005e-02	2.355682e-09	2.109519e-09	3.003836e-11	2.096175e-09	-1.068810e-11	1.001714e+02	
21  5253.21	2.245328e+00	1.169096e-01	1.042237e+00	7.657005e-02	2.355682e-09	2.109519e-09	3.003836e-11	2.096175e-09	-1.068810e-11	1.000671e+02	
10  5253.65	2.250440e+00	1.166552e-01	1.042434e+00	7.849801e-02	2.369238e-09	2.118567e-09	1.496946e-11	2.025080e-09	-9.057347e-13	1.001392e+02	
1  5254.96	2.249922e+00	1.160619e-01	1.042484e+00	8.291207e-02	2.378973e-09	2.136189e-09	3.573541e-11	1.536102e-09	-1.454351e-11	1.001768e+02	
13  5254.17	2.251639e+00	1.156355e-01	1.042563e+00	7.786641e-02	2.331135e-09	2.110067e-09	1.569533e-11	2.476603e-09	7.377110e-12	9.971820e+01	
1  5253.83	2.252635e+00	1.153570e-01	1.042426e+00	8.183921e-02	2.348878e-09	2.126759e-09	3.186438e-11	2.076424e-09	-3.651271e-12	9.981580e+01	
4  5253.91	2.249395e+00	1.155986e-01	1.042621e+00	8.197395e-02	2.342171e-09	2.129226e-09	2.362571e-11	2.188884e-09	9.293383e-12	9.998121e+01	
20  5255.02	2.249395e+00	1.155986e-01	1.042621e+00	8.197395e-02	2.342171e-09	2.129226e-09	2.362571e-11	2.188884e-09	9.293383e-12	1.004246e+02	
2  5256.06	2.249395e+00	1.155986e-01	1.042621e+00	8.197395e-02	2.342171e-09	2.129226e-09	2.362571e-11	2.188884e-09	9.293383e-12	1.005671e+02	
8  5257.82	2.253354e+00	1.154780e-01	1.042616e+00	8.072338e-02	2.354500e-09	2.124263e-09	1.285537e-11	1.749476e-09	-3.212228e-12	1.004258e+02	
7  5257.6	2.253354e+00	1.154780e-01	1.042616e+00	8.072338e-02	2.354500e-09	2.124263e-09	1.285537e-11	1.749476e-09	-3.212228e-12	1.003897e+02	
3  5256.23	2.253609e+00	1.151725e-01	1.042766e+00	7.864604e-02	2.326490e-09	2.113760e-09	1.738072e-11	1.933324e-09	4.068405e-12	1.001912e+02	
9  5256.3	2.253609e+00	1.151725e-01	1.042766e+00	7.864604e-02	2.326490e-09	2.113760e-09	1.738072e-11	1.933324e-09	4.068405e-12	1.002179e+02	
1  5255.35	2.254173e+00	1.144680e-01	1.042711e+00	8.708444e-02	2.355153e-09	2.148249e-09	2.268267e-11	1.949692e-09	6.214439e-12	1.004401e+02	
2  5254.89	2.254173e+00	1.144680e-01	1.042711e+00	8.708444e-02	2.355153e-09	2.148249e-09	2.268267e-11	1.949692e-09	6.214439e-12	9.973475e+01	
8  5254.4	2.249906e+00	1.150516e-01	1.042781e+00	8.992146e-02	2.382247e-09	2.164123e-09	2.364769e-11	1.576507e-09	6.477851e-12	1.001812e+02	
16  5254.27	2.249906e+00	1.150516e-01	1.042781e+00	8.992146e-02	2.382247e-09	2.164123e-09	2.364769e-11	1.576507e-09	6.477851e-12	1.000407e+02	
16  5254.14	2.249001e+00	1.154391e-01	1.042440e+00	8.812910e-02	2.386517e-09	2.156482e-09	2.899150e-11	1.449216e-09	6.608288e-12	1.000714e+02	
8  5252.5	2.246723e+00	1.149912e-01	1.042642e+00	8.832667e-02	2.364008e-09	2.158007e-09	3.081275e-11	9.622193e-10	1.765604e-11	1.000348e+02	
5  5252.66	2.246723e+00	1.149912e-01	1.042642e+00	8.832667e-02	2.364008e-09	2.158007e-09	3.081275e-11	9.622193e-10	1.765604e-11	1.001990e+02	
3  5256.64	2.243771e+00	1.145983e-01	1.042481e+00	8.408693e-02	2.328633e-09	2.138741e-09	3.393651e-11	8.295494e-10	1.942157e-11	9.982704e+01	
12  5252.99	2.245309e+00	1.152308e-01	1.042406e+00	8.997910e-02	2.381636e-09	2.164104e-09	4.737564e-11	1.050695e-09	-4.476859e-13	1.002789e+02	
9  5253.18	2.245309e+00	1.152308e-01	1.042406e+00	8.997910e-02	2.381636e-09	2.164104e-09	4.737564e-11	1.050695e-09	-4.476859e-13	1.003266e+02	
1  5255.6	2.245646e+00	1.151478e-01	1.042513e+00	9.107555e-02	2.389535e-09	2.168656e-09	4.627664e-11	1.339853e-09	6.374120e-12	1.004018e+02	
2  5254.65	2.245646e+00	1.151478e-01	1.042513e+00	9.107555e-02	2.389535e-09	2.168656e-09	4.627664e-11	1.339853e-09	6.374120e-12	1.000232e+02	
8  5252.55	2.246497e+00	1.153470e-01	1.042652e+00	8.435790e-02	2.358950e-09	2.142576e-09	4.620897e-11	1.395843e-09	5.626289e-12	9.973206e+01	
30  5251.71	2.246497e+00	1.153470e-01	1.042652e+00	8.435790e-02	2.358950e-09	2.142576e-09	4.620897e-11	1.395843e-09	5.626289e-12	1.000727e+02	
21  5253.24	2.246497e+00	1.153470e-01	1.042652e+00	8.435790e-02	2.358950e-09	2.142576e-09	4.620897e-11	1.395843e-09	5.626289e-12	9.961939e+01	
1  5253.42	2.240479e+00	1.162147e-01	1.042623e+00	8.184405e-02	2.353050e-09	2.133455e-09	4.961973e-11	1.171835e-09	8.592991e-12	9.984118e+01	
8  5253.7	2.244036e+00	1.159310e-01	1.042625e+00	7.553867e-02	2.306643e-09	2.105481e-09	3.934439e-11	1.285417e-09	7.879638e-12	9.930316e+01	
20  5249.74	2.244036e+00	1.159310e-01	1.042625e+00	7.553867e-02	2.306643e-09	2.105481e-09	3.934439e-11	1.285417e-09	7.879638e-12	9.979503e+01	
5  5249.24	2.244036e+00	1.159310e-01	1.042625e+00	7.553867e-02	2.306643e-09	2.105481e-09	3.934439e-11	1.285417e-09	7.879638e-12	1.000103e+02	
5  5250.51	2.246963e+00	1.153938e-01	1.042565e+00	7.838766e-02	2.312787e-09	2.114656e-09	3.798685e-11	1.499924e-09	9.304582e-12	9.993875e+01	
7  5250.62	2.246963e+00	1.153938e-01	1.042565e+00	7.838766e-02	2.312787e-09	2.114656e-09	3.798685e-11	1.499924e-09	9.304582e-12	1.002084e+02	
3  5250.68	2.243896e+00	1.160607e-01	1.042516e+00	7.760352e-02	2.329997e-09	2.113758e-09	4.504759e-11	1.254509e-09	3.317236e-12	1.004419e+02	
10  5250.88	2.243896e+00	1.160607e-01	1.042516e+00	7.760352e-02	2.329997e-09	2.113758e-09	4.504759e-11	1.254509e-09	3.317236e-12	1.004725e+02	
10  5249.57	2.243896e+00	1.160607e-01	1.042516e+00	7.760352e-02	2.329997e-09	2.113758e-09	4.504759e-11	1.254509e-09	3.317236e-12	9.992086e+01	
20  5249.55	2.243896e+00	1.160607e-01	1.042516e+00	7.760352e-02	2.329997e-09	2.113758e-09	4.504759e-11	1.254509e-09	3.317236e-12	9.993327e+01	
20  5249.44	2.243896e+00	1.160607e-01	1.042516e+00	7.760352e-02	2.329997e-09	2.113758e-09	4.504759e-11	1.254509e-09	3.317236e-12	1.000281e+02	
8  5251.22	2.243896e+00	1.160607e-01	1.042516e+00	7.760352e-02	2.329997e-09	2.113758e-09	4.504759e-11	1.254509e-09	3.317236e-12	1.005193e+02	
1  5251.56	2.245626e+00	1.150761e-01	1.042692e+00	7.842386e-02	2.299787e-09	2.115896e-09	4.676421e-11	1.199959e-09	7.531556e-12	1.002147e+02	
1  5251.68	2.244783e+00	1.149990e-01	1.042686e+00	7.574074e-02	2.291698e-09	2.104939e-09	4.152415e-11	1.132229e-09	1.133236e-11	1.000835e+02	
17  5251.76	2.244783e+00	1.149990e-01	1.042686e+00	7.574074e-02	2.291698e-09	2.104939e-09	4.152415e-11	1.132229e-09	1.133236e-11	1.001526e+02	
3  5251.48	2.243579e+00	1.158034e-01	1.042475e+00	7.145006e-02	2.313360e-09	2.090025e-09	3.678525e-11	9.092015e-10	1.353922e-12	1.002125e+02	
30  5251.44	2.243579e+00	1.158034e-01	1.042475e+00	7.145006e-02	2.313360e-09	2.090025e-09	3.678525e-11	9.092015e-10	1.353922e-12	1.001987e+02	
10  5251.28	2.243579e+00	1.158034e-01	1.042475e+00	7.145006e-02	2.313360e-09	2.090025e-09	3.678525e-11	9.092015e-10	1.353922e-12	1.000007e+02	
10  5251.43	2.243579e+00	1.158034e-01	1.042475e+00	7.145006e-02	2.313360e-09	2.090025e-09	3.678525e-11	9.092015e-10	1.353922e-12	9.990157e+01	
8  5251.7	2.243579e+00	1.158034e-01	1.042475e+00	7.145006e-02	2.313360e-09	2.090025e-09	3.678525e-11	9.092015e-10	1.353922e-12	1.002803e+02	
5  5251.52	2.245323e+00	1.164014e-01	1.042433e+00	6.622074e-02	2.282223e-09	2.067556e-09	4.115552e-11	1.152681e-09	5.824468e-12	1.001531e+02	
17  5252.03	2.247381e+00	1.158771e-01	1.042390e+00	7.437445e-02	2.323357e-09	2.102245e-09	3.451970e-11	9.181641e-10	-3.144452e-12	1.003746e+02	
7  5251.24	2.247381e+00	1.158771e-01	1.042390e+00	7.437445e-02	2.323357e-09	2.102245e-09	3.451970e-11	9.181641e-10	-3.144452e-12	1.001495e+02	
1  5251.6	2.248540e+00	1.161934e-01	1.042438e+00	7.120986e-02	2.315451e-09	2.088208e-09	2.813401e-11	9.271655e-10	2.653144e-13	1.000993e+02	
22  5250.55	2.245533e+00	1.172299e-01	1.042421e+00	6.659750e-02	2.317025e-09	2.071037e-09	3.516738e-11	1.025105e-09	-1.883462e-12	1.002445e+02	
10  5250.24	2.245533e+00	1.172299e-01	1.042421e+00	6.659750e-02	2.317025e-09	2.071037e-09	3.516738e-11	1.025105e-09	-1.883462e-12	1.000311e+02	
10  5250.26	2.245533e+00	1.172299e-01	1.042421e+00	6.659750e-02	2.317025e-09	2.071037e-09	3.516738e-11	1.025105e-09	-1.883462e-12	1.000979e+02	
59  5250.48	2.245533e+00	1.172299e-01	1.042421e+00	6.659750e-02	2.317025e-09	2.071037e-09	3.516738e-11	1.025105e-09	-1.883462e-12	1.002202e+02	
1  5253.59	2.242876e+00	1.177541e-01	1.042171e+00	6.773472e-02	2.335280e-09	2.077592e-09	3.565168e-11	8.943484e-10	-7.936664e-12	1.004313e+02	
7  5252.45	2.242876e+00	1.177541e-01	1.042171e+00	6.773472e-02	2.335280e-09	2.077592e-09	3.565168e-11	8.943484e-10	-7.936664e-12	1.001283e+02	
3  5252.16	2.243186e+00	1.176095e-01	1.042456e+00	6.490521e-02	2.303113e-09	2.067330e-09	2.977529e-11	1.377881e-09	6.682000e-12	9.995938e+01	
10  5252.19	2.243186e+00	1.176095e-01	1.042456e+00	6.490521e-02	2.303113e-09	2.067330e-09	2.977529e-11	1.377881e-09	6.682000e-12	1.001544e+02	
16  5252.16	2.243186e+00	1.176095e-01	1.042456e+00	6.490521e-02	2.303113e-09	2.067330e-09	2.977529e-11	1.377881e-09	6.682000e-12	1.001372e+02	
7  5250.56	2.244456e+00	1.174968e-01	1.042376e+00	6.583094e-02	2.324911e-09	2.071325e-09	4.078920e-11	1.197882e-09	-1.343821e-11	1.001005e+02	
14  5249.15	2.241911e+00	1.172650e-01	1.042334e+00	6.601690e-02	2.307823e-09	2.069329e-09	2.459343e-11	1.385523e-09	-2.134929e-12	1.000148e+02	
3  5249.42	2.240701e+00	1.169672e-01	1.042469e+00	6.832946e-02	2.309511e-09	2.079307e-09	3.320381e-11	1.270320e-09	-3.903886e-12	1.000700e+02	
3  5249.43	2.240701e+00	1.169672e-01	1.042469e+00	6.832946e-02	2.309511e-09	2.079307e-09	3.320381e-11	1.270320e-09	-3.903886e-12	1.000037e+02	
2  5252.45	2.238452e+00	1.170261e-01	1.042321e+00	7.358789e-02	2.342343e-09	2.100499e-09	3.114771e-11	1.327866e-09	-7.859816e-12	1.002885e+02	
7  5252.17	2.244802e+00	1.165449e-01	1.042507e+00	7.462358e-02	2.322101e-09	2.104742e-09	4.880702e-11	1.405469e-09	-4.946099e-12	1.001584e+02	
7  5251.96	2.236523e+00	1.165411e-01	1.042433e+00	6.972288e-02	2.292213e-09	2.084695e-09	5.270125e-11	1.040950e-09	-3.858794e-15	9.998531e+01	
1  5252.7	2.241466e+00	1.164857e-01	1.042361e+00	7.424469e-02	2.319964e-09	2.103268e-09	4.363464e-11	9.244053e-10	8.406707e-12	1.002270e+02	
5  5252.6	2.241466e+00	1.164857e-01	1.042361e+00	7.424469e-02	2.319964e-09	2.103268e-09	4.363464e-11	9.244053e-10	8.406707e-12	1.001892e+02	
3  5252.01	2.240320e+00	1.157468e-01	1.042554e+00	7.554808e-02	2.288230e-09	2.107250e-09	4.147067e-11	1.191640e-09	1.030319e-11	9.994767e+01	
2  5255.54	2.236337e+00	1.147561e-01	1.042632e+00	8.002499e-02	2.299279e-09	2.123766e-09	3.200613e-11	9.452619e-10	1.701762e-11	9.994304e+01	
6  5255.67	2.236337e+00	1.147561e-01	1.042632e+00	8.002499e-02	2.299279e-09	2.123766e-09	3.200613e-11	9.452619e-10	1.701762e-11	1.002066e+02	
14  5255.55	2.246765e+00	1.143050e-01	1.042739e+00	8.845704e-02	2.327170e-09	2.158846e-09	4.203580e-11	1.253800e-09	9.684706e-12	1.003877e+02	
6  5254.65	2.246765e+00	1.143050e-01	1.042739e+00	8.845704e-02	2.327170e-09	2.158846e-09	4.203580e-11	1.253800e-09	9.684706e-12	1.001100e+02	
34  5253.17	2.244391e+00	1.143948e-01	1.042705e+00	9.253836e-02	2.349484e-09	2.175625e-09	3.355719e-11	1.236730e-09	1.022363e-11	1.003643e+02	
2  5252.56	2.244391e+00	1.143948e-01	1.042705e+00	9.253836e-02	2.349484e-09	2.175625e-09	3.355719e-11	1.236730e-09	1.022363e-11	9.989023e+01	
19  5252.2	2.242053e+00	1.144519e-01	1.042805e+00	8.964295e-02	2.334406e-09	2.162795e-09	3.115422e-11	1.252706e-09	1.083909e-11	9.977565e+01	
2  5254.29	2.238048e+00	1.152024e-01	1.042797e+00	8.086818e-02	2.305991e-09	2.127814e-09	3.951123e-11	1.106439e-09	1.317057e-11	9.963631e+01	
7  5254.56	2.234502e+00	1.153855e-01	1.042630e+00	8.604624e-02	2.335702e-09	2.152237e-09	4.107059e-11	7.410663e-10	1.613751e-11	1.000372e+02	
10  5254.96	2.234502e+00	1.153855e-01	1.042630e+00	8.604624e-02	2.335702e-09	2.152237e-09	4.107059e-11	7.410663e-10	1.613751e-11	9.982631e+01	
10  5255.43	2.234502e+00	1.153855e-01	1.042630e+00	8.604624e-02	2.335702e-09	2.152237e-09	4.107059e-11	7.410663e-10	1.613751e-11	1.003803e+02	
1  5254.65	2.234502e+00	1.153855e-01	1.042630e+00	8.604624e-02	2.335702e-09	2.152237e-09	4.107059e-11	7.410663e-10	1.613751e-11	9.994427e+01	
7  5254.23	2.237399e+00	1.153155e-01	1.042520e+00	8.175462e-02	2.309249e-09	2.131457e-09	4.386316e-11	9.494575e-10	4.409212e-12	9.954958e+01	
26  5252.83	2.241940e+00	1.167262e-01	1.042321e+00	7.604269e-02	2.328450e-09	2.110206e-09	5.224221e-11	8.604781e-10	-8.017886e-12	9.968898e+01	
6  5254.09	2.243635e+00	1.154352e-01	1.042319e+00	8.162285e-02	2.337650e-09	2.130556e-09	5.618766e-11	8.891105e-10	-2.870011e-12	9.957729e+01	
24  5252.74	2.243635e+00	1.154352e-01	1.042319e+00	8.162285e-02	2.337650e-09	2.130556e-09	5.618766e-11	8.891105e-10	-2.870011e-12	9.981076e+01	
54  5252.02	2.240727e+00	1.151259e-01	1.042647e+00	8.019066e-02	2.298696e-09	2.123801e-09	4.968432e-11	1.014312e-09	1.125015e-11	9.967751e+01	
12  5253.44	2.239037e+00	1.165322e-01	1.042408e+00	7.523414e-02	2.334237e-09	2.106411e-09	5.201283e-11	6.790182e-10	-1.433110e-12	9.993891e+01	
8  5254.96	2.239037e+00	1.165322e-01	1.042408e+00	7.523414e-02	2.334237e-09	2.106411e-09	5.201283e-11	6.790182e-10	-1.433110e-12	9.960314e+01	
17  5253.17	2.243266e+00	1.161583e-01	1.042452e+00	8.738120e-02	2.385779e-09	2.156411e-09	4.015387e-11	8.446221e-10	4.445251e-13	1.000803e+02	
15  5254.2	2.247067e+00	1.156581e-01	1.042434e+00	8.964073e-02	2.377228e-09	2.164191e-09	5.198152e-11	8.353651e-10	-3.894099e-12	9.996273e+01	
15  5254.49	2.247067e+00	1.156581e-01	1.042434e+00	8.964073e-02	2.377228e-09	2.164191e-09	5.198152e-11	8.353651e-10	-3.894099e-12	1.002632e+02	
9  5254.67	2.242193e+00	1.143452e-01	1.042546e+00	9.607709e-02	2.367237e-09	2.189307e-09	5.352251e-11	7.722352e-10	8.034750e-12	1.002288e+02	
26  5254.23	2.240604e+00	1.140601e-01	1.042586e+00	9.411263e-02	2.342522e-09	2.180253e-09	5.089131e-11	9.371260e-10	1.540474e-11	1.000340e+02	
24  5254.63	2.240604e+00	1.140601e-01	1.042586e+00	9.411263e-02	2.342522e-09	2.180253e-09	5.089131e-11	9.371260e-10	1.540474e-11	1.002739e+02	
6  5254.79	2.243873e+00	1.139690e-01	1.042575e+00	9.509077e-02	2.350017e-09	2.183806e-09	5.197250e-11	9.150765e-10	5.148050e-13	1.001962e+02	
19  5256.58	2.243873e+00	1.139690e-01	1.042575e+00	9.509077e-02	2.350017e-09	2.183806e-09	5.197250e-11	9.150765e-10	5.148050e-13	1.005416e+02	
11  5255.21	2.245560e+00	1.142335e-01	1.042556e+00	8.945039e-02	2.339251e-09	2.159912e-09	5.736639e-11	1.018253e-09	-6.760168e-12	1.003081e+02	
5  5254.73	2.245560e+00	1.142335e-01	1.042556e+00	8.945039e-02	2.339251e-09	2.159912e-09	5.736639e-11	1.018253e-09	-6.760168e-12	9.995933e+01	
35  5251.96	2.241652e+00	1.141561e-01	1.042669e+00	9.173907e-02	2.342572e-09	2.171240e-09	5.085875e-11	8.667372e-10	1.138031e-11	1.001932e+02	
20  5251.83	2.241652e+00	1.141561e-01	1.042669e+00	9.173907e-02	2.342572e-09	2.171240e-09	5.085875e-11	8.667372e-10	1.138031e-11	1.001135e+02	
10  5252.39	2.241652e+00	1.141561e-01	1.042669e+00	9.173907e-02	2.342572e-09	2.171240e-09	5.085875e-11	8.667372e-10	1.138031e-11	1.003221e+02	
6  5251.8	2.241652e+00	1.141561e-01	1.042669e+00	9.173907e-02	2.342572e-09	2.171240e-09	5.085875e-11	8.667372e-10	1.138031e-11	1.000783e+02	
4  5252.72	2.244400e+00	1.140203e-01	1.042688e+00	9.150810e-02	2.327002e-09	2.169221e-09	4.302515e-11	1.282100e-09	1.090627e-11	9.991178e+01	
2  5253.65	2.244400e+00	1.140203e-01	1.042688e+00	9.150810e-02	2.327002e-09	2.169221e-09	4.302515e-11	1.282100e-09	1.090627e-11	9.968182e+01	
3  5254.01	2.244516e+00	1.145578e-01	1.042658e+00	9.230665e-02	2.361236e-09	2.173278e-09	3.120470e-11	9.844753e-10	1.779803e-12	9.991528e+01	
5  5254.42	2.242249e+00	1.152952e-01	1.042560e+00	8.930777e-02	2.369145e-09	2.160341e-09	3.174699e-11	1.350776e-09	7.482559e-12	1.000480e+02	
4  5254.44	2.242249e+00	1.152952e-01	1.042560e+00	8.930777e-02	2.369145e-09	2.160341e-09	3.174699e-11	1.350776e-09	7.482559e-12	1.000113e+02	
6  5257.03	2.249361e+00	1.166627e-01	1.042280e+00	8.445501e-02	2.390358e-09	2.140507e-09	3.889395e-11	1.445438e-09	-5.359219e-12	1.001254e+02	
29  5257.29	2.249361e+00	1.166627e-01	1.042280e+00	8.445501e-02	2.390358e-09	2.140507e-09	3.889395e-11	1.445438e-09	-5.359219e-12	9.985920e+01	
12  5257.62	2.250807e+00	1.161042e-01	1.042346e+00	8.591875e-02	2.385358e-09	2.145919e-09	1.909708e-11	1.702400e-09	1.232546e-12	9.971390e+01	
17  5255.71	2.250583e+00	1.157822e-01	1.042389e+00	8.451312e-02	2.373498e-09	2.141764e-09	2.416009e-11	1.413949e-09	-9.344968e-12	9.950488e+01	
12  5253.79	2.246545e+00	1.163919e-01	1.042408e+00	8.084817e-02	2.365691e-09	2.129324e-09	2.048097e-11	1.034669e-09	-3.248637e-12	9.960986e+01	
1  5252.29	2.246545e+00	1.163919e-01	1.042408e+00	8.084817e-02	2.365691e-09	2.129324e-09	2.048097e-11	1.034669e-09	-3.248637e-12	1.001156e+02	
19  5252.48	2.249076e+00	1.164740e-01	1.042356e+00	7.937148e-02	2.365849e-09	2.121509e-09	1.702832e-11	1.388429e-09	-6.137599e-12	1.000022e+02	
3  5252.53	2.249076e+00	1.164740e-01	1.042356e+00	7.937148e-02	2.365849e-09	2.121509e-09	1.702832e-11	1.388429e-09	-6.137599e-12	1.001374e+02	
7  5254.44	2.244065e+00	1.159327e-01	1.042320e+00	8.071785e-02	2.351533e-09	2.124771e-09	2.710951e-11	1.361836e-09	-1.053425e-11	1.000098e+02	
10  5254.45	2.244065e+00	1.159327e-01	1.042320e+00	8.071785e-02	2.351533e-09	2.124771e-09	2.710951e-11	1.361836e-09	-1.053425e-11	1.000072e+02	
12  5255.55	2.244065e+00	1.159327e-01	1.042320e+00	8.071785e-02	2.351533e-09	2.124771e-09	2.710951e-11	1.361836e-09	-1.053425e-11	1.004146e+02	
5  5255.46	2.251470e+00	1.152305e-01	1.042547e+00	7.771723e-02	2.313841e-09	2.111344e-09	1.532069e-11	1.721688e-09	1.008908e-11	1.000281e+02	
21  5255.58	2.251556e+00	1.153522e-01	1.042634e+00	7.750703e-02	2.309057e-09	2.110142e-09	3.643526e-11	2.042779e-09	-5.425542e-15	1.000129e+02	
16  5254.09	2.246199e+00	1.156025e-01	1.042763e+00	7.838662e-02	2.319561e-09	2.115969e-09	2.810731e-11	1.901455e-09	1.009263e-12	1.002145e+02	
6  5252.95	2.238797e+00	1.156116e-01	1.042603e+00	8.038921e-02	2.305920e-09	2.124064e-09	3.770010e-11	1.811525e-09	6.657975e-12	1.003423e+02	
15  5252.98	2.238797e+00	1.156116e-01	1.042603e+00	8.038921e-02	2.305920e-09	2.124064e-09	3.770010e-11	1.811525e-09	6.657975e-12	1.003499e+02	
4  5254.18	2.240554e+00	1.147756e-01	1.042718e+00	8.839555e-02	2.324418e-09	2.157675e-09	3.087072e-11	1.817658e-09	6.729175e-12	1.004665e+02	
1  5256.69	2.238891e+00	1.145722e-01	1.042926e+00	8.210037e-02	2.280107e-09	2.131803e-09	2.927853e-11	2.050822e-09	1.283620e-11	1.000828e+02	
20  5259.05	2.238891e+00	1.145722e-01	1.042926e+00	8.210037e-02	2.280107e-09	2.131803e-09	2.927853e-11	2.050822e-09	1.283620e-11	1.005812e+02	
10  5258.65	2.238891e+00	1.145722e-01	1.042926e+00	8.210037e-02	2.280107e-09	2.131803e-09	2.927853e-11	2.050822e-09	1.283620e-11	1.005336e+02	
10  5256.85	2.238891e+00	1.145722e-01	1.042926e+00	8.210037e-02	2.280107e-09	2.131803e-09	2.927853e-11	2.050822e-09	1.283620e-11	9.989129e+01	
5  5257.63	2.238891e+00	1.145722e-01	1.042926e+00	8.210037e-02	2.280107e-09	2.131803e-09	2.927853e-11	2.050822e-09	1.283620e-11	9.969377e+01	
7  5255.14	2.236675e+00	1.151422e-01	1.042773e+00	8.176231e-02	2.306481e-09	2.131370e-09	1.052098e-11	2.027653e-09	8.469827e-12	9.985804e+01	
8  5252.53	2.237529e+00	1.154416e-01	1.042764e+00	8.045867e-02	2.315447e-09	2.126386e-09	1.584384e-11	1.820103e-09	8.191016e-12	9.994165e+01	
3  5252.48	2.237529e+00	1.154416e-01	1.042764e+00	8.045867e-02	2.315447e-09	2.126386e-09	1.584384e-11	1.820103e-09	8.191016e-12	1.000979e+02	
4  5253.5	2.239658e+00	1.163018e-01	1.042580e+00	8.197752e-02	2.345440e-09	2.135031e-09	2.567449e-11	1.512057e-09	-1.569398e-12	1.004481e+02	
1  5253.02	2.239427e+00	1.154399e-01	1.042428e+00	8.495552e-02	2.339915e-09	2.143685e-09	2.121546e-11	1.795843e-09	-1.039413e-12	1.002383e+02	
2  5255.44	2.241757e+00	1.152173e-01	1.042376e+00	7.625896e-02	2.305261e-09	2.104656e-09	2.257577e-11	1.926130e-09	-3.418737e-12	9.967308e+01	
19  5254.44	2.241757e+00	1.152173e-01	1.042376e+00	7.625896e-02	2.305261e-09	2.104656e-09	2.257577e-11	1.926130e-09	-3.418737e-12	1.001374e+02	
1  5253.68	2.244710e+00	1.148344e-01	1.042440e+00	8.600984e-02	2.337585e-09	2.145102e-09	2.910991e-11	1.916210e-09	-3.197168e-12	1.005134e+02	
10  5252.26	2.244710e+00	1.148344e-01	1.042440e+00	8.600984e-02	2.337585e-09	2.145102e-09	2.910991e-11	1.916210e-09	-3.197168e-12	9.982818e+01	
10  5252.51	2.244710e+00	1.148344e-01	1.042440e+00	8.600984e-02	2.337585e-09	2.145102e-09	2.910991e-11	1.916210e-09	-3.197168e-12	9.976502e+01	
10  5251.89	2.244710e+00	1.148344e-01	1.042440e+00	8.600984e-02	2.337585e-09	2.145102e-09	2.910991e-11	1.916210e-09	-3.197168e-12	1.000736e+02	
20  5252.76	2.244710e+00	1.148344e-01	1.042440e+00	8.600984e-02	2.337585e-09	2.145102e-09	2.910991e-11	1.916210e-09	-3.197168e-12	1.003714e+02	
20  5253.57	2.244710e+00	1.148344e-01	1.042440e+00	8.600984e-02	2.337585e-09	2.145102e-09	2.910991e-11	1.916210e-09	-3.197168e-12	1.004990e+02	
10  5252.61	2.244710e+00	1.148344e-01	1.042440e+00	8.600984e-02	2.337585e-09	2.145102e-09	2.910991e-11	1.916210e-09	-3.197168e-12	1.003407e+02	
20  5252.03	2.244710e+00	1.148344e-01	1.042440e+00	8.600984e-02	2.337585e-09	2.145102e-09	2.910991e-11	1.916210e-09	-3.197168e-12	9.990913e+01	
14  5252.16	2.244710e+00	1.148344e-01	1.042440e+00	8.600984e-02	2.337585e-09	2.145102e-09	2.910991e-11	1.916210e-09	-3.197168e-12	9.985894e+01	
6  5251.79	2.247315e+00	1.145305e-01	1.042608e+00	8.673620e-02	2.332311e-09	2.146933e-09	2.628986e-11	1.869598e-09	2.066076e-12	9.981820e+01	
7  5251.42	2.247315e+00	1.145305e-01	1.042608e+00	8.673620e-02	2.332311e-09	2.146933e-09	2.628986e-11	1.869598e-09	2.066076e-12	9.997568e+01	
3  5252.53	2.246119e+00	1.149457e-01	1.042428e+00	8.861588e-02	2.352641e-09	2.155885e-09	3.100727e-11	1.670224e-09	-3.708956e-12	1.002065e+02	
10  5252.33	2.246119e+00	1.149457e-01	1.042428e+00	8.861588e-02	2.352641e-09	2.155885e-09	3.100727e-11	1.670224e-09	-3.708956e-12	1.000826e+02	
10  5252.32	2.246119e+00	1.149457e-01	1.042428e+00	8.861588e-02	2.352641e-09	2.155885e-09	3.100727e-11	1.670224e-09	-3.708956e-12	1.000274e+02	
32  5252.54	2.246119e+00	1.149457e-01	1.042428e+00	8.861588e-02	2.352641e-09	2.155885e-09	3.100727e-11	1.670224e-09	-3.708956e-12	9.987831e+01	
18  5252.55	2.247182e+00	1.154219e-01	1.042403e+00	8.296797e-02	2.348081e-09	2.134643e-09	2.848382e-11	9.901076e-10	2.475753e-12	9.985791e+01	
7  5252.53	2.247182e+00	1.154219e-01	1.042403e+00	8.296797e-02	2.348081e-09	2.134643e-09	2.848382e-11	9.901076e-10	2.475753e-12	1.002273e+02	
7  5252.25	2.249714e+00	1.152931e-01	1.042524e+00	8.307822e-02	2.336683e-09	2.133919e-09	3.285783e-11	1.335514e-09	9.550115e-12	1.001846e+02	
6  5252.02	2.247557e+00	1.153097e-01	1.042704e+00	8.332123e-02	2.336180e-09	2.137333e-09	3.802383e-11	9.866020e-10	1.686845e-11	1.003268e+02	
40  5251.43	2.247557e+00	1.153097e-01	1.042704e+00	8.332123e-02	2.336180e-09	2.137333e-09	3.802383e-11	9.866020e-10	1.686845e-11	9.999948e+01	
17  5251.47	2.247557e+00	1.153097e-01	1.042704e+00	8.332123e-02	2.336180e-09	2.137333e-09	3.802383e-11	9.866020e-10	1.686845e-11	9.996512e+01	
3  5250.76	2.245983e+00	1.157945e-01	1.042428e+00	8.471630e-02	2.375441e-09	2.143423e-09	4.677541e-11	1.005624e-09	-6.385667e-13	1.001626e+02	
11  5251.51	2.245983e+00	1.157945e-01	1.042428e+00	8.471630e-02	2.375441e-09	2.143423e-09	4.677541e-11	1.005624e-09	-6.385667e-13	1.003782e+02	
10  5253.88	2.246860e+00	1.159009e-01	1.042473e+00	8.709148e-02	2.392291e-09	2.155038e-09	3.964262e-11	1.124823e-09	2.122909e-12	1.005506e+02	
7  5254.14	2.247872e+00	1.159155e-01	1.042509e+00	8.179126e-02	2.371070e-09	2.132340e-09	3.265644e-11	9.627968e-10	-1.257292e-11	1.001861e+02	
22  5252.53	2.251876e+00	1.155240e-01	1.042569e+00	7.998901e-02	2.341800e-09	2.122872e-09	1.966922e-11	1.216091e-09	7.293907e-12	9.996195e+01	
40  5252.75	2.251876e+00	1.155240e-01	1.042569e+00	7.998901e-02	2.341800e-09	2.122872e-09	1.966922e-11	1.216091e-09	7.293907e-12	9.986209e+01	
20  5252.51	2.251876e+00	1.155240e-01	1.042569e+00	7.998901e-02	2.341800e-09	2.122872e-09	1.966922e-11	1.216091e-09	7.293907e-12	9.997930e+01	
20  5252.5	2.251876e+00	1.155240e-01	1.042569e+00	7.998901e-02	2.341800e-09	2.122872e-09	1.966922e-11	1.216091e-09	7.293907e-12	9.999679e+01	
3  5253.84	2.251876e+00	1.155240e-01	1.042569e+00	7.998901e-02	2.341800e-09	2.122872e-09	1.966922e-11	1.216091e-09	7.293907e-12	9.963574e+01	
7  5251.48	2.250700e+00	1.158701e-01	1.042514e+00	8.229229e-02	2.375498e-09	2.133955e-09	2.419812e-11	1.073114e-09	-2.565384e-12	9.989481e+01	
7  5252.32	2.250700e+00	1.158701e-01	1.042514e+00	8.229229e-02	2.375498e-09	2.133955e-09	2.419812e-11	1.073114e-09	-2.565384e-12	9.969156e+01	
5  5253.16	2.249867e+00	1.162053e-01	1.042382e+00	8.047115e-02	2.360084e-09	2.124772e-09	2.394165e-11	1.297955e-09	1.093116e-12	9.965897e+01	
8  5251.72	2.245025e+00	1.163163e-01	1.042509e+00	7.848671e-02	2.346990e-09	2.119088e-09	2.643297e-11	1.101112e-09	1.029837e-11	9.970726e+01	
10  5250.79	2.245025e+00	1.163163e-01	1.042509e+00	7.848671e-02	2.346990e-09	2.119088e-09	2.643297e-11	1.101112e-09	1.029837e-11	1.000080e+02	
4  5250.82	2.245025e+00	1.163163e-01	1.042509e+00	7.848671e-02	2.346990e-09	2.119088e-09	2.643297e-11	1.101112e-09	1.029837e-11	1.001257e+02	
4  5250.04	2.246879e+00	1.157868e-01	1.042682e+00	7.677633e-02	2.317234e-09	2.110382e-09	2.954339e-11	1.483460e-09	8.460790e-12	9.978852e+01	
12  5251.01	2.243909e+00	1.150610e-01	1.042643e+00	8.428046e-02	2.339552e-09	2.141511e-09	1.811186e-11	1.500663e-09	1.074189e-11	9.994108e+01	
10  5250.94	2.243909e+00	1.150610e-01	1.042643e+00	8.428046e-02	2.339552e-09	2.141511e-09	1.811186e-11	1.500663e-09	1.074189e-11	9.999401e+01	
30  5250.92	2.243909e+00	1.150610e-01	1.042643e+00	8.428046e-02	2.339552e-09	2.141511e-09	1.811186e-11	1.500663e-09	1.074189e-11	1.000654e+02	
50  5251.69	2.243909e+00	1.150610e-01	1.042643e+00	8.428046e-02	2.339552e-09	2.141511e-09	1.811186e-11	1.500663e-09	1.074189e-11	9.973772e+01	
5  5250.98	2.243909e+00	1.150610e-01	1.042643e+00	8.428046e-02	2.339552e-09	2.141511e-09	1.811186e-11	1.500663e-09	1.074189e-11	1.001302e+02	
5  5251.35	2.244581e+00	1.163599e-01	1.042571e+00	7.571615e-02	2.319347e-09	2.105880e-09	4.698222e-11	1.462526e-09	-8.176498e-13	1.000927e+02	
14  5251.53	2.244581e+00	1.163599e-01	1.042571e+00	7.571615e-02	2.319347e-09	2.105880e-09	4.698222e-11	1.462526e-09	-8.176498e-13	1.002022e+02	
8  5252.62	2.241267e+00	1.162613e-01	1.042764e+00	7.438500e-02	2.297030e-09	2.103995e-09	4.715557e-11	9.492408e-10	1.306622e-11	1.002341e+02	
5  5250.76	2.245660e+00	1.162775e-01	1.042386e+00	7.546795e-02	2.320400e-09	2.105738e-09	4.447821e-11	9.429958e-10	-2.124446e-12	1.001610e+02	
3  5251.08	2.239995e+00	1.156576e-01	1.042646e+00	7.736701e-02	2.290233e-09	2.112762e-09	4.301749e-11	1.120549e-09	1.214247e-11	1.001105e+02	
30  5252.8	2.239995e+00	1.156576e-01	1.042646e+00	7.736701e-02	2.290233e-09	2.112762e-09	4.301749e-11	1.120549e-09	1.214247e-11	9.957960e+01	
32  5251.33	2.239995e+00	1.156576e-01	1.042646e+00	7.736701e-02	2.290233e-09	2.112762e-09	4.301749e-11	1.120549e-09	1.214247e-11	9.985567e+01	
12  5251.26	2.243545e+00	1.157111e-01	1.042718e+00	7.937870e-02	2.308475e-09	2.121309e-09	4.355953e-11	1.373952e-09	9.120035e-12	9.995707e+01	
6  5251.09	2.245368e+00	1.158313e-01	1.042520e+00	8.074707e-02	2.334770e-09	2.126319e-09	3.939288e-11	9.646737e-10	-1.676439e-12	1.000389e+02	
10  5251.21	2.245368e+00	1.158313e-01	1.042520e+00	8.074707e-02	2.334770e-09	2.126319e-09	3.939288e-11	9.646737e-10	-1.676439e-12	1.001665e+02	
20  5251.43	2.245368e+00	1.158313e-01	1.042520e+00	8.074707e-02	2.334770e-09	2.126319e-09	3.939288e-11	9.646737e-10	-1.676439e-12	9.984222e+01	
20  5252.72	2.245368e+00	1.158313e-01	1.042520e+00	8.074707e-02	2.334770e-09	2.126319e-09	3.939288e-11	9.646737e-10	-1.676439e-12	1.004951e+02	
20  5252.99	2.245368e+00	1.158313e-01	1.042520e+00	8.074707e-02	2.334770e-09	2.126319e-09	3.939288e-11	9.646737e-10	-1.676439e-12	1.005309e+02	
10  5253.75	2.245368e+00	1.158313e-01	1.042520e+00	8.074707e-02	2.334770e-09	2.126319e-09	3.939288e-11	9.646737e-10	-1.676439e-12	9.947369e+01	
2  5252.05	2.245368e+00	1.158313e-01	1.042520e+00	8.074707e-02	2.334770e-09	2.126319e-09	3.939288e-11	9.646737e-10	-1.676439e-12	9.970288e+01	
18  5252.96	2.247312e+00	1.150907e-01	1.042664e+00	8.304029e-02	2.321089e-09	2.133773e-09	2.970999e-11	1.373272e-09	1.253056e-11	9.957361e+01	
30  5251.53	2.247312e+00	1.150907e-01	1.042664e+00	8.304029e-02	2.321089e-09	2.133773e-09	2.970999e-11	1.373272e-09	1.253056e-11	9.982857e+01	
26  5251.96	2.247312e+00	1.150907e-01	1.042664e+00	8.304029e-02	2.321089e-09	2.133773e-09	2.970999e-11	1.373272e-09	1.253056e-11	1.003625e+02	
24  5251.58	2.245466e+00	1.155611e-01	1.042530e+00	8.307844e-02	2.338710e-09	2.133522e-09	2.764560e-11	1.898619e-09	1.307314e-12	1.004359e+02	
6  5250.65	2.245466e+00	1.155611e-01	1.042530e+00	8.307844e-02	2.338710e-09	2.133522e-09	2.764560e-11	1.898619e-09	1.307314e-12	1.002396e+02	
4  5252.47	2.248486e+00	1.144182e-01	1.042678e+00	8.324594e-02	2.317856e-09	2.131834e-09	2.852972e-11	2.018905e-09	8.102032e-12	9.987720e+01	
10  5253.33	2.248486e+00	1.144182e-01	1.042678e+00	8.324594e-02	2.317856e-09	2.131834e-09	2.852972e-11	2.018905e-09	8.102032e-12	1.004117e+02	
20  5252.38	2.248486e+00	1.144182e-01	1.042678e+00	8.324594e-02	2.317856e-09	2.131834e-09	2.852972e-11	2.018905e-09	8.102032e-12	1.001754e+02	
20  5253.63	2.248486e+00	1.144182e-01	1.042678e+00	8.324594e-02	2.317856e-09	2.131834e-09	2.852972e-11	2.018905e-09	8.102032e-12	1.004586e+02	
20  5252.9	2.248486e+00	1.144182e-01	1.042678e+00	8.324594e-02	2.317856e-09	2.131834e-09	2.852972e-11	2.018905e-09	8.102032e-12	1.003306e+02	
10  5252.24	2.248486e+00	1.144182e-01	1.042678e+00	8.324594e-02	2.317856e-09	2.131834e-09	2.852972e-11	2.018905e-09	8.102032e-12	1.000551e+02	
10  5252.25	2.248486e+00	1.144182e-01	1.042678e+00	8.324594e-02	2.317856e-09	2.131834e-09	2.852972e-11	2.018905e-09	8.102032e-12	1.000824e+02	
20  5252.46	2.248486e+00	1.144182e-01	1.042678e+00	8.324594e-02	2.317856e-09	2.131834e-09	2.852972e-11	2.018905e-09	8.102032e-12	1.002098e+02	
11  5255.2	2.248486e+00	1.144182e-01	1.042678e+00	8.324594e-02	2.317856e-09	2.131834e-09	2.852972e-11	2.018905e-09	8.102032e-12	1.006488e+02	
19  5254.73	2.249037e+00	1.149485e-01	1.042461e+00	7.957963e-02	2.321200e-09	2.117669e-09	3.454117e-11	1.751855e-09	-2.235139e-12	1.006042e+02	
10  5252.89	2.249037e+00	1.149485e-01	1.042461e+00	7.957963e-02	2.321200e-09	2.117669e-09	3.454117e-11	1.751855e-09	-2.235139e-12	1.003382e+02	
1  5252.68	2.249037e+00	1.149485e-01	1.042461e+00	7.957963e-02	2.321200e-09	2.117669e-09	3.454117e-11	1.751855e-09	-2.235139e-12	9.979800e+01	
9  5253.2	2.250198e+00	1.144172e-01	1.042620e+00	8.731145e-02	2.345272e-09	2.151634e-09	3.010785e-11	1.807335e-09	4.945385e-13	1.000420e+02	
2  5254.79	2.250198e+00	1.144172e-01	1.042620e+00	8.731145e-02	2.345272e-09	2.151634e-09	3.010785e-11	1.807335e-09	4.945385e-13	1.004889e+02	
1  5253.82	2.248957e+00	1.149339e-01	1.042570e+00	8.408396e-02	2.336546e-09	2.139764e-09	3.142994e-11	1.597003e-09	1.639274e-12	1.005161e+02	
21  5253.83	2.243488e+00	1.145881e-01	1.042658e+00	8.718256e-02	2.332224e-09	2.152200e-09	3.015890e-11	1.279281e-09	1.388964e-11	1.006713e+02	
6  5253.75	2.245911e+00	1.144622e-01	1.042756e+00	8.260006e-02	2.311117e-09	2.131533e-09	3.539593e-11	1.566100e-09	4.395125e-12	1.003162e+02	
10  5253.15	2.245911e+00	1.144622e-01	1.042756e+00	8.260006e-02	2.311117e-09	2.131533e-09	3.539593e-11	1.566100e-09	4.395125e-12	1.000655e+02	
11  5254.07	2.245911e+00	1.144622e-01	1.042756e+00	8.260006e-02	2.311117e-09	2.131533e-09	3.539593e-11	1.566100e-09	4.395125e-12	9.970539e+01	
6  5254.05	2.244794e+00	1.139641e-01	1.042722e+00	8.417557e-02	2.315042e-09	2.137394e-09	2.865362e-11	1.629287e-09	1.458236e-11	9.967693e+01	
2  5255.6	2.251206e+00	1.137905e-01	1.042615e+00	9.358985e-02	2.374408e-09	2.180119e-09	3.706452e-11	9.122171e-10	7.883628e-12	1.001528e+02	
9  5258.26	2.243669e+00	1.141521e-01	1.042549e+00	9.254248e-02	2.388169e-09	2.178012e-09	5.210248e-11	4.781098e-10	-1.051304e-11	1.002594e+02	
4  5258.96	2.237676e+00	1.148985e-01	1.042618e+00	9.371746e-02	2.384836e-09	2.183907e-09	5.381159e-11	8.899299e-10	1.215030e-11	1.006819e+02	
8  5255.98	2.246237e+00	1.145693e-01	1.042393e+00	9.151704e-02	2.391581e-09	2.172254e-09	7.707781e-11	8.678105e-10	-1.684087e-11	1.002933e+02	
10  5255.84	2.246237e+00	1.145693e-01	1.042393e+00	9.151704e-02	2.391581e-09	2.172254e-09	7.707781e-11	8.678105e-10	-1.684087e-11	9.986337e+01	
3  5256.53	2.246237e+00	1.145693e-01	1.042393e+00	9.151704e-02	2.391581e-09	2.172254e-09	7.707781e-11	8.678105e-10	-1.684087e-11	9.970597e+01	
18  5253.47	2.243101e+00	1.154012e-01	1.042520e+00	8.382397e-02	2.369657e-09	2.141581e-09	5.896005e-11	9.180751e-10	-7.630298e-12	9.963923e+01	
4  5252.66	2.246132e+00	1.157656e-01	1.042636e+00	8.113889e-02	2.373991e-09	2.132584e-09	4.665702e-11	6.220740e-10	-1.174943e-12	9.968993e+01	
1  5252.27	2.247513e+00	1.154630e-01	1.042740e+00	8.360554e-02	2.365389e-09	2.141271e-09	3.614314e-11	1.043275e-09	1.222343e-11	9.970343e+01	
14  5253.14	2.244911e+00	1.153946e-01	1.042631e+00	8.039428e-02	2.347262e-09	2.129330e-09	4.189206e-11	7.840006e-10	1.814572e-11	9.957120e+01	
30  5252.23	2.244911e+00	1.153946e-01	1.042631e+00	8.039428e-02	2.347262e-09	2.129330e-09	4.189206e-11	7.840006e-10	1.814572e-11	9.970446e+01	
34  5251.31	2.244911e+00	1.153946e-01	1.042631e+00	8.039428e-02	2.347262e-09	2.129330e-09	4.189206e-11	7.840006e-10	1.814572e-11	1.001563e+02	
2  5250.84	2.243518e+00	1.155396e-01	1.042602e+00	8.271099e-02	2.359046e-09	2.138591e-09	4.065113e-11	5.829120e-10	1.248990e-11	1.003099e+02	
16  5250.39	2.249691e+00	1.152355e-01	1.042563e+00	8.272097e-02	2.369292e-09	2.135509e-09	3.943603e-11	8.527736e-10	2.164408e-12	1.001125e+02	
8  5250.69	2.250309e+00	1.151310e-01	1.042530e+00	8.357644e-02	2.374993e-09	2.139560e-09	3.906593e-11	7.526423e-10	5.008244e-12	1.001478e+02	
10  5250.64	2.250309e+00	1.151310e-01	1.042530e+00	8.357644e-02	2.374993e-09	2.139560e-09	3.906593e-11	7.526423e-10	5.008244e-12	1.000079e+02	
30  5250.63	2.250309e+00	1.151310e-01	1.042530e+00	8.357644e-02	2.374993e-09	2.139560e-09	3.906593e-11	7.526423e-10	5.008244e-12	1.000815e+02	
10  5250.69	2.250309e+00	1.151310e-01	1.042530e+00	8.357644e-02	2.374993e-09	2.139560e-09	3.906593e-11	7.526423e-10	5.008244e-12	9.996976e+01	
10  5251.55	2.250309e+00	1.151310e-01	1.042530e+00	8.357644e-02	2.374993e-09	2.139560e-09	3.906593e-11	7.526423e-10	5.008244e-12	1.003948e+02	
19  5251.57	2.250309e+00	1.151310e-01	1.042530e+00	8.357644e-02	2.374993e-09	2.139560e-09	3.906593e-11	7.526423e-10	5.008244e-12	1.003971e+02	
1  5255.91	2.248623e+00	1.153921e-01	1.042664e+00	7.982024e-02	2.361303e-09	2.125522e-09	4.216763e-11	3.639687e-10	2.095248e-11	1.004530e+02	
5  5255.35	2.248623e+00	1.153921e-01	1.042664e+00	7.982024e-02	2.361303e-09	2.125522e-09	4.216763e-11	3.639687e-10	2.095248e-11	1.003514e+02	
15  5255	2.250674e+00	1.155825e-01	1.042730e+00	7.491884e-02	2.334499e-09	2.104518e-09	5.536971e-11	7.215876e-10	2.319732e-11	1.001419e+02	
30  5255.49	2.250674e+00	1.155825e-01	1.042730e+00	7.491884e-02	2.334499e-09	2.104518e-09	5.536971e-11	7.215876e-10	2.319732e-11	1.003205e+02	
1  5255.64	2.250674e+00	1.155825e-01	1.042730e+00	7.491884e-02	2.334499e-09	2.104518e-09	5.536971e-11	7.215876e-10	2.319732e-11	1.003543e+02	
19  5254.59	2.250235e+00	1.151691e-01	1.042553e+00	8.017964e-02	2.350209e-09	2.124134e-09	4.550531e-11	6.838844e-10	2.068574e-11	1.004265e+02	
15  5254.36	2.250235e+00	1.151691e-01	1.042553e+00	8.017964e-02	2.350209e-09	2.124134e-09	4.550531e-11	6.838844e-10	2.068574e-11	1.003862e+02	
4  5254.47	2.246503e+00	1.146164e-01	1.042671e+00	8.080379e-02	2.329668e-09	2.127733e-09	4.876015e-11	4.382639e-10	2.074561e-11	1.002560e+02	
23  5253.67	2.241222e+00	1.148755e-01	1.042523e+00	8.245155e-02	2.344224e-09	2.134143e-09	4.439410e-11	8.964558e-10	9.584292e-12	1.003433e+02	
3  5254.71	2.245476e+00	1.154678e-01	1.042416e+00	8.559537e-02	2.381892e-09	2.148912e-09	3.766544e-11	9.463590e-10	5.559999e-12	1.006707e+02	
5  5254.58	2.242884e+00	1.156097e-01	1.042576e+00	8.081720e-02	2.365228e-09	2.130265e-09	4.949675e-11	6.467641e-10	-4.081662e-12	1.005077e+02	
6  5253.57	2.242884e+00	1.156097e-01	1.042576e+00	8.081720e-02	2.365228e-09	2.130265e-09	4.949675e-11	6.467641e-10	-4.081662e-12	1.003381e+02	
3  5254.91	2.246566e+00	1.150555e-01	1.042538e+00	9.122973e-02	2.400717e-09	2.172410e-09	4.184760e-11	7.046680e-10	-8.469177e-13	1.006595e+02	
11  5253.61	2.248279e+00	1.145552e-01	1.042691e+00	9.084978e-02	2.380708e-09	2.170835e-09	4.884469e-11	9.051403e-10	5.945032e-12	1.004880e+02	
26  5252.35	2.248279e+00	1.145552e-01	1.042691e+00	9.084978e-02	2.380708e-09	2.170835e-09	4.884469e-11	9.051403e-10	5.945032e-12	9.988548e+01	
34  5252.9	2.242969e+00	1.147571e-01	1.042555e+00	9.301527e-02	2.389439e-09	2.181006e-09	5.030224e-11	6.163284e-10	-4.343781e-13	1.000607e+02	
10  5253.62	2.242969e+00	1.147571e-01	1.042555e+00	9.301527e-02	2.389439e-09	2.181006e-09	5.030224e-11	6.163284e-10	-4.343781e-13	9.975740e+01	
6  5252.94	2.242969e+00	1.147571e-01	1.042555e+00	9.301527e-02	2.389439e-09	2.181006e-09	5.030224e-11	6.163284e-10	-4.343781e-13	1.001223e+02	
3  5252.59	2.245886e+00	1.150749e-01	1.042634e+00	8.839513e-02	2.377766e-09	2.163001e-09	4.815473e-11	5.854753e-10	2.798623e-12	1.000092e+02	
1  5252.54	2.239158e+00	1.150677e-01	1.042709e+00	8.525121e-02	2.346816e-09	2.148259e-09	3.967188e-11	7.071863e-10	2.074610e-11	9.992763e+01	
30  5252.63	2.239158e+00	1.150677e-01	1.042709e+00	8.525121e-02	2.346816e-09	2.148259e-09	3.967188e-11	7.071863e-10	2.074610e-11	9.988807e+01	
4  5253.02	2.239158e+00	1.150677e-01	1.042709e+00	8.525121e-02	2.346816e-09	2.148259e-09	3.967188e-11	7.071863e-10	2.074610e-11	1.003310e+02	
16  5252.62	2.242828e+00	1.148597e-01	1.042752e+00	8.536696e-02	2.352865e-09	2.149798e-09	4.337246e-11	9.069717e-10	1.825662e-11	1.002521e+02	
2  5252.38	2.242828e+00	1.148597e-01	1.042752e+00	8.536696e-02	2.352865e-09	2.149798e-09	4.337246e-11	9.069717e-10	1.825662e-11	9.996578e+01	
1  5253.12	2.243192e+00	1.162099e-01	1.042726e+00	7.960124e-02	2.356028e-09	2.127763e-09	2.894856e-11	7.283406e-10	1.819891e-11	1.001262e+02	
1  5254.85	2.246209e+00	1.161910e-01	1.042715e+00	7.606280e-02	2.336555e-09	2.111471e-09	2.807302e-11	9.225756e-10	2.343297e-11	9.991128e+01	
6  5254.48	2.251489e+00	1.160921e-01	1.042528e+00	8.017966e-02	2.370326e-09	2.128646e-09	5.441401e-11	5.811582e-10	-1.073634e-11	9.995488e+01	
3  5254.61	2.251489e+00	1.160921e-01	1.042528e+00	8.017966e-02	2.370326e-09	2.128646e-09	5.441401e-11	5.811582e-10	-1.073634e-11	1.002126e+02	
2  5254.35	2.248788e+00	1.161324e-01	1.042518e+00	7.904368e-02	2.369122e-09	2.124388e-09	5.411196e-11	3.232736e-10	-4.273614e-12	1.002526e+02	
5  5253.78	2.246523e+00	1.165275e-01	1.042373e+00	7.625284e-02	2.372419e-09	2.111460e-09	5.261778e-11	4.142077e-10	1.400803e-12	1.002859e+02	
1  5253.46	2.246523e+00	1.165275e-01	1.042373e+00	7.625284e-02	2.372419e-09	2.111460e-09	5.261778e-11	4.142077e-10	1.400803e-12	9.994805e+01	
9  5252.69	2.249835e+00	1.160014e-01	1.042409e+00	7.587135e-02	2.371929e-09	2.110865e-09	4.750194e-11	4.737593e-10	-2.384026e-12	9.972022e+01	
20  5251.8	2.249835e+00	1.160014e-01	1.042409e+00	7.587135e-02	2.371929e-09	2.110865e-09	4.750194e-11	4.737593e-10	-2.384026e-12	1.001183e+02	
10  5252.02	2.249835e+00	1.160014e-01	1.042409e+00	7.587135e-02	2.371929e-09	2.110865e-09	4.750194e-11	4.737593e-10	-2.384026e-12	1.002325e+02	
5  5252.75	2.249835e+00	1.160014e-01	1.042409e+00	7.587135e-02	2.371929e-09	2.110865e-09	4.750194e-11	4.737593e-10	-2.384026e-12	9.970981e+01	
3  5251.88	2.251536e+00	1.164132e-01	1.042533e+00	7.515235e-02	2.368147e-09	2.107788e-09	3.671173e-11	7.356590e-10	8.794845e-12	9.982484e+01	
18  5253.45	2.249125e+00	1.173127e-01	1.042426e+00	7.514923e-02	2.400820e-09	2.109758e-09	4.781137e-11	8.372182e-10	-2.355504e-12	1.001421e+02	
1  5252.93	2.251340e+00	1.170510e-01	1.042495e+00	7.319191e-02	2.379926e-09	2.100116e-09	5.168726e-11	8.085970e-10	-8.549687e-12	9.988921e+01	
33  5252.23	2.251628e+00	1.168976e-01	1.042481e+00	7.399174e-02	2.379005e-09	2.104293e-09	5.636786e-11	5.587542e-10	2.947895e-12	9.996833e+01	
29  5252.29	2.251628e+00	1.168976e-01	1.042481e+00	7.399174e-02	2.379005e-09	2.104293e-09	5.636786e-11	5.587542e-10	2.947895e-12	1.001910e+02	
16  5255.23	2.254195e+00	1.171176e-01	1.042491e+00	6.869455e-02	2.360533e-09	2.081415e-09	6.018582e-11	5.535027e-10	6.742188e-12	1.000047e+02	
2  5257.5	2.255813e+00	1.172462e-01	1.042471e+00	7.279182e-02	2.397972e-09	2.099092e-09	5.215512e-11	4.767128e-10	2.161288e-12	1.002668e+02	
3  5257.85	2.256454e+00	1.172410e-01	1.042410e+00	6.595300e-02	2.361999e-09	2.069439e-09	6.551905e-11	5.843525e-10	-4.699913e-12	9.984729e+01	
10  5259.83	2.256454e+00	1.172410e-01	1.042410e+00	6.595300e-02	2.361999e-09	2.069439e-09	6.551905e-11	5.843525e-10	-4.699913e-12	9.952288e+01	
1  5258.45	2.256454e+00	1.172410e-01	1.042410e+00	6.595300e-02	2.361999e-09	2.069439e-09	6.551905e-11	5.843525e-10	-4.699913e-12	9.971460e+01	
1  5258.54	2.258655e+00	1.169664e-01	1.042310e+00	6.844806e-02	2.373907e-09	2.080367e-09	6.274713e-11	7.366010e-10	-1.165321e-11	9.967718e+01	
8  5254.83	2.254905e+00	1.174244e-01	1.042287e+00	6.937263e-02	2.372826e-09	2.085226e-09	6.457976e-11	6.153491e-10	-8.892965e-12	9.989992e+01	
9  5254.62	2.254905e+00	1.174244e-01	1.042287e+00	6.937263e-02	2.372826e-09	2.085226e-09	6.457976e-11	6.153491e-10	-8.892965e-12	1.000356e+02	
2  5255.25	2.248977e+00	1.168670e-01	1.042612e+00	7.236721e-02	2.349202e-09	2.098274e-09	5.688866e-11	6.492858e-10	2.028037e-11	1.001695e+02	
7  5254.92	2.248102e+00	1.160562e-01	1.042583e+00	6.961507e-02	2.317906e-09	2.082955e-09	5.510007e-11	6.708877e-10	2.045787e-11	9.971722e+01	
2  5254.43	2.248256e+00	1.157184e-01	1.042586e+00	7.195602e-02	2.325138e-09	2.092587e-09	6.968632e-11	7.574294e-10	1.341747e-11	9.971267e+01	
10  5256.9	2.248256e+00	1.157184e-01	1.042586e+00	7.195602e-02	2.325138e-09	2.092587e-09	6.968632e-11	7.574294e-10	1.341747e-11	9.940878e+01	
5  5253.94	2.248256e+00	1.157184e-01	1.042586e+00	7.195602e-02	2.325138e-09	2.092587e-09	6.968632e-11	7.574294e-10	1.341747e-11	9.981479e+01	
45  5250.85	2.246295e+00	1.161418e-01	1.042486e+00	7.472473e-02	2.352302e-09	2.106829e-09	8.964842e-11	5.159195e-10	2.541541e-12	1.001285e+02	
12  5251.73	2.246295e+00	1.161418e-01	1.042486e+00	7.472473e-02	2.352302e-09	2.106829e-09	8.964842e-11	5.159195e-10	2.541541e-12	1.004015e+02	
1  5251.66	2.249570e+00	1.164082e-01	1.042398e+00	7.095779e-02	2.349859e-09	2.089637e-09	6.400479e-11	8.298717e-10	-1.227675e-12	1.001837e+02	
3  5250.59	2.248061e+00	1.164013e-01	1.042386e+00	7.560921e-02	2.374017e-09	2.109827e-09	4.906787e-11	7.104670e-10	-5.967150e-12	1.003975e+02	
12  5250.57	2.246956e+00	1.160120e-01	1.042426e+00	7.433363e-02	2.342594e-09	2.102359e-09	6.437376e-11	8.322672e-10	-7.686156e-12	1.001596e+02	
8  5251.77	2.244793e+00	1.160275e-01	1.042448e+00	7.834400e-02	2.351492e-09	2.120530e-09	4.921331e-11	5.953860e-10	1.012269e-11	1.004647e+02	
4  5253.04	2.245374e+00	1.162991e-01	1.042400e+00	7.855599e-02	2.369265e-09	2.121910e-09	6.308154e-11	4.446470e-10	1.142136e-12	1.005835e+02	
5  5251.23	2.245374e+00	1.162991e-01	1.042400e+00	7.855599e-02	2.369265e-09	2.121910e-09	6.308154e-11	4.446470e-10	1.142136e-12	1.002818e+02	
15  5253.44	2.248671e+00	1.164948e-01	1.042387e+00	7.604123e-02	2.374131e-09	2.111143e-09	6.236119e-11	3.353733e-10	-7.275867e-12	1.001853e+02	
8  5253.33	2.248671e+00	1.164948e-01	1.042387e+00	7.604123e-02	2.374131e-09	2.111143e-09	6.236119e-11	3.353733e-10	-7.275867e-12	1.000141e+02	
7  5253.35	2.250474e+00	1.165098e-01	1.042429e+00	8.012257e-02	2.390543e-09	2.127819e-09	7.159970e-11	5.377622e-10	-2.130547e-11	1.001423e+02	
15  5249.31	2.244164e+00	1.164514e-01	1.042533e+00	7.766106e-02	2.357434e-09	2.118471e-09	5.745323e-11	6.446576e-10	-1.518539e-12	1.000704e+02	
40  5249.31	2.244164e+00	1.164514e-01	1.042533e+00	7.766106e-02	2.357434e-09	2.118471e-09	5.745323e-11	6.446576e-10	-1.518539e-12	1.000228e+02	
10  5249.38	2.244164e+00	1.164514e-01	1.042533e+00	7.766106e-02	2.357434e-09	2.118471e-09	5.745323e-11	6.446576e-10	-1.518539e-12	9.995980e+01	
10  5250.18	2.244164e+00	1.164514e-01	1.042533e+00	7.766106e-02	2.357434e-09	2.118471e-09	5.745323e-11	6.446576e-10	-1.518539e-12	1.003849e+02	
10  5249.55	2.244164e+00	1.164514e-01	1.042533e+00	7.766106e-02	2.357434e-09	2.118471e-09	5.745323e-11	6.446576e-10	-1.518539e-12	9.988189e+01	
20  5250.17	2.244164e+00	1.164514e-01	1.042533e+00	7.766106e-02	2.357434e-09	2.118471e-09	5.745323e-11	6.446576e-10	-1.518539e-12	1.003839e+02	
10  5249.37	2.244164e+00	1.164514e-01	1.042533e+00	7.766106e-02	2.357434e-09	2.118471e-09	5.745323e-11	6.446576e-10	-1.518539e-12	9.996541e+01	
15  5249.98	2.244164e+00	1.164514e-01	1.042533e+00	7.766106e-02	2.357434e-09	2.118471e-09	5.745323e-11	6.446576e-10	-1.518539e-12	9.976687e+01	
5  5253.67	2.248261e+00	1.167068e-01	1.042207e+00	7.509434e-02	2.375792e-09	2.106145e-09	6.023454e-11	7.902549e-10	-9.612601e-12	9.966048e+01	
9  5252.84	2.248261e+00	1.167068e-01	1.042207e+00	7.509434e-02	2.375792e-09	2.106145e-09	6.023454e-11	7.902549e-10	-9.612601e-12	1.002938e+02	
3  5252.03	2.247267e+00	1.159190e-01	1.042430e+00	7.984740e-02	2.371950e-09	2.126151e-09	5.206449e-11	9.380365e-10	5.926343e-12	1.003451e+02	
11  5252.76	2.248264e+00	1.158482e-01	1.042632e+00	7.541263e-02	2.333097e-09	2.107220e-09	6.638332e-11	1.048011e-09	1.399759e-12	1.000486e+02	
12  5254.35	2.252327e+00	1.163563e-01	1.042527e+00	7.507926e-02	2.366536e-09	2.109086e-09	7.676198e-11	6.167076e-10	-7.459570e-12	1.002481e+02	
5  5251.41	2.251056e+00	1.172638e-01	1.042341e+00	6.888132e-02	2.362764e-09	2.083156e-09	6.815887e-11	6.195140e-10	-1.004348e-11	1.002057e+02	
2  5251.24	2.251056e+00	1.172638e-01	1.042341e+00	6.888132e-02	2.362764e-09	2.083156e-09	6.815887e-11	6.195140e-10	-1.004348e-11	1.000618e+02	
7  5252.28	2.247202e+00	1.177863e-01	1.042214e+00	6.556877e-02	2.357673e-09	2.069364e-09	5.723015e-11	8.222767e-10	-1.401303e-11	1.000140e+02	
18  5251.42	2.246320e+00	1.173709e-01	1.042288e+00	6.557626e-02	2.340866e-09	2.069311e-09	2.862252e-11	1.245573e-09	1.822586e-12	9.986057e+01	
3  5251.8	2.247517e+00	1.174025e-01	1.042199e+00	6.473999e-02	2.338832e-09	2.063334e-09	2.260567e-11	1.772540e-09	-9.248456e-12	9.968452e+01	
10  5250.97	2.247517e+00	1.174025e-01	1.042199e+00	6.473999e-02	2.338832e-09	2.063334e-09	2.260567e-11	1.772540e-09	-9.248456e-12	9.987969e+01	
20  5252.23	2.247517e+00	1.174025e-01	1.042199e+00	6.473999e-02	2.338832e-09	2.063334e-09	2.260567e-11	1.772540e-09	-9.248456e-12	1.004765e+02	
10  5251.14	2.247517e+00	1.174025e-01	1.042199e+00	6.473999e-02	2.338832e-09	2.063334e-09	2.260567e-11	1.772540e-09	-9.248456e-12	1.002691e+02	
10  5250.74	2.247517e+00	1.174025e-01	1.042199e+00	6.473999e-02	2.338832e-09	2.063334e-09	2.260567e-11	1.772540e-09	-9.248456e-12	1.000432e+02	
12  5250.94	2.247517e+00	1.174025e-01	1.042199e+00	6.473999e-02	2.338832e-09	2.063334e-09	2.260567e-11	1.772540e-09	-9.248456e-12	1.002021e+02	
38  5251.25	2.246432e+00	1.169940e-01	1.042356e+00	6.643671e-02	2.323236e-09	2.069010e-09	1.997897e-11	2.419602e-09	-5.341062e-12	1.001000e+02	
30  5254.28	2.246432e+00	1.169940e-01	1.042356e+00	6.643671e-02	2.323236e-09	2.069010e-09	1.997897e-11	2.419602e-09	-5.341062e-12	1.006589e+02	
10  5254.2	2.246432e+00	1.169940e-01	1.042356e+00	6.643671e-02	2.323236e-09	2.069010e-09	1.997897e-11	2.419602e-09	-5.341062e-12	1.006507e+02	
20  5254.59	2.246432e+00	1.169940e-01	1.042356e+00	6.643671e-02	2.323236e-09	2.069010e-09	1.997897e-11	2.419602e-09	-5.341062e-12	1.006890e+02	
10  5253.88	2.246432e+00	1.169940e-01	1.042356e+00	6.643671e-02	2.323236e-09	2.069010e-09	1.997897e-11	2.419602e-09	-5.341062e-12	1.006165e+02	
10  5252.93	2.246432e+00	1.169940e-01	1.042356e+00	6.643671e-02	2.323236e-09	2.069010e-09	1.997897e-11	2.419602e-09	-5.341062e-12	1.005035e+02	
4  5251.28	2.246432e+00	1.169940e-01	1.042356e+00	6.643671e-02	2.323236e-09	2.069010e-09	1.997897e-11	2.419602e-09	-5.341062e-12	9.996273e+01	
16  5251.75	2.243559e+00	1.170927e-01	1.042365e+00	6.301599e-02	2.296878e-09	2.053871e-09	9.083656e-12	2.819404e-09	-2.926162e-12	9.975732e+01	
20  5251.32	2.243559e+00	1.170927e-01	1.042365e+00	6.301599e-02	2.296878e-09	2.053871e-09	9.083656e-12	2.819404e-09	-2.926162e-12	1.001973e+02	
10  5252.21	2.243559e+00	1.170927e-01	1.042365e+00	6.301599e-02	2.296878e-09	2.053871e-09	9.083656e-12	2.819404e-09	-2.926162e-12	1.004060e+02	
30  5251.17	2.243559e+00	1.170927e-01	1.042365e+00	6.301599e-02	2.296878e-09	2.053871e-09	9.083656e-12	2.819404e-09	-2.926162e-12	1.001191e+02	
20  5251.12	2.243559e+00	1.170927e-01	1.042365e+00	6.301599e-02	2.296878e-09	2.053871e-09	9.083656e-12	2.819404e-09	-2.926162e-12	1.000546e+02	
10  5253.5	2.243559e+00	1.170927e-01	1.042365e+00	6.301599e-02	2.296878e-09	2.053871e-09	9.083656e-12	2.819404e-09	-2.926162e-12	1.005814e+02	
20  5252.4	2.243559e+00	1.170927e-01	1.042365e+00	6.301599e-02	2.296878e-09	2.053871e-09	9.083656e-12	2.819404e-09	-2.926162e-12	9.963968e+01	
10  5252.76	2.243559e+00	1.170927e-01	1.042365e+00	6.301599e-02	2.296878e-09	2.053871e-09	9.083656e-12	2.819404e-09	-2.926162e-12	1.004894e+02	
9  5253.19	2.243559e+00	1.170927e-01	1.042365e+00	6.301599e-02	2.296878e-09	2.053871e-09	9.083656e-12	2.819404e-09	-2.926162e-12	1.005453e+02	
1  5256.17	2.244518e+00	1.174508e-01	1.042411e+00	5.857177e-02	2.284392e-09	2.036459e-09	1.126861e-11	2.855196e-09	-5.973246e-12	1.004228e+02	
19  5256.01	2.244518e+00	1.174508e-01	1.042411e+00	5.857177e-02	2.284392e-09	2.036459e-09	1.126861e-11	2.855196e-09	-5.973246e-12	1.003966e+02	
11  5254.71	2.244718e+00	1.176121e-01	1.042594e+00	5.887065e-02	2.282968e-09	2.039182e-09	7.847040e-12	2.634080e-09	4.334468e-12	1.005539e+02	
3  5253.86	2.244718e+00	1.176121e-01	1.042594e+00	5.887065e-02	2.282968e-09	2.039182e-09	7.847040e-12	2.634080e-09	4.334468e-12	1.004387e+02	
25  5252.58	2.246433e+00	1.169045e-01	1.042452e+00	6.101134e-02	2.284913e-09	2.044692e-09	1.738758e-11	2.671952e-09	-5.330102e-13	1.002687e+02	
2  5251.25	2.247365e+00	1.164217e-01	1.042450e+00	6.367684e-02	2.291902e-09	2.054591e-09	1.076426e-11	2.676895e-09	2.705647e-12	1.002494e+02	
10  5251.34	2.247365e+00	1.164217e-01	1.042450e+00	6.367684e-02	2.291902e-09	2.054591e-09	1.076426e-11	2.676895e-09	2.705647e-12	1.002763e+02	
10  5250.98	2.247365e+00	1.164217e-01	1.042450e+00	6.367684e-02	2.291902e-09	2.054591e-09	1.076426e-11	2.676895e-09	2.705647e-12	9.993863e+01	
20  5251.42	2.247365e+00	1.164217e-01	1.042450e+00	6.367684e-02	2.291902e-09	2.054591e-09	1.076426e-11	2.676895e-09	2.705647e-12	1.002954e+02	
10  5251.67	2.247365e+00	1.164217e-01	1.042450e+00	6.367684e-02	2.291902e-09	2.054591e-09	1.076426e-11	2.676895e-09	2.705647e-12	1.003510e+02	
10  5251.07	2.247365e+00	1.164217e-01	1.042450e+00	6.367684e-02	2.291902e-09	2.054591e-09	1.076426e-11	2.676895e-09	2.705647e-12	1.001889e+02	
50  5250.89	2.247365e+00	1.164217e-01	1.042450e+00	6.367684e-02	2.291902e-09	2.054591e-09	1.076426e-11	2.676895e-09	2.705647e-12	1.000458e+02	
10  5250.9	2.247365e+00	1.164217e-01	1.042450e+00	6.367684e-02	2.291902e-09	2.054591e-09	1.076426e-11	2.676895e-09	2.705647e-12	1.000163e+02	
40  5250.9	2.247365e+00	1.164217e-01	1.042450e+00	6.367684e-02	2.291902e-09	2.054591e-09	1.076426e-11	2.676895e-09	2.705647e-12	1.000297e+02	
40  5251.56	2.247365e+00	1.164217e-01	1.042450e+00	6.367684e-02	2.291902e-09	2.054591e-09	1.076426e-11	2.676895e-09	2.705647e-12	9.975271e+01	
1  5251.43	2.247365e+00	1.164217e-01	1.042450e+00	6.367684e-02	2.291902e-09	2.054591e-09	1.076426e-11	2.676895e-09	2.705647e-12	9.978313e+01	
19  5251.91	2.245041e+00	1.170816e-01	1.042438e+00	6.755118e-02	2.323764e-09	2.073688e-09	2.147529e-11	2.361641e-09	-7.723183e-14	1.002774e+02	
2  5251.69	2.245041e+00	1.170816e-01	1.042438e+00	6.755118e-02	2.323764e-09	2.073688e-09	2.147529e-11	2.361641e-09	-7.723183e-14	9.988431e+01	
18  5252.6	2.248014e+00	1.170327e-01	1.042319e+00	7.355201e-02	2.376230e-09	2.100050e-09	1.666592e-11	2.061988e-09	-8.101121e-12	1.001935e+02	
30  5252.62	2.248014e+00	1.170327e-01	1.042319e+00	7.355201e-02	2.376230e-09	2.100050e-09	1.666592e-11	2.061988e-09	-8.101121e-12	9.989580e+01	
30  5255.11	2.248014e+00	1.170327e-01	1.042319e+00	7.355201e-02	2.376230e-09	2.100050e-09	1.666592e-11	2.061988e-09	-8.101121e-12	1.006245e+02	
