9  5461.09	2.266353e+00	1.146734e-01	1.042383e+00	5.925142e-02	2.233990e-09	2.032863e-09	3.409895e-11	4.948381e-09	1.774451e-11	9.827341e+01	
10  5461.07	2.266353e+00	1.146734e-01	1.042383e+00	5.925142e-02	2.233990e-09	2.032863e-09	3.409895e-11	4.948381e-09	1.774451e-11	9.827433e+01	
20  5453.86	2.266353e+00	1.146734e-01	1.042383e+00	5.925142e-02	2.233990e-09	2.032863e-09	3.409895e-11	4.948381e-09	1.774451e-11	9.854704e+01	
7  5435.74	2.266353e+00	1.146734e-01	1.042383e+00	5.925142e-02	2.233990e-09	2.032863e-09	3.409895e-11	4.948381e-09	1.774451e-11	9.998468e+01	
5  5433.81	2.255348e+00	1.129556e-01	1.042335e+00	8.088499e-02	2.309658e-09	2.123939e-09	1.472826e-11	4.060421e-09	3.797705e-11	1.007840e+02	
10  5415.07	2.249054e+00	1.162976e-01	1.041450e+00	8.428370e-02	2.461333e-09	2.142588e-09	1.515701e-11	3.313558e-09	-1.273433e-11	1.020324e+02	
8  5401.17	2.263169e+00	1.161155e-01	1.041373e+00	9.221568e-02	2.503847e-09	2.174639e-09	1.715609e-11	3.872551e-09	-3.409977e-12	1.023274e+02	
40  5372.85	2.263169e+00	1.161155e-01	1.041373e+00	9.221568e-02	2.503847e-09	2.174639e-09	1.715609e-11	3.872551e-09	-3.409977e-12	1.013343e+02	
120  5364.6	2.263169e+00	1.161155e-01	1.041373e+00	9.221568e-02	2.503847e-09	2.174639e-09	1.715609e-11	3.872551e-09	-3.409977e-12	1.008321e+02	
23  5363.78	2.263169e+00	1.161155e-01	1.041373e+00	9.221568e-02	2.503847e-09	2.174639e-09	1.715609e-11	3.872551e-09	-3.409977e-12	1.007627e+02	
1  5343.72	2.279405e+00	1.159163e-01	1.041737e+00	8.984190e-02	2.469700e-09	2.164858e-09	2.129330e-11	3.825644e-09	-4.627595e-12	1.004529e+02	
16  5315.09	2.276826e+00	1.169171e-01	1.041829e+00	9.452399e-02	2.505218e-09	2.186503e-09	8.673457e-12	3.496085e-09	-3.969683e-12	1.010814e+02	
18  5312.22	2.276826e+00	1.169171e-01	1.041829e+00	9.452399e-02	2.505218e-09	2.186503e-09	8.673457e-12	3.496085e-09	-3.969683e-12	9.923779e+01	
25  5312.12	2.270672e+00	1.151881e-01	1.042743e+00	1.109252e-01	2.481057e-09	2.263903e-09	1.102150e-11	2.204573e-09	2.285078e-11	9.976465e+01	
37  5278.96	2.263122e+00	1.141270e-01	1.042214e+00	1.137748e-01	2.499946e-09	2.276093e-09	1.058820e-11	1.001194e-10	7.688643e-12	9.965709e+01	
60  5278.91	2.263122e+00	1.141270e-01	1.042214e+00	1.137748e-01	2.499946e-09	2.276093e-09	1.058820e-11	1.001194e-10	7.688643e-12	9.966555e+01	
10  5277.83	2.263122e+00	1.141270e-01	1.042214e+00	1.137748e-01	2.499946e-09	2.276093e-09	1.058820e-11	1.001194e-10	7.688643e-12	1.002178e+02	
34  5278.3	2.263122e+00	1.141270e-01	1.042214e+00	1.137748e-01	2.499946e-09	2.276093e-09	1.058820e-11	1.001194e-10	7.688643e-12	9.977653e+01	
236  5264.13	2.247809e+00	1.148546e-01	1.042451e+00	1.113994e-01	2.484921e-09	2.275543e-09	9.266484e-12	1.831653e-10	1.551638e-11	1.000470e+02	
140  5264.79	2.247809e+00	1.148546e-01	1.042451e+00	1.113994e-01	2.484921e-09	2.275543e-09	9.266484e-12	1.831653e-10	1.551638e-11	9.977502e+01	
40  5264.22	2.247809e+00	1.148546e-01	1.042451e+00	1.113994e-01	2.484921e-09	2.275543e-09	9.266484e-12	1.831653e-10	1.551638e-11	1.001689e+02	
10  5264.33	2.247809e+00	1.148546e-01	1.042451e+00	1.113994e-01	2.484921e-09	2.275543e-09	9.266484e-12	1.831653e-10	1.551638e-11	9.990107e+01	
100  5264.65	2.247809e+00	1.148546e-01	1.042451e+00	1.113994e-01	2.484921e-09	2.275543e-09	9.266484e-12	1.831653e-10	1.551638e-11	9.980739e+01	
340  5264.19	2.247809e+00	1.148546e-01	1.042451e+00	1.113994e-01	2.484921e-09	2.275543e-09	9.266484e-12	1.831653e-10	1.551638e-11	1.001523e+02	
30  5264.17	2.247809e+00	1.148546e-01	1.042451e+00	1.113994e-01	2.484921e-09	2.275543e-09	9.266484e-12	1.831653e-10	1.551638e-11	1.001367e+02	
10  5266.06	2.247809e+00	1.148546e-01	1.042451e+00	1.113994e-01	2.484921e-09	2.275543e-09	9.266484e-12	1.831653e-10	1.551638e-11	9.957250e+01	
50  5265.91	2.247809e+00	1.148546e-01	1.042451e+00	1.113994e-01	2.484921e-09	2.275543e-09	9.266484e-12	1.831653e-10	1.551638e-11	1.005308e+02	
140  5264.13	2.247809e+00	1.148546e-01	1.042451e+00	1.113994e-01	2.484921e-09	2.275543e-09	9.266484e-12	1.831653e-10	1.551638e-11	1.000427e+02	
70  5264.86	2.247809e+00	1.148546e-01	1.042451e+00	1.113994e-01	2.484921e-09	2.275543e-09	9.266484e-12	1.831653e-10	1.551638e-11	1.003634e+02	
60  5264.15	2.247809e+00	1.148546e-01	1.042451e+00	1.113994e-01	2.484921e-09	2.275543e-09	9.266484e-12	1.831653e-10	1.551638e-11	1.001200e+02	
60  5264.17	2.247809e+00	1.148546e-01	1.042451e+00	1.113994e-01	2.484921e-09	2.275543e-09	9.266484e-12	1.831653e-10	1.551638e-11	1.001334e+02	
40  5264.23	2.247809e+00	1.148546e-01	1.042451e+00	1.113994e-01	2.484921e-09	2.275543e-09	9.266484e-12	1.831653e-10	1.551638e-11	9.994599e+01	
10  5264.13	2.247809e+00	1.148546e-01	1.042451e+00	1.113994e-01	2.484921e-09	2.275543e-09	9.266484e-12	1.831653e-10	1.551638e-11	1.000451e+02	
40  5264.75	2.247809e+00	1.148546e-01	1.042451e+00	1.113994e-01	2.484921e-09	2.275543e-09	9.266484e-12	1.831653e-10	1.551638e-11	1.003379e+02	
10  5264.79	2.247809e+00	1.148546e-01	1.042451e+00	1.113994e-01	2.484921e-09	2.275543e-09	9.266484e-12	1.831653e-10	1.551638e-11	9.977412e+01	
90  5265.3	2.247809e+00	1.148546e-01	1.042451e+00	1.113994e-01	2.484921e-09	2.275543e-09	9.266484e-12	1.831653e-10	1.551638e-11	9.968090e+01	
60  5265.37	2.247809e+00	1.148546e-01	1.042451e+00	1.113994e-01	2.484921e-09	2.275543e-09	9.266484e-12	1.831653e-10	1.551638e-11	1.004532e+02	
100  5264.68	2.247809e+00	1.148546e-01	1.042451e+00	1.113994e-01	2.484921e-09	2.275543e-09	9.266484e-12	1.831653e-10	1.551638e-11	9.979958e+01	
90  5264.13	2.247809e+00	1.148546e-01	1.042451e+00	1.113994e-01	2.484921e-09	2.275543e-09	9.266484e-12	1.831653e-10	1.551638e-11	1.000398e+02	
10  5264.91	2.247809e+00	1.148546e-01	1.042451e+00	1.113994e-01	2.484921e-09	2.275543e-09	9.266484e-12	1.831653e-10	1.551638e-11	9.975016e+01	
30  5267.51	2.247809e+00	1.148546e-01	1.042451e+00	1.113994e-01	2.484921e-09	2.275543e-09	9.266484e-12	1.831653e-10	1.551638e-11	1.007078e+02	
40  5264.31	2.247809e+00	1.148546e-01	1.042451e+00	1.113994e-01	2.484921e-09	2.275543e-09	9.266484e-12	1.831653e-10	1.551638e-11	1.002126e+02	
70  5266.15	2.247809e+00	1.148546e-01	1.042451e+00	1.113994e-01	2.484921e-09	2.275543e-09	9.266484e-12	1.831653e-10	1.551638e-11	9.956027e+01	
10  5264.46	2.247809e+00	1.148546e-01	1.042451e+00	1.113994e-01	2.484921e-09	2.275543e-09	9.266484e-12	1.831653e-10	1.551638e-11	1.002648e+02	
20  5264.92	2.247809e+00	1.148546e-01	1.042451e+00	1.113994e-01	2.484921e-09	2.275543e-09	9.266484e-12	1.831653e-10	1.551638e-11	1.003738e+02	
10  5265.78	2.247809e+00	1.148546e-01	1.042451e+00	1.113994e-01	2.484921e-09	2.275543e-09	9.266484e-12	1.831653e-10	1.551638e-11	9.960920e+01	
40  5265.68	2.247809e+00	1.148546e-01	1.042451e+00	1.113994e-01	2.484921e-09	2.275543e-09	9.266484e-12	1.831653e-10	1.551638e-11	1.004994e+02	
60  5264.14	2.247809e+00	1.148546e-01	1.042451e+00	1.113994e-01	2.484921e-09	2.275543e-09	9.266484e-12	1.831653e-10	1.551638e-11	1.001004e+02	
10  5264.24	2.247809e+00	1.148546e-01	1.042451e+00	1.113994e-01	2.484921e-09	2.275543e-09	9.266484e-12	1.831653e-10	1.551638e-11	9.994184e+01	
70  5264.33	2.247809e+00	1.148546e-01	1.042451e+00	1.113994e-01	2.484921e-09	2.275543e-09	9.266484e-12	1.831653e-10	1.551638e-11	1.002215e+02	
30  5264.46	2.247809e+00	1.148546e-01	1.042451e+00	1.113994e-01	2.484921e-09	2.275543e-09	9.266484e-12	1.831653e-10	1.551638e-11	1.002653e+02	
170  5264.31	2.247809e+00	1.148546e-01	1.042451e+00	1.113994e-01	2.484921e-09	2.275543e-09	9.266484e-12	1.831653e-10	1.551638e-11	1.002129e+02	
20  5264.19	2.247809e+00	1.148546e-01	1.042451e+00	1.113994e-01	2.484921e-09	2.275543e-09	9.266484e-12	1.831653e-10	1.551638e-11	1.001466e+02	
10  5264.27	2.247809e+00	1.148546e-01	1.042451e+00	1.113994e-01	2.484921e-09	2.275543e-09	9.266484e-12	1.831653e-10	1.551638e-11	1.001923e+02	
70  5264.43	2.247809e+00	1.148546e-01	1.042451e+00	1.113994e-01	2.484921e-09	2.275543e-09	9.266484e-12	1.831653e-10	1.551638e-11	9.986683e+01	
80  5264.53	2.247809e+00	1.148546e-01	1.042451e+00	1.113994e-01	2.484921e-09	2.275543e-09	9.266484e-12	1.831653e-10	1.551638e-11	1.002845e+02	
30  5264.6	2.247809e+00	1.148546e-01	1.042451e+00	1.113994e-01	2.484921e-09	2.275543e-09	9.266484e-12	1.831653e-10	1.551638e-11	1.003031e+02	
80  5264.27	2.247809e+00	1.148546e-01	1.042451e+00	1.113994e-01	2.484921e-09	2.275543e-09	9.266484e-12	1.831653e-10	1.551638e-11	1.001935e+02	
70  5264.13	2.247809e+00	1.148546e-01	1.042451e+00	1.113994e-01	2.484921e-09	2.275543e-09	9.266484e-12	1.831653e-10	1.551638e-11	1.000481e+02	
50  5264.3	2.247809e+00	1.148546e-01	1.042451e+00	1.113994e-01	2.484921e-09	2.275543e-09	9.266484e-12	1.831653e-10	1.551638e-11	9.991341e+01	
60  5266.4	2.247809e+00	1.148546e-01	1.042451e+00	1.113994e-01	2.484921e-09	2.275543e-09	9.266484e-12	1.831653e-10	1.551638e-11	9.953057e+01	
120  5264.37	2.247809e+00	1.148546e-01	1.042451e+00	1.113994e-01	2.484921e-09	2.275543e-09	9.266484e-12	1.831653e-10	1.551638e-11	9.988887e+01	
180  5264.4	2.247809e+00	1.148546e-01	1.042451e+00	1.113994e-01	2.484921e-09	2.275543e-09	9.266484e-12	1.831653e-10	1.551638e-11	9.987808e+01	
40  5264.92	2.247809e+00	1.148546e-01	1.042451e+00	1.113994e-01	2.484921e-09	2.275543e-09	9.266484e-12	1.831653e-10	1.551638e-11	1.003751e+02	
60  5264.18	2.247809e+00	1.148546e-01	1.042451e+00	1.113994e-01	2.484921e-09	2.275543e-09	9.266484e-12	1.831653e-10	1.551638e-11	9.997875e+01	
40  5264.74	2.247809e+00	1.148546e-01	1.042451e+00	1.113994e-01	2.484921e-09	2.275543e-09	9.266484e-12	1.831653e-10	1.551638e-11	9.978558e+01	
40  5265.81	2.247809e+00	1.148546e-01	1.042451e+00	1.113994e-01	2.484921e-09	2.275543e-09	9.266484e-12	1.831653e-10	1.551638e-11	1.005174e+02	
20  5264.73	2.247809e+00	1.148546e-01	1.042451e+00	1.113994e-01	2.484921e-09	2.275543e-09	9.266484e-12	1.831653e-10	1.551638e-11	9.978774e+01	
10  5264.5	2.247809e+00	1.148546e-01	1.042451e+00	1.113994e-01	2.484921e-09	2.275543e-09	9.266484e-12	1.831653e-10	1.551638e-11	9.984472e+01	
40  5264.15	2.247809e+00	1.148546e-01	1.042451e+00	1.113994e-01	2.484921e-09	2.275543e-09	9.266484e-12	1.831653e-10	1.551638e-11	1.001193e+02	
70  5264.13	2.247809e+00	1.148546e-01	1.042451e+00	1.113994e-01	2.484921e-09	2.275543e-09	9.266484e-12	1.831653e-10	1.551638e-11	1.000498e+02	
50  5264.71	2.247809e+00	1.148546e-01	1.042451e+00	1.113994e-01	2.484921e-09	2.275543e-09	9.266484e-12	1.831653e-10	1.551638e-11	1.003292e+02	
40  5264.77	2.247809e+00	1.148546e-01	1.042451e+00	1.113994e-01	2.484921e-09	2.275543e-09	9.266484e-12	1.831653e-10	1.551638e-11	9.977806e+01	
50  5265.37	2.247809e+00	1.148546e-01	1.042451e+00	1.113994e-01	2.484921e-09	2.275543e-09	9.266484e-12	1.831653e-10	1.551638e-11	9.966822e+01	
40  5265.09	2.247809e+00	1.148546e-01	1.042451e+00	1.113994e-01	2.484921e-09	2.275543e-09	9.266484e-12	1.831653e-10	1.551638e-11	1.004062e+02	
60  5264.18	2.247809e+00	1.148546e-01	1.042451e+00	1.113994e-01	2.484921e-09	2.275543e-09	9.266484e-12	1.831653e-10	1.551638e-11	9.997842e+01	
40  5264.8	2.247809e+00	1.148546e-01	1.042451e+00	1.113994e-01	2.484921e-09	2.275543e-09	9.266484e-12	1.831653e-10	1.551638e-11	1.003489e+02	
40  5264.24	2.247809e+00	1.148546e-01	1.042451e+00	1.113994e-01	2.484921e-09	2.275543e-09	9.266484e-12	1.831653e-10	1.551638e-11	9.994322e+01	
100  5265.38	2.247809e+00	1.148546e-01	1.042451e+00	1.113994e-01	2.484921e-09	2.275543e-09	9.266484e-12	1.831653e-10	1.551638e-11	1.004547e+02	
90  5264.19	2.247809e+00	1.148546e-01	1.042451e+00	1.113994e-01	2.484921e-09	2.275543e-09	9.266484e-12	1.831653e-10	1.551638e-11	1.001528e+02	
150  5267.14	2.247809e+00	1.148546e-01	1.042451e+00	1.113994e-01	2.484921e-09	2.275543e-09	9.266484e-12	1.831653e-10	1.551638e-11	1.006720e+02	
140  5265.29	2.247809e+00	1.148546e-01	1.042451e+00	1.113994e-01	2.484921e-09	2.275543e-09	9.266484e-12	1.831653e-10	1.551638e-11	9.968112e+01	
60  5266.85	2.247809e+00	1.148546e-01	1.042451e+00	1.113994e-01	2.484921e-09	2.275543e-09	9.266484e-12	1.831653e-10	1.551638e-11	1.006420e+02	
20  5264.39	2.247809e+00	1.148546e-01	1.042451e+00	1.113994e-01	2.484921e-09	2.275543e-09	9.266484e-12	1.831653e-10	1.551638e-11	9.987883e+01	
30  5264.21	2.247809e+00	1.148546e-01	1.042451e+00	1.113994e-01	2.484921e-09	2.275543e-09	9.266484e-12	1.831653e-10	1.551638e-11	1.001617e+02	
60  5264.14	2.247809e+00	1.148546e-01	1.042451e+00	1.113994e-01	2.484921e-09	2.275543e-09	9.266484e-12	1.831653e-10	1.551638e-11	1.000983e+02	
280  5264.17	2.247809e+00	1.148546e-01	1.042451e+00	1.113994e-01	2.484921e-09	2.275543e-09	9.266484e-12	1.831653e-10	1.551638e-11	9.999132e+01	
40  5265.04	2.247809e+00	1.148546e-01	1.042451e+00	1.113994e-01	2.484921e-09	2.275543e-09	9.266484e-12	1.831653e-10	1.551638e-11	1.003979e+02	
30  5266.8	2.247809e+00	1.148546e-01	1.042451e+00	1.113994e-01	2.484921e-09	2.275543e-09	9.266484e-12	1.831653e-10	1.551638e-11	9.948568e+01	
70  5264.83	2.247809e+00	1.148546e-01	1.042451e+00	1.113994e-01	2.484921e-09	2.275543e-09	9.266484e-12	1.831653e-10	1.551638e-11	9.976537e+01	
100  5264.13	2.247809e+00	1.148546e-01	1.042451e+00	1.113994e-01	2.484921e-09	2.275543e-09	9.266484e-12	1.831653e-10	1.551638e-11	1.000776e+02	
30  5264.16	2.247809e+00	1.148546e-01	1.042451e+00	1.113994e-01	2.484921e-09	2.275543e-09	9.266484e-12	1.831653e-10	1.551638e-11	9.999505e+01	
60  5264.28	2.247809e+00	1.148546e-01	1.042451e+00	1.113994e-01	2.484921e-09	2.275543e-09	9.266484e-12	1.831653e-10	1.551638e-11	9.992422e+01	
10  5264.23	2.247809e+00	1.148546e-01	1.042451e+00	1.113994e-01	2.484921e-09	2.275543e-09	9.266484e-12	1.831653e-10	1.551638e-11	1.001729e+02	
50  5264.21	2.247809e+00	1.148546e-01	1.042451e+00	1.113994e-01	2.484921e-09	2.275543e-09	9.266484e-12	1.831653e-10	1.551638e-11	1.001613e+02	
10  5264.43	2.247809e+00	1.148546e-01	1.042451e+00	1.113994e-01	2.484921e-09	2.275543e-09	9.266484e-12	1.831653e-10	1.551638e-11	9.986628e+01	
90  5264.61	2.247809e+00	1.148546e-01	1.042451e+00	1.113994e-01	2.484921e-09	2.275543e-09	9.266484e-12	1.831653e-10	1.551638e-11	1.003056e+02	
110  5264.33	2.247809e+00	1.148546e-01	1.042451e+00	1.113994e-01	2.484921e-09	2.275543e-09	9.266484e-12	1.831653e-10	1.551638e-11	9.990340e+01	
30  5264.25	2.247809e+00	1.148546e-01	1.042451e+00	1.113994e-01	2.484921e-09	2.275543e-09	9.266484e-12	1.831653e-10	1.551638e-11	1.001847e+02	
30  5264.17	2.247809e+00	1.148546e-01	1.042451e+00	1.113994e-01	2.484921e-09	2.275543e-09	9.266484e-12	1.831653e-10	1.551638e-11	9.998574e+01	
80  5264.35	2.247809e+00	1.148546e-01	1.042451e+00	1.113994e-01	2.484921e-09	2.275543e-09	9.266484e-12	1.831653e-10	1.551638e-11	1.002270e+02	
20  5264.2	2.247809e+00	1.148546e-01	1.042451e+00	1.113994e-01	2.484921e-09	2.275543e-09	9.266484e-12	1.831653e-10	1.551638e-11	1.001592e+02	
120  5265.36	2.247809e+00	1.148546e-01	1.042451e+00	1.113994e-01	2.484921e-09	2.275543e-09	9.266484e-12	1.831653e-10	1.551638e-11	9.967119e+01	
30  5265.93	2.247809e+00	1.148546e-01	1.042451e+00	1.113994e-01	2.484921e-09	2.275543e-09	9.266484e-12	1.831653e-10	1.551638e-11	1.005340e+02	
30  5265.38	2.247809e+00	1.148546e-01	1.042451e+00	1.113994e-01	2.484921e-09	2.275543e-09	9.266484e-12	1.831653e-10	1.551638e-11	1.004543e+02	
80  5264.85	2.247809e+00	1.148546e-01	1.042451e+00	1.113994e-01	2.484921e-09	2.275543e-09	9.266484e-12	1.831653e-10	1.551638e-11	9.976164e+01	
20  5264.79	2.247809e+00	1.148546e-01	1.042451e+00	1.113994e-01	2.484921e-09	2.275543e-09	9.266484e-12	1.831653e-10	1.551638e-11	9.977373e+01	
20  5264.13	2.247809e+00	1.148546e-01	1.042451e+00	1.113994e-01	2.484921e-09	2.275543e-09	9.266484e-12	1.831653e-10	1.551638e-11	1.000729e+02	
20  5264.47	2.247809e+00	1.148546e-01	1.042451e+00	1.113994e-01	2.484921e-09	2.275543e-09	9.266484e-12	1.831653e-10	1.551638e-11	1.002674e+02	
120  5264.67	2.247809e+00	1.148546e-01	1.042451e+00	1.113994e-01	2.484921e-09	2.275543e-09	9.266484e-12	1.831653e-10	1.551638e-11	1.003205e+02	
60  5264.42	2.247809e+00	1.148546e-01	1.042451e+00	1.113994e-01	2.484921e-09	2.275543e-09	9.266484e-12	1.831653e-10	1.551638e-11	1.002509e+02	
50  5264.45	2.247809e+00	1.148546e-01	1.042451e+00	1.113994e-01	2.484921e-09	2.275543e-09	9.266484e-12	1.831653e-10	1.551638e-11	1.002623e+02	
30  5265.71	2.247809e+00	1.148546e-01	1.042451e+00	1.113994e-01	2.484921e-09	2.275543e-09	9.266484e-12	1.831653e-10	1.551638e-11	9.961919e+01	
20  5265.76	2.247809e+00	1.148546e-01	1.042451e+00	1.113994e-01	2.484921e-09	2.275543e-09	9.266484e-12	1.831653e-10	1.551638e-11	9.961117e+01	
40  5264.26	2.247809e+00	1.148546e-01	1.042451e+00	1.113994e-01	2.484921e-09	2.275543e-09	9.266484e-12	1.831653e-10	1.551638e-11	1.001915e+02	
10  5264.25	2.247809e+00	1.148546e-01	1.042451e+00	1.113994e-01	2.484921e-09	2.275543e-09	9.266484e-12	1.831653e-10	1.551638e-11	1.001855e+02	
80  5264.68	2.247809e+00	1.148546e-01	1.042451e+00	1.113994e-01	2.484921e-09	2.275543e-09	9.266484e-12	1.831653e-10	1.551638e-11	1.003229e+02	
20  5264.14	2.247809e+00	1.148546e-01	1.042451e+00	1.113994e-01	2.484921e-09	2.275543e-09	9.266484e-12	1.831653e-10	1.551638e-11	1.000943e+02	
60  5264.84	2.247809e+00	1.148546e-01	1.042451e+00	1.113994e-01	2.484921e-09	2.275543e-09	9.266484e-12	1.831653e-10	1.551638e-11	9.976354e+01	
30  5264.3	2.247809e+00	1.148546e-01	1.042451e+00	1.113994e-01	2.484921e-09	2.275543e-09	9.266484e-12	1.831653e-10	1.551638e-11	1.002093e+02	
130  5264.8	2.247809e+00	1.148546e-01	1.042451e+00	1.113994e-01	2.484921e-09	2.275543e-09	9.266484e-12	1.831653e-10	1.551638e-11	9.977197e+01	
20  5265.86	2.247809e+00	1.148546e-01	1.042451e+00	1.113994e-01	2.484921e-09	2.275543e-09	9.266484e-12	1.831653e-10	1.551638e-11	1.005243e+02	
60  5265.31	2.247809e+00	1.148546e-01	1.042451e+00	1.113994e-01	2.484921e-09	2.275543e-09	9.266484e-12	1.831653e-10	1.551638e-11	9.967823e+01	
70  5264.81	2.247809e+00	1.148546e-01	1.042451e+00	1.113994e-01	2.484921e-09	2.275543e-09	9.266484e-12	1.831653e-10	1.551638e-11	9.977013e+01	
40  5266.43	2.247809e+00	1.148546e-01	1.042451e+00	1.113994e-01	2.484921e-09	2.275543e-09	9.266484e-12	1.831653e-10	1.551638e-11	1.005944e+02	
90  5264.16	2.247809e+00	1.148546e-01	1.042451e+00	1.113994e-01	2.484921e-09	2.275543e-09	9.266484e-12	1.831653e-10	1.551638e-11	9.999543e+01	
20  5264.21	2.247809e+00	1.148546e-01	1.042451e+00	1.113994e-01	2.484921e-09	2.275543e-09	9.266484e-12	1.831653e-10	1.551638e-11	1.001618e+02	
20  5264.36	2.247809e+00	1.148546e-01	1.042451e+00	1.113994e-01	2.484921e-09	2.275543e-09	9.266484e-12	1.831653e-10	1.551638e-11	1.002316e+02	
50  5264.32	2.247809e+00	1.148546e-01	1.042451e+00	1.113994e-01	2.484921e-09	2.275543e-09	9.266484e-12	1.831653e-10	1.551638e-11	9.990542e+01	
60  5264.19	2.247809e+00	1.148546e-01	1.042451e+00	1.113994e-01	2.484921e-09	2.275543e-09	9.266484e-12	1.831653e-10	1.551638e-11	9.997207e+01	
10  5264.25	2.247809e+00	1.148546e-01	1.042451e+00	1.113994e-01	2.484921e-09	2.275543e-09	9.266484e-12	1.831653e-10	1.551638e-11	1.001847e+02	
30  5264.25	2.247809e+00	1.148546e-01	1.042451e+00	1.113994e-01	2.484921e-09	2.275543e-09	9.266484e-12	1.831653e-10	1.551638e-11	9.993774e+01	
50  5265.16	2.247809e+00	1.148546e-01	1.042451e+00	1.113994e-01	2.484921e-09	2.275543e-09	9.266484e-12	1.831653e-10	1.551638e-11	1.004182e+02	
10  5264.77	2.247809e+00	1.148546e-01	1.042451e+00	1.113994e-01	2.484921e-09	2.275543e-09	9.266484e-12	1.831653e-10	1.551638e-11	1.003429e+02	
100  5264.24	2.247809e+00	1.148546e-01	1.042451e+00	1.113994e-01	2.484921e-09	2.275543e-09	9.266484e-12	1.831653e-10	1.551638e-11	9.994432e+01	
100  5264.27	2.247809e+00	1.148546e-01	1.042451e+00	1.113994e-01	2.484921e-09	2.275543e-09	9.266484e-12	1.831653e-10	1.551638e-11	9.992599e+01	
60  5264.14	2.247809e+00	1.148546e-01	1.042451e+00	1.113994e-01	2.484921e-09	2.275543e-09	9.266484e-12	1.831653e-10	1.551638e-11	1.000955e+02	
10  5265.06	2.247809e+00	1.148546e-01	1.042451e+00	1.113994e-01	2.484921e-09	2.275543e-09	9.266484e-12	1.831653e-10	1.551638e-11	9.972151e+01	
70  5264.67	2.247809e+00	1.148546e-01	1.042451e+00	1.113994e-01	2.484921e-09	2.275543e-09	9.266484e-12	1.831653e-10	1.551638e-11	9.980163e+01	
20  5264.31	2.247809e+00	1.148546e-01	1.042451e+00	1.113994e-01	2.484921e-09	2.275543e-09	9.266484e-12	1.831653e-10	1.551638e-11	1.002136e+02	
90  5264.72	2.247809e+00	1.148546e-01	1.042451e+00	1.113994e-01	2.484921e-09	2.275543e-09	9.266484e-12	1.831653e-10	1.551638e-11	1.003327e+02	
50  5264.14	2.247809e+00	1.148546e-01	1.042451e+00	1.113994e-01	2.484921e-09	2.275543e-09	9.266484e-12	1.831653e-10	1.551638e-11	1.000154e+02	
70  5264.6	2.247809e+00	1.148546e-01	1.042451e+00	1.113994e-01	2.484921e-09	2.275543e-09	9.266484e-12	1.831653e-10	1.551638e-11	9.981966e+01	
20  5267.88	2.247809e+00	1.148546e-01	1.042451e+00	1.113994e-01	2.484921e-09	2.275543e-09	9.266484e-12	1.831653e-10	1.551638e-11	1.007430e+02	
30  5266.69	2.247809e+00	1.148546e-01	1.042451e+00	1.113994e-01	2.484921e-09	2.275543e-09	9.266484e-12	1.831653e-10	1.551638e-11	1.006243e+02	
20  5266.39	2.247809e+00	1.148546e-01	1.042451e+00	1.113994e-01	2.484921e-09	2.275543e-09	9.266484e-12	1.831653e-10	1.551638e-11	1.005904e+02	
20  5264.4	2.247809e+00	1.148546e-01	1.042451e+00	1.113994e-01	2.484921e-09	2.275543e-09	9.266484e-12	1.831653e-10	1.551638e-11	1.002464e+02	
30  5265.86	2.247809e+00	1.148546e-01	1.042451e+00	1.113994e-01	2.484921e-09	2.275543e-09	9.266484e-12	1.831653e-10	1.551638e-11	9.959776e+01	
60  5264.46	2.247809e+00	1.148546e-01	1.042451e+00	1.113994e-01	2.484921e-09	2.275543e-09	9.266484e-12	1.831653e-10	1.551638e-11	9.985676e+01	
30  5264.68	2.247809e+00	1.148546e-01	1.042451e+00	1.113994e-01	2.484921e-09	2.275543e-09	9.266484e-12	1.831653e-10	1.551638e-11	1.003234e+02	
10  5266.13	2.247809e+00	1.148546e-01	1.042451e+00	1.113994e-01	2.484921e-09	2.275543e-09	9.266484e-12	1.831653e-10	1.551638e-11	9.956329e+01	
20  5265.88	2.247809e+00	1.148546e-01	1.042451e+00	1.113994e-01	2.484921e-09	2.275543e-09	9.266484e-12	1.831653e-10	1.551638e-11	9.959545e+01	
20  5265.12	2.247809e+00	1.148546e-01	1.042451e+00	1.113994e-01	2.484921e-09	2.275543e-09	9.266484e-12	1.831653e-10	1.551638e-11	1.004118e+02	
80  5264.73	2.247809e+00	1.148546e-01	1.042451e+00	1.113994e-01	2.484921e-09	2.275543e-09	9.266484e-12	1.831653e-10	1.551638e-11	1.003343e+02	
40  5265.11	2.247809e+00	1.148546e-01	1.042451e+00	1.113994e-01	2.484921e-09	2.275543e-09	9.266484e-12	1.831653e-10	1.551638e-11	1.004093e+02	
150  5264.69	2.247809e+00	1.148546e-01	1.042451e+00	1.113994e-01	2.484921e-09	2.275543e-09	9.266484e-12	1.831653e-10	1.551638e-11	9.979783e+01	
20  5264.17	2.247809e+00	1.148546e-01	1.042451e+00	1.113994e-01	2.484921e-09	2.275543e-09	9.266484e-12	1.831653e-10	1.551638e-11	1.001360e+02	
70  5264.62	2.247809e+00	1.148546e-01	1.042451e+00	1.113994e-01	2.484921e-09	2.275543e-09	9.266484e-12	1.831653e-10	1.551638e-11	1.003092e+02	
50  5264.26	2.247809e+00	1.148546e-01	1.042451e+00	1.113994e-01	2.484921e-09	2.275543e-09	9.266484e-12	1.831653e-10	1.551638e-11	1.001893e+02	
70  5264.14	2.247809e+00	1.148546e-01	1.042451e+00	1.113994e-01	2.484921e-09	2.275543e-09	9.266484e-12	1.831653e-10	1.551638e-11	1.000162e+02	
80  5264.5	2.247809e+00	1.148546e-01	1.042451e+00	1.113994e-01	2.484921e-09	2.275543e-09	9.266484e-12	1.831653e-10	1.551638e-11	9.984514e+01	
20  5264.15	2.247809e+00	1.148546e-01	1.042451e+00	1.113994e-01	2.484921e-09	2.275543e-09	9.266484e-12	1.831653e-10	1.551638e-11	1.000072e+02	
20  5265.52	2.247809e+00	1.148546e-01	1.042451e+00	1.113994e-01	2.484921e-09	2.275543e-09	9.266484e-12	1.831653e-10	1.551638e-11	1.004761e+02	
20  5265.17	2.247809e+00	1.148546e-01	1.042451e+00	1.113994e-01	2.484921e-09	2.275543e-09	9.266484e-12	1.831653e-10	1.551638e-11	9.970144e+01	
180  5266.54	2.247809e+00	1.148546e-01	1.042451e+00	1.113994e-01	2.484921e-09	2.275543e-09	9.266484e-12	1.831653e-10	1.551638e-11	9.951519e+01	
20  5264.9	2.247809e+00	1.148546e-01	1.042451e+00	1.113994e-01	2.484921e-09	2.275543e-09	9.266484e-12	1.831653e-10	1.551638e-11	9.975089e+01	
40  5265.59	2.247809e+00	1.148546e-01	1.042451e+00	1.113994e-01	2.484921e-09	2.275543e-09	9.266484e-12	1.831653e-10	1.551638e-11	9.963553e+01	
280  5264.16	2.247809e+00	1.148546e-01	1.042451e+00	1.113994e-01	2.484921e-09	2.275543e-09	9.266484e-12	1.831653e-10	1.551638e-11	9.999900e+01	
110  5264.18	2.247809e+00	1.148546e-01	1.042451e+00	1.113994e-01	2.484921e-09	2.275543e-09	9.266484e-12	1.831653e-10	1.551638e-11	9.998231e+01	
10  5264.14	2.247809e+00	1.148546e-01	1.042451e+00	1.113994e-01	2.484921e-09	2.275543e-09	9.266484e-12	1.831653e-10	1.551638e-11	1.000253e+02	
20  5265.95	2.247809e+00	1.148546e-01	1.042451e+00	1.113994e-01	2.484921e-09	2.275543e-09	9.266484e-12	1.831653e-10	1.551638e-11	1.005359e+02	
90  5264.22	2.247809e+00	1.148546e-01	1.042451e+00	1.113994e-01	2.484921e-09	2.275543e-09	9.266484e-12	1.831653e-10	1.551638e-11	1.001685e+02	
10  5264.13	2.247809e+00	1.148546e-01	1.042451e+00	1.113994e-01	2.484921e-09	2.275543e-09	9.266484e-12	1.831653e-10	1.551638e-11	1.000814e+02	
140  5264.35	2.247809e+00	1.148546e-01	1.042451e+00	1.113994e-01	2.484921e-09	2.275543e-09	9.266484e-12	1.831653e-10	1.551638e-11	9.989477e+01	
40  5264.21	2.247809e+00	1.148546e-01	1.042451e+00	1.113994e-01	2.484921e-09	2.275543e-09	9.266484e-12	1.831653e-10	1.551638e-11	9.996129e+01	
90  5264.67	2.247809e+00	1.148546e-01	1.042451e+00	1.113994e-01	2.484921e-09	2.275543e-09	9.266484e-12	1.831653e-10	1.551638e-11	9.980297e+01	
30  5264.56	2.247809e+00	1.148546e-01	1.042451e+00	1.113994e-01	2.484921e-09	2.275543e-09	9.266484e-12	1.831653e-10	1.551638e-11	9.982896e+01	
80  5264.83	2.247809e+00	1.148546e-01	1.042451e+00	1.113994e-01	2.484921e-09	2.275543e-09	9.266484e-12	1.831653e-10	1.551638e-11	1.003558e+02	
20  5264.59	2.247809e+00	1.148546e-01	1.042451e+00	1.113994e-01	2.484921e-09	2.275543e-09	9.266484e-12	1.831653e-10	1.551638e-11	9.982044e+01	
90  5264.4	2.247809e+00	1.148546e-01	1.042451e+00	1.113994e-01	2.484921e-09	2.275543e-09	9.266484e-12	1.831653e-10	1.551638e-11	9.987568e+01	
10  5264.14	2.247809e+00	1.148546e-01	1.042451e+00	1.113994e-01	2.484921e-09	2.275543e-09	9.266484e-12	1.831653e-10	1.551638e-11	1.000248e+02	
20  5264.13	2.247809e+00	1.148546e-01	1.042451e+00	1.113994e-01	2.484921e-09	2.275543e-09	9.266484e-12	1.831653e-10	1.551638e-11	1.000915e+02	
40  5264.93	2.247809e+00	1.148546e-01	1.042451e+00	1.113994e-01	2.484921e-09	2.275543e-09	9.266484e-12	1.831653e-10	1.551638e-11	1.003762e+02	
30  5265.87	2.247809e+00	1.148546e-01	1.042451e+00	1.113994e-01	2.484921e-09	2.275543e-09	9.266484e-12	1.831653e-10	1.551638e-11	1.005251e+02	
100  5264.16	2.247809e+00	1.148546e-01	1.042451e+00	1.113994e-01	2.484921e-09	2.275543e-09	9.266484e-12	1.831653e-10	1.551638e-11	9.999329e+01	
100  5264.18	2.247809e+00	1.148546e-01	1.042451e+00	1.113994e-01	2.484921e-09	2.275543e-09	9.266484e-12	1.831653e-10	1.551638e-11	1.001430e+02	
80  5264.36	2.247809e+00	1.148546e-01	1.042451e+00	1.113994e-01	2.484921e-09	2.275543e-09	9.266484e-12	1.831653e-10	1.551638e-11	9.989147e+01	
10  5264.58	2.247809e+00	1.148546e-01	1.042451e+00	1.113994e-01	2.484921e-09	2.275543e-09	9.266484e-12	1.831653e-10	1.551638e-11	1.002985e+02	
150  5264.14	2.247809e+00	1.148546e-01	1.042451e+00	1.113994e-01	2.484921e-09	2.275543e-09	9.266484e-12	1.831653e-10	1.551638e-11	1.000204e+02	
20  5265.18	2.247809e+00	1.148546e-01	1.042451e+00	1.113994e-01	2.484921e-09	2.275543e-09	9.266484e-12	1.831653e-10	1.551638e-11	1.004221e+02	
90  5264.62	2.247809e+00	1.148546e-01	1.042451e+00	1.113994e-01	2.484921e-09	2.275543e-09	9.266484e-12	1.831653e-10	1.551638e-11	1.003085e+02	
30  5267.8	2.247809e+00	1.148546e-01	1.042451e+00	1.113994e-01	2.484921e-09	2.275543e-09	9.266484e-12	1.831653e-10	1.551638e-11	9.938714e+01	
90  5264.67	2.247809e+00	1.148546e-01	1.042451e+00	1.113994e-01	2.484921e-09	2.275543e-09	9.266484e-12	1.831653e-10	1.551638e-11	9.980203e+01	
280  5264.17	2.247809e+00	1.148546e-01	1.042451e+00	1.113994e-01	2.484921e-09	2.275543e-09	9.266484e-12	1.831653e-10	1.551638e-11	1.001357e+02	
30  5264.38	2.247809e+00	1.148546e-01	1.042451e+00	1.113994e-01	2.484921e-09	2.275543e-09	9.266484e-12	1.831653e-10	1.551638e-11	1.002392e+02	
200  5264.54	2.247809e+00	1.148546e-01	1.042451e+00	1.113994e-01	2.484921e-09	2.275543e-09	9.266484e-12	1.831653e-10	1.551638e-11	9.983551e+01	
10  5264.41	2.247809e+00	1.148546e-01	1.042451e+00	1.113994e-01	2.484921e-09	2.275543e-09	9.266484e-12	1.831653e-10	1.551638e-11	9.987440e+01	
90  5264.22	2.247809e+00	1.148546e-01	1.042451e+00	1.113994e-01	2.484921e-09	2.275543e-09	9.266484e-12	1.831653e-10	1.551638e-11	1.001679e+02	
120  5265.46	2.247809e+00	1.148546e-01	1.042451e+00	1.113994e-01	2.484921e-09	2.275543e-09	9.266484e-12	1.831653e-10	1.551638e-11	1.004669e+02	
30  5264.95	2.247809e+00	1.148546e-01	1.042451e+00	1.113994e-01	2.484921e-09	2.275543e-09	9.266484e-12	1.831653e-10	1.551638e-11	1.003802e+02	
100  5264.38	2.247809e+00	1.148546e-01	1.042451e+00	1.113994e-01	2.484921e-09	2.275543e-09	9.266484e-12	1.831653e-10	1.551638e-11	1.002367e+02	
40  5264.15	2.247809e+00	1.148546e-01	1.042451e+00	1.113994e-01	2.484921e-09	2.275543e-09	9.266484e-12	1.831653e-10	1.551638e-11	1.000076e+02	
40  5264.16	2.247809e+00	1.148546e-01	1.042451e+00	1.113994e-01	2.484921e-09	2.275543e-09	9.266484e-12	1.831653e-10	1.551638e-11	9.999808e+01	
40  5265	2.247809e+00	1.148546e-01	1.042451e+00	1.113994e-01	2.484921e-09	2.275543e-09	9.266484e-12	1.831653e-10	1.551638e-11	1.003898e+02	
130  5264.14	2.247809e+00	1.148546e-01	1.042451e+00	1.113994e-01	2.484921e-09	2.275543e-09	9.266484e-12	1.831653e-10	1.551638e-11	1.001087e+02	
10  5264.59	2.247809e+00	1.148546e-01	1.042451e+00	1.113994e-01	2.484921e-09	2.275543e-09	9.266484e-12	1.831653e-10	1.551638e-11	9.982156e+01	
20  5265.12	2.247809e+00	1.148546e-01	1.042451e+00	1.113994e-01	2.484921e-09	2.275543e-09	9.266484e-12	1.831653e-10	1.551638e-11	9.971096e+01	
20  5264.71	2.247809e+00	1.148546e-01	1.042451e+00	1.113994e-01	2.484921e-09	2.275543e-09	9.266484e-12	1.831653e-10	1.551638e-11	9.979320e+01	
30  5264.22	2.247809e+00	1.148546e-01	1.042451e+00	1.113994e-01	2.484921e-09	2.275543e-09	9.266484e-12	1.831653e-10	1.551638e-11	9.995288e+01	
100  5264.14	2.247809e+00	1.148546e-01	1.042451e+00	1.113994e-01	2.484921e-09	2.275543e-09	9.266484e-12	1.831653e-10	1.551638e-11	1.000205e+02	
20  5265.6	2.247809e+00	1.148546e-01	1.042451e+00	1.113994e-01	2.484921e-09	2.275543e-09	9.266484e-12	1.831653e-10	1.551638e-11	9.963415e+01	
30  5266.03	2.247809e+00	1.148546e-01	1.042451e+00	1.113994e-01	2.484921e-09	2.275543e-09	9.266484e-12	1.831653e-10	1.551638e-11	1.005467e+02	
140  5264.66	2.247809e+00	1.148546e-01	1.042451e+00	1.113994e-01	2.484921e-09	2.275543e-09	9.266484e-12	1.831653e-10	1.551638e-11	1.003169e+02	
40  5264.47	2.247809e+00	1.148546e-01	1.042451e+00	1.113994e-01	2.484921e-09	2.275543e-09	9.266484e-12	1.831653e-10	1.551638e-11	1.002664e+02	
30  5265.39	2.247809e+00	1.148546e-01	1.042451e+00	1.113994e-01	2.484921e-09	2.275543e-09	9.266484e-12	1.831653e-10	1.551638e-11	1.004565e+02	
10  5265.96	2.247809e+00	1.148546e-01	1.042451e+00	1.113994e-01	2.484921e-09	2.275543e-09	9.266484e-12	1.831653e-10	1.551638e-11	9.958527e+01	
20  5265.07	2.247809e+00	1.148546e-01	1.042451e+00	1.113994e-01	2.484921e-09	2.275543e-09	9.266484e-12	1.831653e-10	1.551638e-11	9.972021e+01	
40  5264.13	2.247809e+00	1.148546e-01	1.042451e+00	1.113994e-01	2.484921e-09	2.275543e-09	9.266484e-12	1.831653e-10	1.551638e-11	1.000328e+02	
40  5264.14	2.247809e+00	1.148546e-01	1.042451e+00	1.113994e-01	2.484921e-09	2.275543e-09	9.266484e-12	1.831653e-10	1.551638e-11	1.000982e+02	
10  5264.13	2.247809e+00	1.148546e-01	1.042451e+00	1.113994e-01	2.484921e-09	2.275543e-09	9.266484e-12	1.831653e-10	1.551638e-11	1.000532e+02	
70  5265.63	2.247809e+00	1.148546e-01	1.042451e+00	1.113994e-01	2.484921e-09	2.275543e-09	9.266484e-12	1.831653e-10	1.551638e-11	9.962944e+01	
10  5265.63	2.247809e+00	1.148546e-01	1.042451e+00	1.113994e-01	2.484921e-09	2.275543e-09	9.266484e-12	1.831653e-10	1.551638e-11	9.962982e+01	
20  5264.68	2.247809e+00	1.148546e-01	1.042451e+00	1.113994e-01	2.484921e-09	2.275543e-09	9.266484e-12	1.831653e-10	1.551638e-11	9.979992e+01	
200  5264.13	2.247809e+00	1.148546e-01	1.042451e+00	1.113994e-01	2.484921e-09	2.275543e-09	9.266484e-12	1.831653e-10	1.551638e-11	1.000587e+02	
40  5266.16	2.247809e+00	1.148546e-01	1.042451e+00	1.113994e-01	2.484921e-09	2.275543e-09	9.266484e-12	1.831653e-10	1.551638e-11	9.955904e+01	
30  5264.24	2.247809e+00	1.148546e-01	1.042451e+00	1.113994e-01	2.484921e-09	2.275543e-09	9.266484e-12	1.831653e-10	1.551638e-11	9.994097e+01	
20  5264.19	2.247809e+00	1.148546e-01	1.042451e+00	1.113994e-01	2.484921e-09	2.275543e-09	9.266484e-12	1.831653e-10	1.551638e-11	1.001506e+02	
40  5265.49	2.247809e+00	1.148546e-01	1.042451e+00	1.113994e-01	2.484921e-09	2.275543e-09	9.266484e-12	1.831653e-10	1.551638e-11	9.965007e+01	
50  5266.54	2.247809e+00	1.148546e-01	1.042451e+00	1.113994e-01	2.484921e-09	2.275543e-09	9.266484e-12	1.831653e-10	1.551638e-11	1.006078e+02	
110  5264.46	2.247809e+00	1.148546e-01	1.042451e+00	1.113994e-01	2.484921e-09	2.275543e-09	9.266484e-12	1.831653e-10	1.551638e-11	1.002641e+02	
90  5264.13	2.247809e+00	1.148546e-01	1.042451e+00	1.113994e-01	2.484921e-09	2.275543e-09	9.266484e-12	1.831653e-10	1.551638e-11	1.000813e+02	
60  5264.29	2.247809e+00	1.148546e-01	1.042451e+00	1.113994e-01	2.484921e-09	2.275543e-09	9.266484e-12	1.831653e-10	1.551638e-11	1.002013e+02	
20  5264.18	2.247809e+00	1.148546e-01	1.042451e+00	1.113994e-01	2.484921e-09	2.275543e-09	9.266484e-12	1.831653e-10	1.551638e-11	1.001402e+02	
60  5264.13	2.247809e+00	1.148546e-01	1.042451e+00	1.113994e-01	2.484921e-09	2.275543e-09	9.266484e-12	1.831653e-10	1.551638e-11	1.000712e+02	
10  5264.13	2.247809e+00	1.148546e-01	1.042451e+00	1.113994e-01	2.484921e-09	2.275543e-09	9.266484e-12	1.831653e-10	1.551638e-11	1.000823e+02	
20  5264.36	2.247809e+00	1.148546e-01	1.042451e+00	1.113994e-01	2.484921e-09	2.275543e-09	9.266484e-12	1.831653e-10	1.551638e-11	1.002325e+02	
40  5264.32	2.247809e+00	1.148546e-01	1.042451e+00	1.113994e-01	2.484921e-09	2.275543e-09	9.266484e-12	1.831653e-10	1.551638e-11	9.990458e+01	
40  5264.59	2.247809e+00	1.148546e-01	1.042451e+00	1.113994e-01	2.484921e-09	2.275543e-09	9.266484e-12	1.831653e-10	1.551638e-11	9.982044e+01	
50  5264.74	2.247809e+00	1.148546e-01	1.042451e+00	1.113994e-01	2.484921e-09	2.275543e-09	9.266484e-12	1.831653e-10	1.551638e-11	1.003372e+02	
60  5265.8	2.247809e+00	1.148546e-01	1.042451e+00	1.113994e-01	2.484921e-09	2.275543e-09	9.266484e-12	1.831653e-10	1.551638e-11	9.960620e+01	
60  5264.13	2.247809e+00	1.148546e-01	1.042451e+00	1.113994e-01	2.484921e-09	2.275543e-09	9.266484e-12	1.831653e-10	1.551638e-11	1.000294e+02	
40  5264.27	2.247809e+00	1.148546e-01	1.042451e+00	1.113994e-01	2.484921e-09	2.275543e-09	9.266484e-12	1.831653e-10	1.551638e-11	9.992687e+01	
10  5264.87	2.247809e+00	1.148546e-01	1.042451e+00	1.113994e-01	2.484921e-09	2.275543e-09	9.266484e-12	1.831653e-10	1.551638e-11	1.003650e+02	
170  5264.34	2.247809e+00	1.148546e-01	1.042451e+00	1.113994e-01	2.484921e-09	2.275543e-09	9.266484e-12	1.831653e-10	1.551638e-11	9.990000e+01	
10  5265.86	2.247809e+00	1.148546e-01	1.042451e+00	1.113994e-01	2.484921e-09	2.275543e-09	9.266484e-12	1.831653e-10	1.551638e-11	9.959829e+01	
80  5266.15	2.247809e+00	1.148546e-01	1.042451e+00	1.113994e-01	2.484921e-09	2.275543e-09	9.266484e-12	1.831653e-10	1.551638e-11	1.005611e+02	
70  5264.45	2.247809e+00	1.148546e-01	1.042451e+00	1.113994e-01	2.484921e-09	2.275543e-09	9.266484e-12	1.831653e-10	1.551638e-11	9.985954e+01	
30  5264.14	2.247809e+00	1.148546e-01	1.042451e+00	1.113994e-01	2.484921e-09	2.275543e-09	9.266484e-12	1.831653e-10	1.551638e-11	1.000214e+02	
40  5264.44	2.247809e+00	1.148546e-01	1.042451e+00	1.113994e-01	2.484921e-09	2.275543e-09	9.266484e-12	1.831653e-10	1.551638e-11	9.986358e+01	
250  5264.19	2.247809e+00	1.148546e-01	1.042451e+00	1.113994e-01	2.484921e-09	2.275543e-09	9.266484e-12	1.831653e-10	1.551638e-11	1.001472e+02	
10  5265.02	2.247809e+00	1.148546e-01	1.042451e+00	1.113994e-01	2.484921e-09	2.275543e-09	9.266484e-12	1.831653e-10	1.551638e-11	9.972791e+01	
40  5264.36	2.247809e+00	1.148546e-01	1.042451e+00	1.113994e-01	2.484921e-09	2.275543e-09	9.266484e-12	1.831653e-10	1.551638e-11	1.002320e+02	
10  5264.25	2.247809e+00	1.148546e-01	1.042451e+00	1.113994e-01	2.484921e-09	2.275543e-09	9.266484e-12	1.831653e-10	1.551638e-11	1.001849e+02	
40  5264.49	2.247809e+00	1.148546e-01	1.042451e+00	1.113994e-01	2.484921e-09	2.275543e-09	9.266484e-12	1.831653e-10	1.551638e-11	1.002730e+02	
150  5264.87	2.247809e+00	1.148546e-01	1.042451e+00	1.113994e-01	2.484921e-09	2.275543e-09	9.266484e-12	1.831653e-10	1.551638e-11	9.975751e+01	
30  5264.92	2.247809e+00	1.148546e-01	1.042451e+00	1.113994e-01	2.484921e-09	2.275543e-09	9.266484e-12	1.831653e-10	1.551638e-11	9.974808e+01	
70  5268.58	2.247809e+00	1.148546e-01	1.042451e+00	1.113994e-01	2.484921e-09	2.275543e-09	9.266484e-12	1.831653e-10	1.551638e-11	1.008031e+02	
320  5264.17	2.247809e+00	1.148546e-01	1.042451e+00	1.113994e-01	2.484921e-09	2.275543e-09	9.266484e-12	1.831653e-10	1.551638e-11	9.998687e+01	
90  5264.94	2.247809e+00	1.148546e-01	1.042451e+00	1.113994e-01	2.484921e-09	2.275543e-09	9.266484e-12	1.831653e-10	1.551638e-11	9.974434e+01	
10  5268.57	2.247809e+00	1.148546e-01	1.042451e+00	1.113994e-01	2.484921e-09	2.275543e-09	9.266484e-12	1.831653e-10	1.551638e-11	9.931945e+01	
40  5267.68	2.247809e+00	1.148546e-01	1.042451e+00	1.113994e-01	2.484921e-09	2.275543e-09	9.266484e-12	1.831653e-10	1.551638e-11	1.007244e+02	
250  5265.98	2.247809e+00	1.148546e-01	1.042451e+00	1.113994e-01	2.484921e-09	2.275543e-09	9.266484e-12	1.831653e-10	1.551638e-11	1.005400e+02	
180  5264.27	2.247809e+00	1.148546e-01	1.042451e+00	1.113994e-01	2.484921e-09	2.275543e-09	9.266484e-12	1.831653e-10	1.551638e-11	9.992972e+01	
70  5264.13	2.247809e+00	1.148546e-01	1.042451e+00	1.113994e-01	2.484921e-09	2.275543e-09	9.266484e-12	1.831653e-10	1.551638e-11	1.000634e+02	
30  5264.14	2.247809e+00	1.148546e-01	1.042451e+00	1.113994e-01	2.484921e-09	2.275543e-09	9.266484e-12	1.831653e-10	1.551638e-11	1.001041e+02	
50  5264.19	2.247809e+00	1.148546e-01	1.042451e+00	1.113994e-01	2.484921e-09	2.275543e-09	9.266484e-12	1.831653e-10	1.551638e-11	1.001507e+02	
10  5264.15	2.247809e+00	1.148546e-01	1.042451e+00	1.113994e-01	2.484921e-09	2.275543e-09	9.266484e-12	1.831653e-10	1.551638e-11	1.001177e+02	
10  5264.17	2.247809e+00	1.148546e-01	1.042451e+00	1.113994e-01	2.484921e-09	2.275543e-09	9.266484e-12	1.831653e-10	1.551638e-11	9.998633e+01	
20  5264.43	2.247809e+00	1.148546e-01	1.042451e+00	1.113994e-01	2.484921e-09	2.275543e-09	9.266484e-12	1.831653e-10	1.551638e-11	1.002543e+02	
110  5264.59	2.247809e+00	1.148546e-01	1.042451e+00	1.113994e-01	2.484921e-09	2.275543e-09	9.266484e-12	1.831653e-10	1.551638e-11	1.003016e+02	
90  5264.13	2.247809e+00	1.148546e-01	1.042451e+00	1.113994e-01	2.484921e-09	2.275543e-09	9.266484e-12	1.831653e-10	1.551638e-11	1.000461e+02	
70  5264.3	2.247809e+00	1.148546e-01	1.042451e+00	1.113994e-01	2.484921e-09	2.275543e-09	9.266484e-12	1.831653e-10	1.551638e-11	9.991324e+01	
30  5264.45	2.247809e+00	1.148546e-01	1.042451e+00	1.113994e-01	2.484921e-09	2.275543e-09	9.266484e-12	1.831653e-10	1.551638e-11	9.986007e+01	
110  5264.15	2.247809e+00	1.148546e-01	1.042451e+00	1.113994e-01	2.484921e-09	2.275543e-09	9.266484e-12	1.831653e-10	1.551638e-11	1.001121e+02	
50  5264.47	2.247809e+00	1.148546e-01	1.042451e+00	1.113994e-01	2.484921e-09	2.275543e-09	9.266484e-12	1.831653e-10	1.551638e-11	9.985454e+01	
80  5264.17	2.247809e+00	1.148546e-01	1.042451e+00	1.113994e-01	2.484921e-09	2.275543e-09	9.266484e-12	1.831653e-10	1.551638e-11	1.001359e+02	
10  5264.25	2.247809e+00	1.148546e-01	1.042451e+00	1.113994e-01	2.484921e-09	2.275543e-09	9.266484e-12	1.831653e-10	1.551638e-11	9.993761e+01	
90  5264.53	2.247809e+00	1.148546e-01	1.042451e+00	1.113994e-01	2.484921e-09	2.275543e-09	9.266484e-12	1.831653e-10	1.551638e-11	9.983815e+01	
50  5264.27	2.247809e+00	1.148546e-01	1.042451e+00	1.113994e-01	2.484921e-09	2.275543e-09	9.266484e-12	1.831653e-10	1.551638e-11	9.992903e+01	
50  5264.13	2.247809e+00	1.148546e-01	1.042451e+00	1.113994e-01	2.484921e-09	2.275543e-09	9.266484e-12	1.831653e-10	1.551638e-11	1.000450e+02	
80  5264.36	2.247809e+00	1.148546e-01	1.042451e+00	1.113994e-01	2.484921e-09	2.275543e-09	9.266484e-12	1.831653e-10	1.551638e-11	9.989035e+01	
60  5266.6	2.247809e+00	1.148546e-01	1.042451e+00	1.113994e-01	2.484921e-09	2.275543e-09	9.266484e-12	1.831653e-10	1.551638e-11	9.950817e+01	
30  5265.17	2.247809e+00	1.148546e-01	1.042451e+00	1.113994e-01	2.484921e-09	2.275543e-09	9.266484e-12	1.831653e-10	1.551638e-11	1.004211e+02	
50  5265.2	2.247809e+00	1.148546e-01	1.042451e+00	1.113994e-01	2.484921e-09	2.275543e-09	9.266484e-12	1.831653e-10	1.551638e-11	9.969701e+01	
50  5264.19	2.247809e+00	1.148546e-01	1.042451e+00	1.113994e-01	2.484921e-09	2.275543e-09	9.266484e-12	1.831653e-10	1.551638e-11	9.997146e+01	
30  5264.13	2.247809e+00	1.148546e-01	1.042451e+00	1.113994e-01	2.484921e-09	2.275543e-09	9.266484e-12	1.831653e-10	1.551638e-11	1.000749e+02	
10  5265.54	2.247809e+00	1.148546e-01	1.042451e+00	1.113994e-01	2.484921e-09	2.275543e-09	9.266484e-12	1.831653e-10	1.551638e-11	1.004790e+02	
137  5264.14	2.247809e+00	1.148546e-01	1.042451e+00	1.113994e-01	2.484921e-09	2.275543e-09	9.266484e-12	1.831653e-10	1.551638e-11	1.000156e+02	
93  5263.9	2.245895e+00	1.178594e-01	1.042003e+00	8.560675e-02	2.424206e-09	2.169428e-09	1.975217e-11	7.068432e-11	6.791002e-12	9.962201e+01	
20  5263.4	2.245895e+00	1.178594e-01	1.042003e+00	8.560675e-02	2.424206e-09	2.169428e-09	1.975217e-11	7.068432e-11	6.791002e-12	1.004139e+02	
150  5262.5	2.245895e+00	1.178594e-01	1.042003e+00	8.560675e-02	2.424206e-09	2.169428e-09	1.975217e-11	7.068432e-11	6.791002e-12	1.001873e+02	
430  5262.46	2.245895e+00	1.178594e-01	1.042003e+00	8.560675e-02	2.424206e-09	2.169428e-09	1.975217e-11	7.068432e-11	6.791002e-12	1.001632e+02	
10  5262.86	2.245895e+00	1.178594e-01	1.042003e+00	8.560675e-02	2.424206e-09	2.169428e-09	1.975217e-11	7.068432e-11	6.791002e-12	1.003040e+02	
110  5262.37	2.245895e+00	1.178594e-01	1.042003e+00	8.560675e-02	2.424206e-09	2.169428e-09	1.975217e-11	7.068432e-11	6.791002e-12	1.000678e+02	
20  5262.49	2.245895e+00	1.178594e-01	1.042003e+00	8.560675e-02	2.424206e-09	2.169428e-09	1.975217e-11	7.068432e-11	6.791002e-12	1.001817e+02	
70  5262.53	2.245895e+00	1.178594e-01	1.042003e+00	8.560675e-02	2.424206e-09	2.169428e-09	1.975217e-11	7.068432e-11	6.791002e-12	1.001970e+02	
70  5262.91	2.245895e+00	1.178594e-01	1.042003e+00	8.560675e-02	2.424206e-09	2.169428e-09	1.975217e-11	7.068432e-11	6.791002e-12	9.979857e+01	
30  5264.06	2.245895e+00	1.178594e-01	1.042003e+00	8.560675e-02	2.424206e-09	2.169428e-09	1.975217e-11	7.068432e-11	6.791002e-12	9.960011e+01	
130  5262.53	2.245895e+00	1.178594e-01	1.042003e+00	8.560675e-02	2.424206e-09	2.169428e-09	1.975217e-11	7.068432e-11	6.791002e-12	9.991532e+01	
110  5262.37	2.245895e+00	1.178594e-01	1.042003e+00	8.560675e-02	2.424206e-09	2.169428e-09	1.975217e-11	7.068432e-11	6.791002e-12	1.000381e+02	
140  5262.37	2.245895e+00	1.178594e-01	1.042003e+00	8.560675e-02	2.424206e-09	2.169428e-09	1.975217e-11	7.068432e-11	6.791002e-12	1.000865e+02	
20  5262.66	2.245895e+00	1.178594e-01	1.042003e+00	8.560675e-02	2.424206e-09	2.169428e-09	1.975217e-11	7.068432e-11	6.791002e-12	9.986778e+01	
170  5263.9	2.245895e+00	1.178594e-01	1.042003e+00	8.560675e-02	2.424206e-09	2.169428e-09	1.975217e-11	7.068432e-11	6.791002e-12	9.962227e+01	
60  5264.33	2.245895e+00	1.178594e-01	1.042003e+00	8.560675e-02	2.424206e-09	2.169428e-09	1.975217e-11	7.068432e-11	6.791002e-12	9.956491e+01	
20  5263.18	2.245895e+00	1.178594e-01	1.042003e+00	8.560675e-02	2.424206e-09	2.169428e-09	1.975217e-11	7.068432e-11	6.791002e-12	9.974001e+01	
230  5262.88	2.245895e+00	1.178594e-01	1.042003e+00	8.560675e-02	2.424206e-09	2.169428e-09	1.975217e-11	7.068432e-11	6.791002e-12	9.980447e+01	
200  5262.45	2.245895e+00	1.178594e-01	1.042003e+00	8.560675e-02	2.424206e-09	2.169428e-09	1.975217e-11	7.068432e-11	6.791002e-12	1.001597e+02	
10  5264.6	2.245895e+00	1.178594e-01	1.042003e+00	8.560675e-02	2.424206e-09	2.169428e-09	1.975217e-11	7.068432e-11	6.791002e-12	1.005824e+02	
80  5262.4	2.245895e+00	1.178594e-01	1.042003e+00	8.560675e-02	2.424206e-09	2.169428e-09	1.975217e-11	7.068432e-11	6.791002e-12	1.001236e+02	
70  5263.05	2.245895e+00	1.178594e-01	1.042003e+00	8.560675e-02	2.424206e-09	2.169428e-09	1.975217e-11	7.068432e-11	6.791002e-12	9.976679e+01	
20  5263.14	2.245895e+00	1.178594e-01	1.042003e+00	8.560675e-02	2.424206e-09	2.169428e-09	1.975217e-11	7.068432e-11	6.791002e-12	9.974755e+01	
20  5264.44	2.245895e+00	1.178594e-01	1.042003e+00	8.560675e-02	2.424206e-09	2.169428e-09	1.975217e-11	7.068432e-11	6.791002e-12	9.955059e+01	
110  5262.38	2.245895e+00	1.178594e-01	1.042003e+00	8.560675e-02	2.424206e-09	2.169428e-09	1.975217e-11	7.068432e-11	6.791002e-12	1.001010e+02	
80  5262.61	2.245895e+00	1.178594e-01	1.042003e+00	8.560675e-02	2.424206e-09	2.169428e-09	1.975217e-11	7.068432e-11	6.791002e-12	1.002291e+02	
80  5262.44	2.245895e+00	1.178594e-01	1.042003e+00	8.560675e-02	2.424206e-09	2.169428e-09	1.975217e-11	7.068432e-11	6.791002e-12	9.996474e+01	
60  5262.37	2.245895e+00	1.178594e-01	1.042003e+00	8.560675e-02	2.424206e-09	2.169428e-09	1.975217e-11	7.068432e-11	6.791002e-12	1.000735e+02	
70  5264.4	2.245895e+00	1.178594e-01	1.042003e+00	8.560675e-02	2.424206e-09	2.169428e-09	1.975217e-11	7.068432e-11	6.791002e-12	1.005586e+02	
30  5264.24	2.245895e+00	1.178594e-01	1.042003e+00	8.560675e-02	2.424206e-09	2.169428e-09	1.975217e-11	7.068432e-11	6.791002e-12	9.957587e+01	
70  5262.94	2.245895e+00	1.178594e-01	1.042003e+00	8.560675e-02	2.424206e-09	2.169428e-09	1.975217e-11	7.068432e-11	6.791002e-12	1.003223e+02	
10  5262.37	2.245895e+00	1.178594e-01	1.042003e+00	8.560675e-02	2.424206e-09	2.169428e-09	1.975217e-11	7.068432e-11	6.791002e-12	1.000293e+02	
40  5262.41	2.245895e+00	1.178594e-01	1.042003e+00	8.560675e-02	2.424206e-09	2.169428e-09	1.975217e-11	7.068432e-11	6.791002e-12	9.998803e+01	
110  5263.57	2.245895e+00	1.178594e-01	1.042003e+00	8.560675e-02	2.424206e-09	2.169428e-09	1.975217e-11	7.068432e-11	6.791002e-12	9.967178e+01	
20  5263.42	2.245895e+00	1.178594e-01	1.042003e+00	8.560675e-02	2.424206e-09	2.169428e-09	1.975217e-11	7.068432e-11	6.791002e-12	1.004186e+02	
30  5262.68	2.245895e+00	1.178594e-01	1.042003e+00	8.560675e-02	2.424206e-09	2.169428e-09	1.975217e-11	7.068432e-11	6.791002e-12	9.986132e+01	
100  5262.38	2.245895e+00	1.178594e-01	1.042003e+00	8.560675e-02	2.424206e-09	2.169428e-09	1.975217e-11	7.068432e-11	6.791002e-12	1.000909e+02	
130  5262.41	2.245895e+00	1.178594e-01	1.042003e+00	8.560675e-02	2.424206e-09	2.169428e-09	1.975217e-11	7.068432e-11	6.791002e-12	9.998072e+01	
10  5262.44	2.245895e+00	1.178594e-01	1.042003e+00	8.560675e-02	2.424206e-09	2.169428e-09	1.975217e-11	7.068432e-11	6.791002e-12	1.001530e+02	
30  5262.37	2.245895e+00	1.178594e-01	1.042003e+00	8.560675e-02	2.424206e-09	2.169428e-09	1.975217e-11	7.068432e-11	6.791002e-12	1.000771e+02	
30  5262.4	2.245895e+00	1.178594e-01	1.042003e+00	8.560675e-02	2.424206e-09	2.169428e-09	1.975217e-11	7.068432e-11	6.791002e-12	9.999773e+01	
30  5265.27	2.245895e+00	1.178594e-01	1.042003e+00	8.560675e-02	2.424206e-09	2.169428e-09	1.975217e-11	7.068432e-11	6.791002e-12	9.945813e+01	
30  5265.39	2.245895e+00	1.178594e-01	1.042003e+00	8.560675e-02	2.424206e-09	2.169428e-09	1.975217e-11	7.068432e-11	6.791002e-12	1.006690e+02	
80  5262.42	2.245895e+00	1.178594e-01	1.042003e+00	8.560675e-02	2.424206e-09	2.169428e-09	1.975217e-11	7.068432e-11	6.791002e-12	1.001403e+02	
170  5262.87	2.245895e+00	1.178594e-01	1.042003e+00	8.560675e-02	2.424206e-09	2.169428e-09	1.975217e-11	7.068432e-11	6.791002e-12	9.980891e+01	
20  5262.57	2.245895e+00	1.178594e-01	1.042003e+00	8.560675e-02	2.424206e-09	2.169428e-09	1.975217e-11	7.068432e-11	6.791002e-12	9.989942e+01	
80  5262.62	2.245895e+00	1.178594e-01	1.042003e+00	8.560675e-02	2.424206e-09	2.169428e-09	1.975217e-11	7.068432e-11	6.791002e-12	1.002358e+02	
10  5262.49	2.245895e+00	1.178594e-01	1.042003e+00	8.560675e-02	2.424206e-09	2.169428e-09	1.975217e-11	7.068432e-11	6.791002e-12	1.001802e+02	
240  5262.37	2.245895e+00	1.178594e-01	1.042003e+00	8.560675e-02	2.424206e-09	2.169428e-09	1.975217e-11	7.068432e-11	6.791002e-12	1.000432e+02	
20  5262.67	2.245895e+00	1.178594e-01	1.042003e+00	8.560675e-02	2.424206e-09	2.169428e-09	1.975217e-11	7.068432e-11	6.791002e-12	9.986444e+01	
90  5262.37	2.245895e+00	1.178594e-01	1.042003e+00	8.560675e-02	2.424206e-09	2.169428e-09	1.975217e-11	7.068432e-11	6.791002e-12	1.000639e+02	
20  5263.41	2.245895e+00	1.178594e-01	1.042003e+00	8.560675e-02	2.424206e-09	2.169428e-09	1.975217e-11	7.068432e-11	6.791002e-12	1.004171e+02	
30  5262.37	2.245895e+00	1.178594e-01	1.042003e+00	8.560675e-02	2.424206e-09	2.169428e-09	1.975217e-11	7.068432e-11	6.791002e-12	1.000531e+02	
110  5262.48	2.245895e+00	1.178594e-01	1.042003e+00	8.560675e-02	2.424206e-09	2.169428e-09	1.975217e-11	7.068432e-11	6.791002e-12	1.001747e+02	
40  5263.16	2.245895e+00	1.178594e-01	1.042003e+00	8.560675e-02	2.424206e-09	2.169428e-09	1.975217e-11	7.068432e-11	6.791002e-12	1.003694e+02	
10  5263.01	2.245895e+00	1.178594e-01	1.042003e+00	8.560675e-02	2.424206e-09	2.169428e-09	1.975217e-11	7.068432e-11	6.791002e-12	1.003381e+02	
140  5265.1	2.245895e+00	1.178594e-01	1.042003e+00	8.560675e-02	2.424206e-09	2.169428e-09	1.975217e-11	7.068432e-11	6.791002e-12	1.006383e+02	
110  5263.74	2.245895e+00	1.178594e-01	1.042003e+00	8.560675e-02	2.424206e-09	2.169428e-09	1.975217e-11	7.068432e-11	6.791002e-12	1.004695e+02	
100  5264.71	2.245895e+00	1.178594e-01	1.042003e+00	8.560675e-02	2.424206e-09	2.169428e-09	1.975217e-11	7.068432e-11	6.791002e-12	9.951821e+01	
30  5266.44	2.245895e+00	1.178594e-01	1.042003e+00	8.560675e-02	2.424206e-09	2.169428e-09	1.975217e-11	7.068432e-11	6.791002e-12	1.007666e+02	
10  5264.75	2.245895e+00	1.178594e-01	1.042003e+00	8.560675e-02	2.424206e-09	2.169428e-09	1.975217e-11	7.068432e-11	6.791002e-12	1.006003e+02	
10  5264.23	2.245895e+00	1.178594e-01	1.042003e+00	8.560675e-02	2.424206e-09	2.169428e-09	1.975217e-11	7.068432e-11	6.791002e-12	1.005368e+02	
20  5263.31	2.245895e+00	1.178594e-01	1.042003e+00	8.560675e-02	2.424206e-09	2.169428e-09	1.975217e-11	7.068432e-11	6.791002e-12	9.971632e+01	
30  5262.99	2.245895e+00	1.178594e-01	1.042003e+00	8.560675e-02	2.424206e-09	2.169428e-09	1.975217e-11	7.068432e-11	6.791002e-12	9.978026e+01	
20  5263.14	2.245895e+00	1.178594e-01	1.042003e+00	8.560675e-02	2.424206e-09	2.169428e-09	1.975217e-11	7.068432e-11	6.791002e-12	9.974823e+01	
40  5262.9	2.245895e+00	1.178594e-01	1.042003e+00	8.560675e-02	2.424206e-09	2.169428e-09	1.975217e-11	7.068432e-11	6.791002e-12	1.003136e+02	
30  5262.81	2.245895e+00	1.178594e-01	1.042003e+00	8.560675e-02	2.424206e-09	2.169428e-09	1.975217e-11	7.068432e-11	6.791002e-12	9.982331e+01	
10  5262.37	2.245895e+00	1.178594e-01	1.042003e+00	8.560675e-02	2.424206e-09	2.169428e-09	1.975217e-11	7.068432e-11	6.791002e-12	1.000586e+02	
150  5262.48	2.245895e+00	1.178594e-01	1.042003e+00	8.560675e-02	2.424206e-09	2.169428e-09	1.975217e-11	7.068432e-11	6.791002e-12	9.993907e+01	
130  5262.42	2.245895e+00	1.178594e-01	1.042003e+00	8.560675e-02	2.424206e-09	2.169428e-09	1.975217e-11	7.068432e-11	6.791002e-12	1.001379e+02	
130  5263.07	2.245895e+00	1.178594e-01	1.042003e+00	8.560675e-02	2.424206e-09	2.169428e-09	1.975217e-11	7.068432e-11	6.791002e-12	9.976284e+01	
30  5262.37	2.245895e+00	1.178594e-01	1.042003e+00	8.560675e-02	2.424206e-09	2.169428e-09	1.975217e-11	7.068432e-11	6.791002e-12	1.000286e+02	
30  5262.42	2.245895e+00	1.178594e-01	1.042003e+00	8.560675e-02	2.424206e-09	2.169428e-09	1.975217e-11	7.068432e-11	6.791002e-12	1.001379e+02	
30  5262.91	2.245895e+00	1.178594e-01	1.042003e+00	8.560675e-02	2.424206e-09	2.169428e-09	1.975217e-11	7.068432e-11	6.791002e-12	9.979846e+01	
80  5263.59	2.245895e+00	1.178594e-01	1.042003e+00	8.560675e-02	2.424206e-09	2.169428e-09	1.975217e-11	7.068432e-11	6.791002e-12	1.004457e+02	
40  5262.47	2.245895e+00	1.178594e-01	1.042003e+00	8.560675e-02	2.424206e-09	2.169428e-09	1.975217e-11	7.068432e-11	6.791002e-12	1.001719e+02	
20  5262.44	2.245895e+00	1.178594e-01	1.042003e+00	8.560675e-02	2.424206e-09	2.169428e-09	1.975217e-11	7.068432e-11	6.791002e-12	9.996463e+01	
50  5262.37	2.245895e+00	1.178594e-01	1.042003e+00	8.560675e-02	2.424206e-09	2.169428e-09	1.975217e-11	7.068432e-11	6.791002e-12	1.000736e+02	
50  5262.65	2.245895e+00	1.178594e-01	1.042003e+00	8.560675e-02	2.424206e-09	2.169428e-09	1.975217e-11	7.068432e-11	6.791002e-12	9.987071e+01	
10  5262.42	2.245895e+00	1.178594e-01	1.042003e+00	8.560675e-02	2.424206e-09	2.169428e-09	1.975217e-11	7.068432e-11	6.791002e-12	9.997799e+01	
10  5262.4	2.245895e+00	1.178594e-01	1.042003e+00	8.560675e-02	2.424206e-09	2.169428e-09	1.975217e-11	7.068432e-11	6.791002e-12	9.999512e+01	
80  5262.77	2.245895e+00	1.178594e-01	1.042003e+00	8.560675e-02	2.424206e-09	2.169428e-09	1.975217e-11	7.068432e-11	6.791002e-12	1.002797e+02	
170  5262.72	2.245895e+00	1.178594e-01	1.042003e+00	8.560675e-02	2.424206e-09	2.169428e-09	1.975217e-11	7.068432e-11	6.791002e-12	9.984708e+01	
210  5262.42	2.245895e+00	1.178594e-01	1.042003e+00	8.560675e-02	2.424206e-09	2.169428e-09	1.975217e-11	7.068432e-11	6.791002e-12	1.001386e+02	
20  5262.57	2.245895e+00	1.178594e-01	1.042003e+00	8.560675e-02	2.424206e-09	2.169428e-09	1.975217e-11	7.068432e-11	6.791002e-12	9.989876e+01	
330  5262.42	2.245895e+00	1.178594e-01	1.042003e+00	8.560675e-02	2.424206e-09	2.169428e-09	1.975217e-11	7.068432e-11	6.791002e-12	9.997961e+01	
50  5262.4	2.245895e+00	1.178594e-01	1.042003e+00	8.560675e-02	2.424206e-09	2.169428e-09	1.975217e-11	7.068432e-11	6.791002e-12	1.001253e+02	
10  5262.94	2.245895e+00	1.178594e-01	1.042003e+00	8.560675e-02	2.424206e-09	2.169428e-09	1.975217e-11	7.068432e-11	6.791002e-12	1.003225e+02	
10  5263.39	2.245895e+00	1.178594e-01	1.042003e+00	8.560675e-02	2.424206e-09	2.169428e-09	1.975217e-11	7.068432e-11	6.791002e-12	9.970088e+01	
120  5262.5	2.245895e+00	1.178594e-01	1.042003e+00	8.560675e-02	2.424206e-09	2.169428e-09	1.975217e-11	7.068432e-11	6.791002e-12	1.001856e+02	
30  5262.45	2.245895e+00	1.178594e-01	1.042003e+00	8.560675e-02	2.424206e-09	2.169428e-09	1.975217e-11	7.068432e-11	6.791002e-12	1.001600e+02	
40  5262.9	2.245895e+00	1.178594e-01	1.042003e+00	8.560675e-02	2.424206e-09	2.169428e-09	1.975217e-11	7.068432e-11	6.791002e-12	1.003138e+02	
40  5263.03	2.245895e+00	1.178594e-01	1.042003e+00	8.560675e-02	2.424206e-09	2.169428e-09	1.975217e-11	7.068432e-11	6.791002e-12	1.003436e+02	
20  5263.14	2.245895e+00	1.178594e-01	1.042003e+00	8.560675e-02	2.424206e-09	2.169428e-09	1.975217e-11	7.068432e-11	6.791002e-12	9.974711e+01	
30  5263.75	2.245895e+00	1.178594e-01	1.042003e+00	8.560675e-02	2.424206e-09	2.169428e-09	1.975217e-11	7.068432e-11	6.791002e-12	1.004703e+02	
10  5262.59	2.245895e+00	1.178594e-01	1.042003e+00	8.560675e-02	2.424206e-09	2.169428e-09	1.975217e-11	7.068432e-11	6.791002e-12	9.989036e+01	
30  5262.86	2.245895e+00	1.178594e-01	1.042003e+00	8.560675e-02	2.424206e-09	2.169428e-09	1.975217e-11	7.068432e-11	6.791002e-12	9.981082e+01	
20  5262.56	2.245895e+00	1.178594e-01	1.042003e+00	8.560675e-02	2.424206e-09	2.169428e-09	1.975217e-11	7.068432e-11	6.791002e-12	9.990151e+01	
100  5262.73	2.245895e+00	1.178594e-01	1.042003e+00	8.560675e-02	2.424206e-09	2.169428e-09	1.975217e-11	7.068432e-11	6.791002e-12	9.984614e+01	
40  5262.56	2.245895e+00	1.178594e-01	1.042003e+00	8.560675e-02	2.424206e-09	2.169428e-09	1.975217e-11	7.068432e-11	6.791002e-12	9.990385e+01	
20  5262.42	2.245895e+00	1.178594e-01	1.042003e+00	8.560675e-02	2.424206e-09	2.169428e-09	1.975217e-11	7.068432e-11	6.791002e-12	9.997303e+01	
20  5262.82	2.245895e+00	1.178594e-01	1.042003e+00	8.560675e-02	2.424206e-09	2.169428e-09	1.975217e-11	7.068432e-11	6.791002e-12	9.981999e+01	
60  5263.02	2.245895e+00	1.178594e-01	1.042003e+00	8.560675e-02	2.424206e-09	2.169428e-09	1.975217e-11	7.068432e-11	6.791002e-12	9.977294e+01	
10  5262.88	2.245895e+00	1.178594e-01	1.042003e+00	8.560675e-02	2.424206e-09	2.169428e-09	1.975217e-11	7.068432e-11	6.791002e-12	9.980590e+01	
170  5262.38	2.245895e+00	1.178594e-01	1.042003e+00	8.560675e-02	2.424206e-09	2.169428e-09	1.975217e-11	7.068432e-11	6.791002e-12	1.000198e+02	
10  5262.64	2.245895e+00	1.178594e-01	1.042003e+00	8.560675e-02	2.424206e-09	2.169428e-09	1.975217e-11	7.068432e-11	6.791002e-12	1.002405e+02	
40  5262.39	2.245895e+00	1.178594e-01	1.042003e+00	8.560675e-02	2.424206e-09	2.169428e-09	1.975217e-11	7.068432e-11	6.791002e-12	1.000044e+02	
30  5262.41	2.245895e+00	1.178594e-01	1.042003e+00	8.560675e-02	2.424206e-09	2.169428e-09	1.975217e-11	7.068432e-11	6.791002e-12	1.001313e+02	
40  5262.95	2.245895e+00	1.178594e-01	1.042003e+00	8.560675e-02	2.424206e-09	2.169428e-09	1.975217e-11	7.068432e-11	6.791002e-12	1.003265e+02	
60  5262.37	2.245895e+00	1.178594e-01	1.042003e+00	8.560675e-02	2.424206e-09	2.169428e-09	1.975217e-11	7.068432e-11	6.791002e-12	1.000666e+02	
40  5264.13	2.245895e+00	1.178594e-01	1.042003e+00	8.560675e-02	2.424206e-09	2.169428e-09	1.975217e-11	7.068432e-11	6.791002e-12	1.005246e+02	
10  5262.71	2.245895e+00	1.178594e-01	1.042003e+00	8.560675e-02	2.424206e-09	2.169428e-09	1.975217e-11	7.068432e-11	6.791002e-12	9.985078e+01	
120  5262.53	2.245895e+00	1.178594e-01	1.042003e+00	8.560675e-02	2.424206e-09	2.169428e-09	1.975217e-11	7.068432e-11	6.791002e-12	9.991334e+01	
60  5262.57	2.245895e+00	1.178594e-01	1.042003e+00	8.560675e-02	2.424206e-09	2.169428e-09	1.975217e-11	7.068432e-11	6.791002e-12	1.002162e+02	
100  5262.52	2.245895e+00	1.178594e-01	1.042003e+00	8.560675e-02	2.424206e-09	2.169428e-09	1.975217e-11	7.068432e-11	6.791002e-12	9.992133e+01	
50  5263.61	2.245895e+00	1.178594e-01	1.042003e+00	8.560675e-02	2.424206e-09	2.169428e-09	1.975217e-11	7.068432e-11	6.791002e-12	9.966546e+01	
60  5263.02	2.245895e+00	1.178594e-01	1.042003e+00	8.560675e-02	2.424206e-09	2.169428e-09	1.975217e-11	7.068432e-11	6.791002e-12	1.003412e+02	
40  5264	2.245895e+00	1.178594e-01	1.042003e+00	8.560675e-02	2.424206e-09	2.169428e-09	1.975217e-11	7.068432e-11	6.791002e-12	9.960793e+01	
20  5262.61	2.245895e+00	1.178594e-01	1.042003e+00	8.560675e-02	2.424206e-09	2.169428e-09	1.975217e-11	7.068432e-11	6.791002e-12	1.002293e+02	
60  5263.48	2.245895e+00	1.178594e-01	1.042003e+00	8.560675e-02	2.424206e-09	2.169428e-09	1.975217e-11	7.068432e-11	6.791002e-12	9.968662e+01	
150  5263.06	2.245895e+00	1.178594e-01	1.042003e+00	8.560675e-02	2.424206e-09	2.169428e-09	1.975217e-11	7.068432e-11	6.791002e-12	9.976432e+01	
40  5263.11	2.245895e+00	1.178594e-01	1.042003e+00	8.560675e-02	2.424206e-09	2.169428e-09	1.975217e-11	7.068432e-11	6.791002e-12	9.975394e+01	
40  5262.39	2.245895e+00	1.178594e-01	1.042003e+00	8.560675e-02	2.424206e-09	2.169428e-09	1.975217e-11	7.068432e-11	6.791002e-12	1.000089e+02	
20  5262.51	2.245895e+00	1.178594e-01	1.042003e+00	8.560675e-02	2.424206e-09	2.169428e-09	1.975217e-11	7.068432e-11	6.791002e-12	9.992549e+01	
110  5262.43	2.245895e+00	1.178594e-01	1.042003e+00	8.560675e-02	2.424206e-09	2.169428e-09	1.975217e-11	7.068432e-11	6.791002e-12	1.001465e+02	
100  5262.66	2.245895e+00	1.178594e-01	1.042003e+00	8.560675e-02	2.424206e-09	2.169428e-09	1.975217e-11	7.068432e-11	6.791002e-12	1.002463e+02	
30  5262.67	2.245895e+00	1.178594e-01	1.042003e+00	8.560675e-02	2.424206e-09	2.169428e-09	1.975217e-11	7.068432e-11	6.791002e-12	1.002503e+02	
20  5262.57	2.245895e+00	1.178594e-01	1.042003e+00	8.560675e-02	2.424206e-09	2.169428e-09	1.975217e-11	7.068432e-11	6.791002e-12	1.002161e+02	
10  5262.68	2.245895e+00	1.178594e-01	1.042003e+00	8.560675e-02	2.424206e-09	2.169428e-09	1.975217e-11	7.068432e-11	6.791002e-12	1.002530e+02	
90  5262.38	2.245895e+00	1.178594e-01	1.042003e+00	8.560675e-02	2.424206e-09	2.169428e-09	1.975217e-11	7.068432e-11	6.791002e-12	1.000172e+02	
70  5262.44	2.245895e+00	1.178594e-01	1.042003e+00	8.560675e-02	2.424206e-09	2.169428e-09	1.975217e-11	7.068432e-11	6.791002e-12	1.001533e+02	
40  5263.34	2.245895e+00	1.178594e-01	1.042003e+00	8.560675e-02	2.424206e-09	2.169428e-09	1.975217e-11	7.068432e-11	6.791002e-12	9.971058e+01	
40  5262.48	2.245895e+00	1.178594e-01	1.042003e+00	8.560675e-02	2.424206e-09	2.169428e-09	1.975217e-11	7.068432e-11	6.791002e-12	1.001773e+02	
50  5262.74	2.245895e+00	1.178594e-01	1.042003e+00	8.560675e-02	2.424206e-09	2.169428e-09	1.975217e-11	7.068432e-11	6.791002e-12	9.984186e+01	
30  5263.45	2.245895e+00	1.178594e-01	1.042003e+00	8.560675e-02	2.424206e-09	2.169428e-09	1.975217e-11	7.068432e-11	6.791002e-12	9.969166e+01	
140  5262.51	2.245895e+00	1.178594e-01	1.042003e+00	8.560675e-02	2.424206e-09	2.169428e-09	1.975217e-11	7.068432e-11	6.791002e-12	1.001921e+02	
40  5262.38	2.245895e+00	1.178594e-01	1.042003e+00	8.560675e-02	2.424206e-09	2.169428e-09	1.975217e-11	7.068432e-11	6.791002e-12	1.000980e+02	
30  5262.69	2.245895e+00	1.178594e-01	1.042003e+00	8.560675e-02	2.424206e-09	2.169428e-09	1.975217e-11	7.068432e-11	6.791002e-12	1.002583e+02	
30  5264.61	2.245895e+00	1.178594e-01	1.042003e+00	8.560675e-02	2.424206e-09	2.169428e-09	1.975217e-11	7.068432e-11	6.791002e-12	1.005840e+02	
130  5264.82	2.245895e+00	1.178594e-01	1.042003e+00	8.560675e-02	2.424206e-09	2.169428e-09	1.975217e-11	7.068432e-11	6.791002e-12	9.950620e+01	
60  5265.33	2.245895e+00	1.178594e-01	1.042003e+00	8.560675e-02	2.424206e-09	2.169428e-09	1.975217e-11	7.068432e-11	6.791002e-12	9.945130e+01	
130  5262.48	2.245895e+00	1.178594e-01	1.042003e+00	8.560675e-02	2.424206e-09	2.169428e-09	1.975217e-11	7.068432e-11	6.791002e-12	9.993833e+01	
10  5262.96	2.245895e+00	1.178594e-01	1.042003e+00	8.560675e-02	2.424206e-09	2.169428e-09	1.975217e-11	7.068432e-11	6.791002e-12	9.978686e+01	
10  5262.39	2.245895e+00	1.178594e-01	1.042003e+00	8.560675e-02	2.424206e-09	2.169428e-09	1.975217e-11	7.068432e-11	6.791002e-12	1.001129e+02	
80  5262.82	2.245895e+00	1.178594e-01	1.042003e+00	8.560675e-02	2.424206e-09	2.169428e-09	1.975217e-11	7.068432e-11	6.791002e-12	9.982158e+01	
110  5263.09	2.245895e+00	1.178594e-01	1.042003e+00	8.560675e-02	2.424206e-09	2.169428e-09	1.975217e-11	7.068432e-11	6.791002e-12	1.003563e+02	
80  5262.51	2.245895e+00	1.178594e-01	1.042003e+00	8.560675e-02	2.424206e-09	2.169428e-09	1.975217e-11	7.068432e-11	6.791002e-12	9.992587e+01	
160  5262.56	2.245895e+00	1.178594e-01	1.042003e+00	8.560675e-02	2.424206e-09	2.169428e-09	1.975217e-11	7.068432e-11	6.791002e-12	1.002117e+02	
10  5263.77	2.245895e+00	1.178594e-01	1.042003e+00	8.560675e-02	2.424206e-09	2.169428e-09	1.975217e-11	7.068432e-11	6.791002e-12	9.964107e+01	
180  5262.53	2.245895e+00	1.178594e-01	1.042003e+00	8.560675e-02	2.424206e-09	2.169428e-09	1.975217e-11	7.068432e-11	6.791002e-12	1.001989e+02	
120  5262.54	2.245895e+00	1.178594e-01	1.042003e+00	8.560675e-02	2.424206e-09	2.169428e-09	1.975217e-11	7.068432e-11	6.791002e-12	9.990994e+01	
70  5262.39	2.245895e+00	1.178594e-01	1.042003e+00	8.560675e-02	2.424206e-09	2.169428e-09	1.975217e-11	7.068432e-11	6.791002e-12	1.001080e+02	
330  5262.39	2.245895e+00	1.178594e-01	1.042003e+00	8.560675e-02	2.424206e-09	2.169428e-09	1.975217e-11	7.068432e-11	6.791002e-12	1.001157e+02	
68  5262.71	2.245895e+00	1.178594e-01	1.042003e+00	8.560675e-02	2.424206e-09	2.169428e-09	1.975217e-11	7.068432e-11	6.791002e-12	1.002637e+02	
72  5261.73	2.247968e+00	1.174385e-01	1.042066e+00	8.717633e-02	2.429685e-09	2.169786e-09	7.273456e-12	1.387809e-09	-5.814980e-13	1.000346e+02	
70  5261.73	2.247968e+00	1.174385e-01	1.042066e+00	8.717633e-02	2.429685e-09	2.169786e-09	7.273456e-12	1.387809e-09	-5.814980e-13	1.000255e+02	
10  5261.84	2.247968e+00	1.174385e-01	1.042066e+00	8.717633e-02	2.429685e-09	2.169786e-09	7.273456e-12	1.387809e-09	-5.814980e-13	9.993575e+01	
20  5262.54	2.247968e+00	1.174385e-01	1.042066e+00	8.717633e-02	2.429685e-09	2.169786e-09	7.273456e-12	1.387809e-09	-5.814980e-13	1.003693e+02	
80  5261.73	2.247968e+00	1.174385e-01	1.042066e+00	8.717633e-02	2.429685e-09	2.169786e-09	7.273456e-12	1.387809e-09	-5.814980e-13	1.000646e+02	
80  5261.74	2.247968e+00	1.174385e-01	1.042066e+00	8.717633e-02	2.429685e-09	2.169786e-09	7.273456e-12	1.387809e-09	-5.814980e-13	1.000087e+02	
110  5261.73	2.247968e+00	1.174385e-01	1.042066e+00	8.717633e-02	2.429685e-09	2.169786e-09	7.273456e-12	1.387809e-09	-5.814980e-13	1.000742e+02	
20  5262.32	2.247968e+00	1.174385e-01	1.042066e+00	8.717633e-02	2.429685e-09	2.169786e-09	7.273456e-12	1.387809e-09	-5.814980e-13	1.003232e+02	
10  5261.73	2.247968e+00	1.174385e-01	1.042066e+00	8.717633e-02	2.429685e-09	2.169786e-09	7.273456e-12	1.387809e-09	-5.814980e-13	1.000727e+02	
70  5262.95	2.247968e+00	1.174385e-01	1.042066e+00	8.717633e-02	2.429685e-09	2.169786e-09	7.273456e-12	1.387809e-09	-5.814980e-13	9.966320e+01	
20  5263	2.247968e+00	1.174385e-01	1.042066e+00	8.717633e-02	2.429685e-09	2.169786e-09	7.273456e-12	1.387809e-09	-5.814980e-13	1.004490e+02	
70  5261.77	2.247968e+00	1.174385e-01	1.042066e+00	8.717633e-02	2.429685e-09	2.169786e-09	7.273456e-12	1.387809e-09	-5.814980e-13	1.001198e+02	
40  5261.8	2.247968e+00	1.174385e-01	1.042066e+00	8.717633e-02	2.429685e-09	2.169786e-09	7.273456e-12	1.387809e-09	-5.814980e-13	9.995685e+01	
70  5261.74	2.247968e+00	1.174385e-01	1.042066e+00	8.717633e-02	2.429685e-09	2.169786e-09	7.273456e-12	1.387809e-09	-5.814980e-13	1.000236e+02	
130  5261.73	2.247968e+00	1.174385e-01	1.042066e+00	8.717633e-02	2.429685e-09	2.169786e-09	7.273456e-12	1.387809e-09	-5.814980e-13	1.000393e+02	
20  5261.76	2.247968e+00	1.174385e-01	1.042066e+00	8.717633e-02	2.429685e-09	2.169786e-09	7.273456e-12	1.387809e-09	-5.814980e-13	9.998657e+01	
10  5261.94	2.247968e+00	1.174385e-01	1.042066e+00	8.717633e-02	2.429685e-09	2.169786e-09	7.273456e-12	1.387809e-09	-5.814980e-13	9.989077e+01	
10  5262.32	2.247968e+00	1.174385e-01	1.042066e+00	8.717633e-02	2.429685e-09	2.169786e-09	7.273456e-12	1.387809e-09	-5.814980e-13	9.978091e+01	
10  5261.86	2.247968e+00	1.174385e-01	1.042066e+00	8.717633e-02	2.429685e-09	2.169786e-09	7.273456e-12	1.387809e-09	-5.814980e-13	1.001789e+02	
70  5262.97	2.247968e+00	1.174385e-01	1.042066e+00	8.717633e-02	2.429685e-09	2.169786e-09	7.273456e-12	1.387809e-09	-5.814980e-13	9.965968e+01	
70  5261.98	2.247968e+00	1.174385e-01	1.042066e+00	8.717633e-02	2.429685e-09	2.169786e-09	7.273456e-12	1.387809e-09	-5.814980e-13	1.002284e+02	
30  5262.44	2.247968e+00	1.174385e-01	1.042066e+00	8.717633e-02	2.429685e-09	2.169786e-09	7.273456e-12	1.387809e-09	-5.814980e-13	1.003489e+02	
30  5261.74	2.247968e+00	1.174385e-01	1.042066e+00	8.717633e-02	2.429685e-09	2.169786e-09	7.273456e-12	1.387809e-09	-5.814980e-13	1.000110e+02	
50  5261.74	2.247968e+00	1.174385e-01	1.042066e+00	8.717633e-02	2.429685e-09	2.169786e-09	7.273456e-12	1.387809e-09	-5.814980e-13	1.000199e+02	
160  5262.08	2.247968e+00	1.174385e-01	1.042066e+00	8.717633e-02	2.429685e-09	2.169786e-09	7.273456e-12	1.387809e-09	-5.814980e-13	9.984325e+01	
20  5261.74	2.247968e+00	1.174385e-01	1.042066e+00	8.717633e-02	2.429685e-09	2.169786e-09	7.273456e-12	1.387809e-09	-5.814980e-13	1.000197e+02	
20  5261.74	2.247968e+00	1.174385e-01	1.042066e+00	8.717633e-02	2.429685e-09	2.169786e-09	7.273456e-12	1.387809e-09	-5.814980e-13	1.000175e+02	
150  5261.84	2.247968e+00	1.174385e-01	1.042066e+00	8.717633e-02	2.429685e-09	2.169786e-09	7.273456e-12	1.387809e-09	-5.814980e-13	1.001681e+02	
10  5261.76	2.247968e+00	1.174385e-01	1.042066e+00	8.717633e-02	2.429685e-09	2.169786e-09	7.273456e-12	1.387809e-09	-5.814980e-13	9.999410e+01	
70  5261.74	2.247968e+00	1.174385e-01	1.042066e+00	8.717633e-02	2.429685e-09	2.169786e-09	7.273456e-12	1.387809e-09	-5.814980e-13	1.000860e+02	
50  5262.06	2.247968e+00	1.174385e-01	1.042066e+00	8.717633e-02	2.429685e-09	2.169786e-09	7.273456e-12	1.387809e-09	-5.814980e-13	1.002561e+02	
10  5262.95	2.247968e+00	1.174385e-01	1.042066e+00	8.717633e-02	2.429685e-09	2.169786e-09	7.273456e-12	1.387809e-09	-5.814980e-13	1.004415e+02	
60  5262.08	2.247968e+00	1.174385e-01	1.042066e+00	8.717633e-02	2.429685e-09	2.169786e-09	7.273456e-12	1.387809e-09	-5.814980e-13	1.002607e+02	
40  5262.16	2.247968e+00	1.174385e-01	1.042066e+00	8.717633e-02	2.429685e-09	2.169786e-09	7.273456e-12	1.387809e-09	-5.814980e-13	1.002841e+02	
110  5261.75	2.247968e+00	1.174385e-01	1.042066e+00	8.717633e-02	2.429685e-09	2.169786e-09	7.273456e-12	1.387809e-09	-5.814980e-13	9.999544e+01	
260  5261.85	2.247968e+00	1.174385e-01	1.042066e+00	8.717633e-02	2.429685e-09	2.169786e-09	7.273456e-12	1.387809e-09	-5.814980e-13	9.993126e+01	
90  5261.84	2.247968e+00	1.174385e-01	1.042066e+00	8.717633e-02	2.429685e-09	2.169786e-09	7.273456e-12	1.387809e-09	-5.814980e-13	1.001702e+02	
30  5261.76	2.247968e+00	1.174385e-01	1.042066e+00	8.717633e-02	2.429685e-09	2.169786e-09	7.273456e-12	1.387809e-09	-5.814980e-13	1.001150e+02	
