9  5276.17	2.257637e+00	1.171717e-01	1.042237e+00	7.065028e-02	2.352437e-09	2.091090e-09	2.890825e-13	4.335820e-09	-1.099158e-12	9.973802e+01	
70  5276.06	2.257637e+00	1.171717e-01	1.042237e+00	7.065028e-02	2.352437e-09	2.091090e-09	2.890825e-13	4.335820e-09	-1.099158e-12	1.003272e+02	
10  5275.42	2.257637e+00	1.171717e-01	1.042237e+00	7.065028e-02	2.352437e-09	2.091090e-09	2.890825e-13	4.335820e-09	-1.099158e-12	1.000141e+02	
140  5275.48	2.257637e+00	1.171717e-01	1.042237e+00	7.065028e-02	2.352437e-09	2.091090e-09	2.890825e-13	4.335820e-09	-1.099158e-12	9.995240e+01	
50  5276.63	2.257637e+00	1.171717e-01	1.042237e+00	7.065028e-02	2.352437e-09	2.091090e-09	2.890825e-13	4.335820e-09	-1.099158e-12	1.004319e+02	
170  5275.42	2.257637e+00	1.171717e-01	1.042237e+00	7.065028e-02	2.352437e-09	2.091090e-09	2.890825e-13	4.335820e-09	-1.099158e-12	1.000050e+02	
20  5276.52	2.257637e+00	1.171717e-01	1.042237e+00	7.065028e-02	2.352437e-09	2.091090e-09	2.890825e-13	4.335820e-09	-1.099158e-12	9.967326e+01	
40  5275.73	2.257637e+00	1.171717e-01	1.042237e+00	7.065028e-02	2.352437e-09	2.091090e-09	2.890825e-13	4.335820e-09	-1.099158e-12	9.984447e+01	
40  5275.61	2.257637e+00	1.171717e-01	1.042237e+00	7.065028e-02	2.352437e-09	2.091090e-09	2.890825e-13	4.335820e-09	-1.099158e-12	1.001983e+02	
40  5275.56	2.257637e+00	1.171717e-01	1.042237e+00	7.065028e-02	2.352437e-09	2.091090e-09	2.890825e-13	4.335820e-09	-1.099158e-12	1.001764e+02	
340  5275.78	2.257637e+00	1.171717e-01	1.042237e+00	7.065028e-02	2.352437e-09	2.091090e-09	2.890825e-13	4.335820e-09	-1.099158e-12	1.002576e+02	
80  5275.43	2.257637e+00	1.171717e-01	1.042237e+00	7.065028e-02	2.352437e-09	2.091090e-09	2.890825e-13	4.335820e-09	-1.099158e-12	1.000903e+02	
20  5277.21	2.257637e+00	1.171717e-01	1.042237e+00	7.065028e-02	2.352437e-09	2.091090e-09	2.890825e-13	4.335820e-09	-1.099158e-12	1.005152e+02	
10  5277.03	2.257637e+00	1.171717e-01	1.042237e+00	7.065028e-02	2.352437e-09	2.091090e-09	2.890825e-13	4.335820e-09	-1.099158e-12	1.004915e+02	
40  5276.31	2.257637e+00	1.171717e-01	1.042237e+00	7.065028e-02	2.352437e-09	2.091090e-09	2.890825e-13	4.335820e-09	-1.099158e-12	1.003773e+02	
30  5275.56	2.257637e+00	1.171717e-01	1.042237e+00	7.065028e-02	2.352437e-09	2.091090e-09	2.890825e-13	4.335820e-09	-1.099158e-12	9.990670e+01	
80  5275.43	2.257637e+00	1.171717e-01	1.042237e+00	7.065028e-02	2.352437e-09	2.091090e-09	2.890825e-13	4.335820e-09	-1.099158e-12	9.999481e+01	
10  5275.42	2.257637e+00	1.171717e-01	1.042237e+00	7.065028e-02	2.352437e-09	2.091090e-09	2.890825e-13	4.335820e-09	-1.099158e-12	1.000609e+02	
20  5275.47	2.257637e+00	1.171717e-01	1.042237e+00	7.065028e-02	2.352437e-09	2.091090e-09	2.890825e-13	4.335820e-09	-1.099158e-12	9.996080e+01	
10  5276.52	2.257637e+00	1.171717e-01	1.042237e+00	7.065028e-02	2.352437e-09	2.091090e-09	2.890825e-13	4.335820e-09	-1.099158e-12	9.967359e+01	
30  5276.92	2.257637e+00	1.171717e-01	1.042237e+00	7.065028e-02	2.352437e-09	2.091090e-09	2.890825e-13	4.335820e-09	-1.099158e-12	9.961196e+01	
90  5276.53	2.257637e+00	1.171717e-01	1.042237e+00	7.065028e-02	2.352437e-09	2.091090e-09	2.890825e-13	4.335820e-09	-1.099158e-12	9.967209e+01	
190  5276.11	2.257637e+00	1.171717e-01	1.042237e+00	7.065028e-02	2.352437e-09	2.091090e-09	2.890825e-13	4.335820e-09	-1.099158e-12	9.975006e+01	
180  5275.53	2.257637e+00	1.171717e-01	1.042237e+00	7.065028e-02	2.352437e-09	2.091090e-09	2.890825e-13	4.335820e-09	-1.099158e-12	1.001630e+02	
30  5276.38	2.257637e+00	1.171717e-01	1.042237e+00	7.065028e-02	2.352437e-09	2.091090e-09	2.890825e-13	4.335820e-09	-1.099158e-12	9.969840e+01	
10  5275.48	2.257637e+00	1.171717e-01	1.042237e+00	7.065028e-02	2.352437e-09	2.091090e-09	2.890825e-13	4.335820e-09	-1.099158e-12	9.995126e+01	
20  5275.83	2.257637e+00	1.171717e-01	1.042237e+00	7.065028e-02	2.352437e-09	2.091090e-09	2.890825e-13	4.335820e-09	-1.099158e-12	1.002697e+02	
40  5275.42	2.257637e+00	1.171717e-01	1.042237e+00	7.065028e-02	2.352437e-09	2.091090e-09	2.890825e-13	4.335820e-09	-1.099158e-12	1.000059e+02	
20  5276.7	2.257637e+00	1.171717e-01	1.042237e+00	7.065028e-02	2.352437e-09	2.091090e-09	2.890825e-13	4.335820e-09	-1.099158e-12	9.964400e+01	
10  5275.41	2.257637e+00	1.171717e-01	1.042237e+00	7.065028e-02	2.352437e-09	2.091090e-09	2.890825e-13	4.335820e-09	-1.099158e-12	1.000353e+02	
71  5275.55	2.257637e+00	1.171717e-01	1.042237e+00	7.065028e-02	2.352437e-09	2.091090e-09	2.890825e-13	4.335820e-09	-1.099158e-12	9.991487e+01	
39  5258.95	2.250522e+00	1.157753e-01	1.042024e+00	7.748925e-02	2.329082e-09	2.111808e-09	1.594837e-12	5.221266e-09	-1.961363e-13	9.964717e+01	
20  5258.96	2.250522e+00	1.157753e-01	1.042024e+00	7.748925e-02	2.329082e-09	2.111808e-09	1.594837e-12	5.221266e-09	-1.961363e-13	1.004282e+02	
10  5259.97	2.250522e+00	1.157753e-01	1.042024e+00	7.748925e-02	2.329082e-09	2.111808e-09	1.594837e-12	5.221266e-09	-1.961363e-13	1.005652e+02	
10  5257.98	2.250522e+00	1.157753e-01	1.042024e+00	7.748925e-02	2.329082e-09	2.111808e-09	1.594837e-12	5.221266e-09	-1.961363e-13	9.985795e+01	
20  5257.88	2.250522e+00	1.157753e-01	1.042024e+00	7.748925e-02	2.329082e-09	2.111808e-09	1.594837e-12	5.221266e-09	-1.961363e-13	9.989551e+01	
120  5257.83	2.250522e+00	1.157753e-01	1.042024e+00	7.748925e-02	2.329082e-09	2.111808e-09	1.594837e-12	5.221266e-09	-1.961363e-13	9.991815e+01	
10  5258.22	2.250522e+00	1.157753e-01	1.042024e+00	7.748925e-02	2.329082e-09	2.111808e-09	1.594837e-12	5.221266e-09	-1.961363e-13	1.002873e+02	
50  5259.41	2.250522e+00	1.157753e-01	1.042024e+00	7.748925e-02	2.329082e-09	2.111808e-09	1.594837e-12	5.221266e-09	-1.961363e-13	1.004941e+02	
10  5257.72	2.250522e+00	1.157753e-01	1.042024e+00	7.748925e-02	2.329082e-09	2.111808e-09	1.594837e-12	5.221266e-09	-1.961363e-13	1.000569e+02	
60  5257.72	2.250522e+00	1.157753e-01	1.042024e+00	7.748925e-02	2.329082e-09	2.111808e-09	1.594837e-12	5.221266e-09	-1.961363e-13	1.000164e+02	
60  5257.86	2.250522e+00	1.157753e-01	1.042024e+00	7.748925e-02	2.329082e-09	2.111808e-09	1.594837e-12	5.221266e-09	-1.961363e-13	1.001677e+02	
140  5258.04	2.250522e+00	1.157753e-01	1.042024e+00	7.748925e-02	2.329082e-09	2.111808e-09	1.594837e-12	5.221266e-09	-1.961363e-13	1.002368e+02	
280  5257.74	2.250522e+00	1.157753e-01	1.042024e+00	7.748925e-02	2.329082e-09	2.111808e-09	1.594837e-12	5.221266e-09	-1.961363e-13	9.999420e+01	
40  5257.91	2.250522e+00	1.157753e-01	1.042024e+00	7.748925e-02	2.329082e-09	2.111808e-09	1.594837e-12	5.221266e-09	-1.961363e-13	1.001893e+02	
70  5257.74	2.250522e+00	1.157753e-01	1.042024e+00	7.748925e-02	2.329082e-09	2.111808e-09	1.594837e-12	5.221266e-09	-1.961363e-13	9.998910e+01	
190  5258.53	2.250522e+00	1.157753e-01	1.042024e+00	7.748925e-02	2.329082e-09	2.111808e-09	1.594837e-12	5.221266e-09	-1.961363e-13	9.972146e+01	
40  5258.34	2.250522e+00	1.157753e-01	1.042024e+00	7.748925e-02	2.329082e-09	2.111808e-09	1.594837e-12	5.221266e-09	-1.961363e-13	9.976040e+01	
50  5258.91	2.250522e+00	1.157753e-01	1.042024e+00	7.748925e-02	2.329082e-09	2.111808e-09	1.594837e-12	5.221266e-09	-1.961363e-13	9.965350e+01	
20  5257.96	2.250522e+00	1.157753e-01	1.042024e+00	7.748925e-02	2.329082e-09	2.111808e-09	1.594837e-12	5.221266e-09	-1.961363e-13	9.986675e+01	
120  5258.2	2.250522e+00	1.157753e-01	1.042024e+00	7.748925e-02	2.329082e-09	2.111808e-09	1.594837e-12	5.221266e-09	-1.961363e-13	1.002798e+02	
40  5258.36	2.250522e+00	1.157753e-01	1.042024e+00	7.748925e-02	2.329082e-09	2.111808e-09	1.594837e-12	5.221266e-09	-1.961363e-13	9.975624e+01	
80  5257.77	2.250522e+00	1.157753e-01	1.042024e+00	7.748925e-02	2.329082e-09	2.111808e-09	1.594837e-12	5.221266e-09	-1.961363e-13	1.001150e+02	
40  5257.95	2.250522e+00	1.157753e-01	1.042024e+00	7.748925e-02	2.329082e-09	2.111808e-09	1.594837e-12	5.221266e-09	-1.961363e-13	1.002066e+02	
50  5258.09	2.250522e+00	1.157753e-01	1.042024e+00	7.748925e-02	2.329082e-09	2.111808e-09	1.594837e-12	5.221266e-09	-1.961363e-13	9.982330e+01	
90  5258.07	2.250522e+00	1.157753e-01	1.042024e+00	7.748925e-02	2.329082e-09	2.111808e-09	1.594837e-12	5.221266e-09	-1.961363e-13	9.982930e+01	
80  5257.77	2.250522e+00	1.157753e-01	1.042024e+00	7.748925e-02	2.329082e-09	2.111808e-09	1.594837e-12	5.221266e-09	-1.961363e-13	9.996019e+01	
110  5257.74	2.250522e+00	1.157753e-01	1.042024e+00	7.748925e-02	2.329082e-09	2.111808e-09	1.594837e-12	5.221266e-09	-1.961363e-13	1.000871e+02	
50  5257.77	2.250522e+00	1.157753e-01	1.042024e+00	7.748925e-02	2.329082e-09	2.111808e-09	1.594837e-12	5.221266e-09	-1.961363e-13	9.996203e+01	
60  5258.97	2.250522e+00	1.157753e-01	1.042024e+00	7.748925e-02	2.329082e-09	2.111808e-09	1.594837e-12	5.221266e-09	-1.961363e-13	1.004303e+02	
80  5257.74	2.250522e+00	1.157753e-01	1.042024e+00	7.748925e-02	2.329082e-09	2.111808e-09	1.594837e-12	5.221266e-09	-1.961363e-13	1.000807e+02	
10  5259.97	2.250522e+00	1.157753e-01	1.042024e+00	7.748925e-02	2.329082e-09	2.111808e-09	1.594837e-12	5.221266e-09	-1.961363e-13	1.005644e+02	
110  5257.89	2.250522e+00	1.157753e-01	1.042024e+00	7.748925e-02	2.329082e-09	2.111808e-09	1.594837e-12	5.221266e-09	-1.961363e-13	1.001809e+02	
10  5257.72	2.250522e+00	1.157753e-01	1.042024e+00	7.748925e-02	2.329082e-09	2.111808e-09	1.594837e-12	5.221266e-09	-1.961363e-13	1.000375e+02	
80  5257.79	2.250522e+00	1.157753e-01	1.042024e+00	7.748925e-02	2.329082e-09	2.111808e-09	1.594837e-12	5.221266e-09	-1.961363e-13	9.994446e+01	
40  5257.74	2.250522e+00	1.157753e-01	1.042024e+00	7.748925e-02	2.329082e-09	2.111808e-09	1.594837e-12	5.221266e-09	-1.961363e-13	1.000821e+02	
40  5258.05	2.250522e+00	1.157753e-01	1.042024e+00	7.748925e-02	2.329082e-09	2.111808e-09	1.594837e-12	5.221266e-09	-1.961363e-13	1.002382e+02	
20  5257.72	2.250522e+00	1.157753e-01	1.042024e+00	7.748925e-02	2.329082e-09	2.111808e-09	1.594837e-12	5.221266e-09	-1.961363e-13	1.000418e+02	
140  5257.73	2.250522e+00	1.157753e-01	1.042024e+00	7.748925e-02	2.329082e-09	2.111808e-09	1.594837e-12	5.221266e-09	-1.961363e-13	1.000745e+02	
20  5257.73	2.250522e+00	1.157753e-01	1.042024e+00	7.748925e-02	2.329082e-09	2.111808e-09	1.594837e-12	5.221266e-09	-1.961363e-13	9.999554e+01	
70  5257.72	2.250522e+00	1.157753e-01	1.042024e+00	7.748925e-02	2.329082e-09	2.111808e-09	1.594837e-12	5.221266e-09	-1.961363e-13	1.000221e+02	
60  5259.56	2.250522e+00	1.157753e-01	1.042024e+00	7.748925e-02	2.329082e-09	2.111808e-09	1.594837e-12	5.221266e-09	-1.961363e-13	1.005148e+02	
70  5258.06	2.250522e+00	1.157753e-01	1.042024e+00	7.748925e-02	2.329082e-09	2.111808e-09	1.594837e-12	5.221266e-09	-1.961363e-13	1.002428e+02	
190  5258.91	2.250522e+00	1.157753e-01	1.042024e+00	7.748925e-02	2.329082e-09	2.111808e-09	1.594837e-12	5.221266e-09	-1.961363e-13	9.965300e+01	
30  5258.16	2.250522e+00	1.157753e-01	1.042024e+00	7.748925e-02	2.329082e-09	2.111808e-09	1.594837e-12	5.221266e-09	-1.961363e-13	1.002695e+02	
30  5258.04	2.250522e+00	1.157753e-01	1.042024e+00	7.748925e-02	2.329082e-09	2.111808e-09	1.594837e-12	5.221266e-09	-1.961363e-13	1.002355e+02	
80  5258.46	2.250522e+00	1.157753e-01	1.042024e+00	7.748925e-02	2.329082e-09	2.111808e-09	1.594837e-12	5.221266e-09	-1.961363e-13	1.003396e+02	
90  5257.82	2.250522e+00	1.157753e-01	1.042024e+00	7.748925e-02	2.329082e-09	2.111808e-09	1.594837e-12	5.221266e-09	-1.961363e-13	9.992817e+01	
30  5257.81	2.250522e+00	1.157753e-01	1.042024e+00	7.748925e-02	2.329082e-09	2.111808e-09	1.594837e-12	5.221266e-09	-1.961363e-13	9.993045e+01	
160  5257.73	2.250522e+00	1.157753e-01	1.042024e+00	7.748925e-02	2.329082e-09	2.111808e-09	1.594837e-12	5.221266e-09	-1.961363e-13	1.000037e+02	
40  5257.78	2.250522e+00	1.157753e-01	1.042024e+00	7.748925e-02	2.329082e-09	2.111808e-09	1.594837e-12	5.221266e-09	-1.961363e-13	9.994926e+01	
10  5257.91	2.250522e+00	1.157753e-01	1.042024e+00	7.748925e-02	2.329082e-09	2.111808e-09	1.594837e-12	5.221266e-09	-1.961363e-13	1.001912e+02	
20  5257.97	2.250522e+00	1.157753e-01	1.042024e+00	7.748925e-02	2.329082e-09	2.111808e-09	1.594837e-12	5.221266e-09	-1.961363e-13	9.986151e+01	
20  5257.72	2.250522e+00	1.157753e-01	1.042024e+00	7.748925e-02	2.329082e-09	2.111808e-09	1.594837e-12	5.221266e-09	-1.961363e-13	1.000333e+02	
140  5257.75	2.250522e+00	1.157753e-01	1.042024e+00	7.748925e-02	2.329082e-09	2.111808e-09	1.594837e-12	5.221266e-09	-1.961363e-13	9.997660e+01	
150  5258.17	2.250522e+00	1.157753e-01	1.042024e+00	7.748925e-02	2.329082e-09	2.111808e-09	1.594837e-12	5.221266e-09	-1.961363e-13	1.002734e+02	
70  5257.81	2.250522e+00	1.157753e-01	1.042024e+00	7.748925e-02	2.329082e-09	2.111808e-09	1.594837e-12	5.221266e-09	-1.961363e-13	9.993461e+01	
40  5257.78	2.250522e+00	1.157753e-01	1.042024e+00	7.748925e-02	2.329082e-09	2.111808e-09	1.594837e-12	5.221266e-09	-1.961363e-13	9.994820e+01	
80  5257.86	2.250522e+00	1.157753e-01	1.042024e+00	7.748925e-02	2.329082e-09	2.111808e-09	1.594837e-12	5.221266e-09	-1.961363e-13	1.001705e+02	
50  5257.89	2.250522e+00	1.157753e-01	1.042024e+00	7.748925e-02	2.329082e-09	2.111808e-09	1.594837e-12	5.221266e-09	-1.961363e-13	1.001807e+02	
20  5258.4	2.250522e+00	1.157753e-01	1.042024e+00	7.748925e-02	2.329082e-09	2.111808e-09	1.594837e-12	5.221266e-09	-1.961363e-13	1.003274e+02	
60  5257.75	2.250522e+00	1.157753e-01	1.042024e+00	7.748925e-02	2.329082e-09	2.111808e-09	1.594837e-12	5.221266e-09	-1.961363e-13	1.000942e+02	
10  5257.72	2.250522e+00	1.157753e-01	1.042024e+00	7.748925e-02	2.329082e-09	2.111808e-09	1.594837e-12	5.221266e-09	-1.961363e-13	1.000376e+02	
50  5257.76	2.250522e+00	1.157753e-01	1.042024e+00	7.748925e-02	2.329082e-09	2.111808e-09	1.594837e-12	5.221266e-09	-1.961363e-13	1.001108e+02	
80  5258.12	2.250522e+00	1.157753e-01	1.042024e+00	7.748925e-02	2.329082e-09	2.111808e-09	1.594837e-12	5.221266e-09	-1.961363e-13	1.002597e+02	
10  5259.2	2.250522e+00	1.157753e-01	1.042024e+00	7.748925e-02	2.329082e-09	2.111808e-09	1.594837e-12	5.221266e-09	-1.961363e-13	1.004650e+02	
30  5258.04	2.250522e+00	1.157753e-01	1.042024e+00	7.748925e-02	2.329082e-09	2.111808e-09	1.594837e-12	5.221266e-09	-1.961363e-13	1.002371e+02	
120  5258.65	2.250522e+00	1.157753e-01	1.042024e+00	7.748925e-02	2.329082e-09	2.111808e-09	1.594837e-12	5.221266e-09	-1.961363e-13	9.969797e+01	
50  5258.91	2.250522e+00	1.157753e-01	1.042024e+00	7.748925e-02	2.329082e-09	2.111808e-09	1.594837e-12	5.221266e-09	-1.961363e-13	9.965342e+01	
50  5259.33	2.250522e+00	1.157753e-01	1.042024e+00	7.748925e-02	2.329082e-09	2.111808e-09	1.594837e-12	5.221266e-09	-1.961363e-13	9.959121e+01	
60  5258.05	2.250522e+00	1.157753e-01	1.042024e+00	7.748925e-02	2.329082e-09	2.111808e-09	1.594837e-12	5.221266e-09	-1.961363e-13	1.002382e+02	
40  5257.99	2.250522e+00	1.157753e-01	1.042024e+00	7.748925e-02	2.329082e-09	2.111808e-09	1.594837e-12	5.221266e-09	-1.961363e-13	9.985609e+01	
90  5257.74	2.250522e+00	1.157753e-01	1.042024e+00	7.748925e-02	2.329082e-09	2.111808e-09	1.594837e-12	5.221266e-09	-1.961363e-13	1.000905e+02	
100  5259.13	2.250522e+00	1.157753e-01	1.042024e+00	7.748925e-02	2.329082e-09	2.111808e-09	1.594837e-12	5.221266e-09	-1.961363e-13	1.004546e+02	
30  5258.33	2.250522e+00	1.157753e-01	1.042024e+00	7.748925e-02	2.329082e-09	2.111808e-09	1.594837e-12	5.221266e-09	-1.961363e-13	1.003117e+02	
10  5258.64	2.250522e+00	1.157753e-01	1.042024e+00	7.748925e-02	2.329082e-09	2.111808e-09	1.594837e-12	5.221266e-09	-1.961363e-13	1.003738e+02	
30  5258.47	2.250522e+00	1.157753e-01	1.042024e+00	7.748925e-02	2.329082e-09	2.111808e-09	1.594837e-12	5.221266e-09	-1.961363e-13	1.003412e+02	
10  5257.91	2.250522e+00	1.157753e-01	1.042024e+00	7.748925e-02	2.329082e-09	2.111808e-09	1.594837e-12	5.221266e-09	-1.961363e-13	9.988475e+01	
30  5258.29	2.250522e+00	1.157753e-01	1.042024e+00	7.748925e-02	2.329082e-09	2.111808e-09	1.594837e-12	5.221266e-09	-1.961363e-13	1.003024e+02	
120  5257.8	2.250522e+00	1.157753e-01	1.042024e+00	7.748925e-02	2.329082e-09	2.111808e-09	1.594837e-12	5.221266e-09	-1.961363e-13	1.001374e+02	
10  5261.29	2.250522e+00	1.157753e-01	1.042024e+00	7.748925e-02	2.329082e-09	2.111808e-09	1.594837e-12	5.221266e-09	-1.961363e-13	9.937326e+01	
70  5257.85	2.250522e+00	1.157753e-01	1.042024e+00	7.748925e-02	2.329082e-09	2.111808e-09	1.594837e-12	5.221266e-09	-1.961363e-13	1.001646e+02	
20  5258.51	2.250522e+00	1.157753e-01	1.042024e+00	7.748925e-02	2.329082e-09	2.111808e-09	1.594837e-12	5.221266e-09	-1.961363e-13	9.972423e+01	
40  5257.92	2.250522e+00	1.157753e-01	1.042024e+00	7.748925e-02	2.329082e-09	2.111808e-09	1.594837e-12	5.221266e-09	-1.961363e-13	9.987875e+01	
30  5259.93	2.250522e+00	1.157753e-01	1.042024e+00	7.748925e-02	2.329082e-09	2.111808e-09	1.594837e-12	5.221266e-09	-1.961363e-13	9.951425e+01	
70  5259.2	2.250522e+00	1.157753e-01	1.042024e+00	7.748925e-02	2.329082e-09	2.111808e-09	1.594837e-12	5.221266e-09	-1.961363e-13	9.960925e+01	
40  5257.76	2.250522e+00	1.157753e-01	1.042024e+00	7.748925e-02	2.329082e-09	2.111808e-09	1.594837e-12	5.221266e-09	-1.961363e-13	9.996351e+01	
20  5257.75	2.250522e+00	1.157753e-01	1.042024e+00	7.748925e-02	2.329082e-09	2.111808e-09	1.594837e-12	5.221266e-09	-1.961363e-13	1.000947e+02	
30  5258.82	2.250522e+00	1.157753e-01	1.042024e+00	7.748925e-02	2.329082e-09	2.111808e-09	1.594837e-12	5.221266e-09	-1.961363e-13	1.004064e+02	
20  5258.43	2.250522e+00	1.157753e-01	1.042024e+00	7.748925e-02	2.329082e-09	2.111808e-09	1.594837e-12	5.221266e-09	-1.961363e-13	1.003336e+02	
130  5258.65	2.250522e+00	1.157753e-01	1.042024e+00	7.748925e-02	2.329082e-09	2.111808e-09	1.594837e-12	5.221266e-09	-1.961363e-13	9.969740e+01	
60  5257.91	2.250522e+00	1.157753e-01	1.042024e+00	7.748925e-02	2.329082e-09	2.111808e-09	1.594837e-12	5.221266e-09	-1.961363e-13	9.988586e+01	
140  5257.74	2.250522e+00	1.157753e-01	1.042024e+00	7.748925e-02	2.329082e-09	2.111808e-09	1.594837e-12	5.221266e-09	-1.961363e-13	9.998720e+01	
160  5257.72	2.250522e+00	1.157753e-01	1.042024e+00	7.748925e-02	2.329082e-09	2.111808e-09	1.594837e-12	5.221266e-09	-1.961363e-13	1.000413e+02	
80  5259.17	2.250522e+00	1.157753e-01	1.042024e+00	7.748925e-02	2.329082e-09	2.111808e-09	1.594837e-12	5.221266e-09	-1.961363e-13	9.961414e+01	
20  5258.04	2.250522e+00	1.157753e-01	1.042024e+00	7.748925e-02	2.329082e-09	2.111808e-09	1.594837e-12	5.221266e-09	-1.961363e-13	1.002371e+02	
30  5257.75	2.250522e+00	1.157753e-01	1.042024e+00	7.748925e-02	2.329082e-09	2.111808e-09	1.594837e-12	5.221266e-09	-1.961363e-13	1.000952e+02	
80  5257.72	2.250522e+00	1.157753e-01	1.042024e+00	7.748925e-02	2.329082e-09	2.111808e-09	1.594837e-12	5.221266e-09	-1.961363e-13	1.000539e+02	
20  5258.49	2.250522e+00	1.157753e-01	1.042024e+00	7.748925e-02	2.329082e-09	2.111808e-09	1.594837e-12	5.221266e-09	-1.961363e-13	9.972925e+01	
70  5258.03	2.250522e+00	1.157753e-01	1.042024e+00	7.748925e-02	2.329082e-09	2.111808e-09	1.594837e-12	5.221266e-09	-1.961363e-13	1.002338e+02	
190  5258.03	2.250522e+00	1.157753e-01	1.042024e+00	7.748925e-02	2.329082e-09	2.111808e-09	1.594837e-12	5.221266e-09	-1.961363e-13	1.002336e+02	
50  5258.45	2.250522e+00	1.157753e-01	1.042024e+00	7.748925e-02	2.329082e-09	2.111808e-09	1.594837e-12	5.221266e-09	-1.961363e-13	9.973704e+01	
50  5258.32	2.250522e+00	1.157753e-01	1.042024e+00	7.748925e-02	2.329082e-09	2.111808e-09	1.594837e-12	5.221266e-09	-1.961363e-13	1.003106e+02	
20  5259.04	2.250522e+00	1.157753e-01	1.042024e+00	7.748925e-02	2.329082e-09	2.111808e-09	1.594837e-12	5.221266e-09	-1.961363e-13	1.004422e+02	
20  5258.49	2.250522e+00	1.157753e-01	1.042024e+00	7.748925e-02	2.329082e-09	2.111808e-09	1.594837e-12	5.221266e-09	-1.961363e-13	1.003461e+02	
10  5258.01	2.250522e+00	1.157753e-01	1.042024e+00	7.748925e-02	2.329082e-09	2.111808e-09	1.594837e-12	5.221266e-09	-1.961363e-13	9.984695e+01	
100  5257.8	2.250522e+00	1.157753e-01	1.042024e+00	7.748925e-02	2.329082e-09	2.111808e-09	1.594837e-12	5.221266e-09	-1.961363e-13	1.001349e+02	
100  5257.79	2.250522e+00	1.157753e-01	1.042024e+00	7.748925e-02	2.329082e-09	2.111808e-09	1.594837e-12	5.221266e-09	-1.961363e-13	9.994213e+01	
130  5258.52	2.250522e+00	1.157753e-01	1.042024e+00	7.748925e-02	2.329082e-09	2.111808e-09	1.594837e-12	5.221266e-09	-1.961363e-13	1.003520e+02	
60  5257.91	2.250522e+00	1.157753e-01	1.042024e+00	7.748925e-02	2.329082e-09	2.111808e-09	1.594837e-12	5.221266e-09	-1.961363e-13	9.988481e+01	
10  5258.08	2.250522e+00	1.157753e-01	1.042024e+00	7.748925e-02	2.329082e-09	2.111808e-09	1.594837e-12	5.221266e-09	-1.961363e-13	1.002471e+02	
50  5257.78	2.250522e+00	1.157753e-01	1.042024e+00	7.748925e-02	2.329082e-09	2.111808e-09	1.594837e-12	5.221266e-09	-1.961363e-13	9.995223e+01	
10  5258	2.250522e+00	1.157753e-01	1.042024e+00	7.748925e-02	2.329082e-09	2.111808e-09	1.594837e-12	5.221266e-09	-1.961363e-13	1.002234e+02	
10  5257.78	2.250522e+00	1.157753e-01	1.042024e+00	7.748925e-02	2.329082e-09	2.111808e-09	1.594837e-12	5.221266e-09	-1.961363e-13	1.001201e+02	
10  5258.91	2.250522e+00	1.157753e-01	1.042024e+00	7.748925e-02	2.329082e-09	2.111808e-09	1.594837e-12	5.221266e-09	-1.961363e-13	9.965404e+01	
20  5258.26	2.250522e+00	1.157753e-01	1.042024e+00	7.748925e-02	2.329082e-09	2.111808e-09	1.594837e-12	5.221266e-09	-1.961363e-13	9.977927e+01	
90  5257.98	2.250522e+00	1.157753e-01	1.042024e+00	7.748925e-02	2.329082e-09	2.111808e-09	1.594837e-12	5.221266e-09	-1.961363e-13	1.002157e+02	
30  5257.72	2.250522e+00	1.157753e-01	1.042024e+00	7.748925e-02	2.329082e-09	2.111808e-09	1.594837e-12	5.221266e-09	-1.961363e-13	1.000350e+02	
80  5258.36	2.250522e+00	1.157753e-01	1.042024e+00	7.748925e-02	2.329082e-09	2.111808e-09	1.594837e-12	5.221266e-09	-1.961363e-13	1.003184e+02	
170  5258.17	2.250522e+00	1.157753e-01	1.042024e+00	7.748925e-02	2.329082e-09	2.111808e-09	1.594837e-12	5.221266e-09	-1.961363e-13	9.980149e+01	
130  5257.76	2.250522e+00	1.157753e-01	1.042024e+00	7.748925e-02	2.329082e-09	2.111808e-09	1.594837e-12	5.221266e-09	-1.961363e-13	9.996399e+01	
10  5259.09	2.250522e+00	1.157753e-01	1.042024e+00	7.748925e-02	2.329082e-09	2.111808e-09	1.594837e-12	5.221266e-09	-1.961363e-13	9.962526e+01	
30  5258.91	2.250522e+00	1.157753e-01	1.042024e+00	7.748925e-02	2.329082e-09	2.111808e-09	1.594837e-12	5.221266e-09	-1.961363e-13	9.965357e+01	
30  5258.43	2.250522e+00	1.157753e-01	1.042024e+00	7.748925e-02	2.329082e-09	2.111808e-09	1.594837e-12	5.221266e-09	-1.961363e-13	9.974142e+01	
180  5257.79	2.250522e+00	1.157753e-01	1.042024e+00	7.748925e-02	2.329082e-09	2.111808e-09	1.594837e-12	5.221266e-09	-1.961363e-13	9.994579e+01	
50  5257.72	2.250522e+00	1.157753e-01	1.042024e+00	7.748925e-02	2.329082e-09	2.111808e-09	1.594837e-12	5.221266e-09	-1.961363e-13	1.000215e+02	
50  5257.72	2.250522e+00	1.157753e-01	1.042024e+00	7.748925e-02	2.329082e-09	2.111808e-09	1.594837e-12	5.221266e-09	-1.961363e-13	1.000247e+02	
170  5257.93	2.250522e+00	1.157753e-01	1.042024e+00	7.748925e-02	2.329082e-09	2.111808e-09	1.594837e-12	5.221266e-09	-1.961363e-13	9.987571e+01	
10  5259.04	2.250522e+00	1.157753e-01	1.042024e+00	7.748925e-02	2.329082e-09	2.111808e-09	1.594837e-12	5.221266e-09	-1.961363e-13	1.004414e+02	
40  5258.57	2.250522e+00	1.157753e-01	1.042024e+00	7.748925e-02	2.329082e-09	2.111808e-09	1.594837e-12	5.221266e-09	-1.961363e-13	9.971385e+01	
10  5257.93	2.250522e+00	1.157753e-01	1.042024e+00	7.748925e-02	2.329082e-09	2.111808e-09	1.594837e-12	5.221266e-09	-1.961363e-13	1.002003e+02	
100  5258.69	2.250522e+00	1.157753e-01	1.042024e+00	7.748925e-02	2.329082e-09	2.111808e-09	1.594837e-12	5.221266e-09	-1.961363e-13	1.003841e+02	
30  5257.84	2.250522e+00	1.157753e-01	1.042024e+00	7.748925e-02	2.329082e-09	2.111808e-09	1.594837e-12	5.221266e-09	-1.961363e-13	1.001613e+02	
10  5258.99	2.250522e+00	1.157753e-01	1.042024e+00	7.748925e-02	2.329082e-09	2.111808e-09	1.594837e-12	5.221266e-09	-1.961363e-13	9.964034e+01	
30  5259.15	2.250522e+00	1.157753e-01	1.042024e+00	7.748925e-02	2.329082e-09	2.111808e-09	1.594837e-12	5.221266e-09	-1.961363e-13	1.004575e+02	
90  5257.95	2.250522e+00	1.157753e-01	1.042024e+00	7.748925e-02	2.329082e-09	2.111808e-09	1.594837e-12	5.221266e-09	-1.961363e-13	1.002063e+02	
50  5261.96	2.250522e+00	1.157753e-01	1.042024e+00	7.748925e-02	2.329082e-09	2.111808e-09	1.594837e-12	5.221266e-09	-1.961363e-13	9.931353e+01	
10  5260.91	2.250522e+00	1.157753e-01	1.042024e+00	7.748925e-02	2.329082e-09	2.111808e-09	1.594837e-12	5.221266e-09	-1.961363e-13	9.940939e+01	
30  5257.74	2.250522e+00	1.157753e-01	1.042024e+00	7.748925e-02	2.329082e-09	2.111808e-09	1.594837e-12	5.221266e-09	-1.961363e-13	1.000867e+02	
10  5258.38	2.250522e+00	1.157753e-01	1.042024e+00	7.748925e-02	2.329082e-09	2.111808e-09	1.594837e-12	5.221266e-09	-1.961363e-13	1.003231e+02	
140  5259.85	2.250522e+00	1.157753e-01	1.042024e+00	7.748925e-02	2.329082e-09	2.111808e-09	1.594837e-12	5.221266e-09	-1.961363e-13	1.005505e+02	
90  5258.32	2.250522e+00	1.157753e-01	1.042024e+00	7.748925e-02	2.329082e-09	2.111808e-09	1.594837e-12	5.221266e-09	-1.961363e-13	1.003102e+02	
90  5258.93	2.250522e+00	1.157753e-01	1.042024e+00	7.748925e-02	2.329082e-09	2.111808e-09	1.594837e-12	5.221266e-09	-1.961363e-13	1.004247e+02	
30  5257.9	2.250522e+00	1.157753e-01	1.042024e+00	7.748925e-02	2.329082e-09	2.111808e-09	1.594837e-12	5.221266e-09	-1.961363e-13	9.988799e+01	
50  5257.95	2.250522e+00	1.157753e-01	1.042024e+00	7.748925e-02	2.329082e-09	2.111808e-09	1.594837e-12	5.221266e-09	-1.961363e-13	1.002078e+02	
10  5258.85	2.250522e+00	1.157753e-01	1.042024e+00	7.748925e-02	2.329082e-09	2.111808e-09	1.594837e-12	5.221266e-09	-1.961363e-13	9.966351e+01	
140  5258.15	2.250522e+00	1.157753e-01	1.042024e+00	7.748925e-02	2.329082e-09	2.111808e-09	1.594837e-12	5.221266e-09	-1.961363e-13	9.980672e+01	
50  5260.08	2.250522e+00	1.157753e-01	1.042024e+00	7.748925e-02	2.329082e-09	2.111808e-09	1.594837e-12	5.221266e-09	-1.961363e-13	9.949732e+01	
10  5258.57	2.250522e+00	1.157753e-01	1.042024e+00	7.748925e-02	2.329082e-09	2.111808e-09	1.594837e-12	5.221266e-09	-1.961363e-13	9.971383e+01	
150  5257.78	2.250522e+00	1.157753e-01	1.042024e+00	7.748925e-02	2.329082e-09	2.111808e-09	1.594837e-12	5.221266e-09	-1.961363e-13	9.995173e+01	
20  5257.87	2.250522e+00	1.157753e-01	1.042024e+00	7.748925e-02	2.329082e-09	2.111808e-09	1.594837e-12	5.221266e-09	-1.961363e-13	1.001719e+02	
10  5258.5	2.250522e+00	1.157753e-01	1.042024e+00	7.748925e-02	2.329082e-09	2.111808e-09	1.594837e-12	5.221266e-09	-1.961363e-13	9.972607e+01	
40  5257.76	2.250522e+00	1.157753e-01	1.042024e+00	7.748925e-02	2.329082e-09	2.111808e-09	1.594837e-12	5.221266e-09	-1.961363e-13	1.001078e+02	
50  5257.75	2.250522e+00	1.157753e-01	1.042024e+00	7.748925e-02	2.329082e-09	2.111808e-09	1.594837e-12	5.221266e-09	-1.961363e-13	9.997678e+01	
90  5257.8	2.250522e+00	1.157753e-01	1.042024e+00	7.748925e-02	2.329082e-09	2.111808e-09	1.594837e-12	5.221266e-09	-1.961363e-13	1.001395e+02	
50  5257.72	2.250522e+00	1.157753e-01	1.042024e+00	7.748925e-02	2.329082e-09	2.111808e-09	1.594837e-12	5.221266e-09	-1.961363e-13	1.000171e+02	
80  5257.75	2.250522e+00	1.157753e-01	1.042024e+00	7.748925e-02	2.329082e-09	2.111808e-09	1.594837e-12	5.221266e-09	-1.961363e-13	1.000933e+02	
60  5257.75	2.250522e+00	1.157753e-01	1.042024e+00	7.748925e-02	2.329082e-09	2.111808e-09	1.594837e-12	5.221266e-09	-1.961363e-13	1.001027e+02	
70  5257.74	2.250522e+00	1.157753e-01	1.042024e+00	7.748925e-02	2.329082e-09	2.111808e-09	1.594837e-12	5.221266e-09	-1.961363e-13	9.999266e+01	
50  5257.8	2.250522e+00	1.157753e-01	1.042024e+00	7.748925e-02	2.329082e-09	2.111808e-09	1.594837e-12	5.221266e-09	-1.961363e-13	1.001363e+02	
130  5257.72	2.250522e+00	1.157753e-01	1.042024e+00	7.748925e-02	2.329082e-09	2.111808e-09	1.594837e-12	5.221266e-09	-1.961363e-13	1.000600e+02	
50  5257.72	2.250522e+00	1.157753e-01	1.042024e+00	7.748925e-02	2.329082e-09	2.111808e-09	1.594837e-12	5.221266e-09	-1.961363e-13	1.000494e+02	
190  5257.74	2.250522e+00	1.157753e-01	1.042024e+00	7.748925e-02	2.329082e-09	2.111808e-09	1.594837e-12	5.221266e-09	-1.961363e-13	9.998483e+01	
130  5257.82	2.250522e+00	1.157753e-01	1.042024e+00	7.748925e-02	2.329082e-09	2.111808e-09	1.594837e-12	5.221266e-09	-1.961363e-13	9.992430e+01	
30  5257.8	2.250522e+00	1.157753e-01	1.042024e+00	7.748925e-02	2.329082e-09	2.111808e-09	1.594837e-12	5.221266e-09	-1.961363e-13	1.001384e+02	
10  5258.47	2.250522e+00	1.157753e-01	1.042024e+00	7.748925e-02	2.329082e-09	2.111808e-09	1.594837e-12	5.221266e-09	-1.961363e-13	1.003430e+02	
150  5257.94	2.250522e+00	1.157753e-01	1.042024e+00	7.748925e-02	2.329082e-09	2.111808e-09	1.594837e-12	5.221266e-09	-1.961363e-13	1.002038e+02	
40  5260.42	2.250522e+00	1.157753e-01	1.042024e+00	7.748925e-02	2.329082e-09	2.111808e-09	1.594837e-12	5.221266e-09	-1.961363e-13	9.945912e+01	
30  5261.39	2.250522e+00	1.157753e-01	1.042024e+00	7.748925e-02	2.329082e-09	2.111808e-09	1.594837e-12	5.221266e-09	-1.961363e-13	9.936351e+01	
50  5259.39	2.250522e+00	1.157753e-01	1.042024e+00	7.748925e-02	2.329082e-09	2.111808e-09	1.594837e-12	5.221266e-09	-1.961363e-13	1.004912e+02	
50  5258.8	2.250522e+00	1.157753e-01	1.042024e+00	7.748925e-02	2.329082e-09	2.111808e-09	1.594837e-12	5.221266e-09	-1.961363e-13	1.004028e+02	
40  5258.4	2.250522e+00	1.157753e-01	1.042024e+00	7.748925e-02	2.329082e-09	2.111808e-09	1.594837e-12	5.221266e-09	-1.961363e-13	9.974665e+01	
10  5257.76	2.250522e+00	1.157753e-01	1.042024e+00	7.748925e-02	2.329082e-09	2.111808e-09	1.594837e-12	5.221266e-09	-1.961363e-13	9.996573e+01	
10  5257.79	2.250522e+00	1.157753e-01	1.042024e+00	7.748925e-02	2.329082e-09	2.111808e-09	1.594837e-12	5.221266e-09	-1.961363e-13	9.994691e+01	
10  5257.84	2.250522e+00	1.157753e-01	1.042024e+00	7.748925e-02	2.329082e-09	2.111808e-09	1.594837e-12	5.221266e-09	-1.961363e-13	1.001571e+02	
80  5257.77	2.250522e+00	1.157753e-01	1.042024e+00	7.748925e-02	2.329082e-09	2.111808e-09	1.594837e-12	5.221266e-09	-1.961363e-13	9.995691e+01	
160  5257.74	2.250522e+00	1.157753e-01	1.042024e+00	7.748925e-02	2.329082e-09	2.111808e-09	1.594837e-12	5.221266e-09	-1.961363e-13	1.000876e+02	
30  5257.78	2.250522e+00	1.157753e-01	1.042024e+00	7.748925e-02	2.329082e-09	2.111808e-09	1.594837e-12	5.221266e-09	-1.961363e-13	9.994854e+01	
40  5257.82	2.250522e+00	1.157753e-01	1.042024e+00	7.748925e-02	2.329082e-09	2.111808e-09	1.594837e-12	5.221266e-09	-1.961363e-13	9.992719e+01	
80  5258.23	2.250522e+00	1.157753e-01	1.042024e+00	7.748925e-02	2.329082e-09	2.111808e-09	1.594837e-12	5.221266e-09	-1.961363e-13	1.002876e+02	
60  5258.37	2.250522e+00	1.157753e-01	1.042024e+00	7.748925e-02	2.329082e-09	2.111808e-09	1.594837e-12	5.221266e-09	-1.961363e-13	9.975346e+01	
50  5258.63	2.250522e+00	1.157753e-01	1.042024e+00	7.748925e-02	2.329082e-09	2.111808e-09	1.594837e-12	5.221266e-09	-1.961363e-13	9.970273e+01	
60  5258.21	2.250522e+00	1.157753e-01	1.042024e+00	7.748925e-02	2.329082e-09	2.111808e-09	1.594837e-12	5.221266e-09	-1.961363e-13	9.979018e+01	
50  5257.84	2.250522e+00	1.157753e-01	1.042024e+00	7.748925e-02	2.329082e-09	2.111808e-09	1.594837e-12	5.221266e-09	-1.961363e-13	9.991492e+01	
20  5257.72	2.250522e+00	1.157753e-01	1.042024e+00	7.748925e-02	2.329082e-09	2.111808e-09	1.594837e-12	5.221266e-09	-1.961363e-13	1.000349e+02	
10  5257.89	2.250522e+00	1.157753e-01	1.042024e+00	7.748925e-02	2.329082e-09	2.111808e-09	1.594837e-12	5.221266e-09	-1.961363e-13	9.989403e+01	
50  5258.7	2.250522e+00	1.157753e-01	1.042024e+00	7.748925e-02	2.329082e-09	2.111808e-09	1.594837e-12	5.221266e-09	-1.961363e-13	9.968977e+01	
30  5258.11	2.250522e+00	1.157753e-01	1.042024e+00	7.748925e-02	2.329082e-09	2.111808e-09	1.594837e-12	5.221266e-09	-1.961363e-13	1.002565e+02	
30  5258.69	2.250522e+00	1.157753e-01	1.042024e+00	7.748925e-02	2.329082e-09	2.111808e-09	1.594837e-12	5.221266e-09	-1.961363e-13	1.003846e+02	
250  5257.76	2.250522e+00	1.157753e-01	1.042024e+00	7.748925e-02	2.329082e-09	2.111808e-09	1.594837e-12	5.221266e-09	-1.961363e-13	1.001043e+02	
30  5257.81	2.250522e+00	1.157753e-01	1.042024e+00	7.748925e-02	2.329082e-09	2.111808e-09	1.594837e-12	5.221266e-09	-1.961363e-13	9.993449e+01	
60  5258.2	2.250522e+00	1.157753e-01	1.042024e+00	7.748925e-02	2.329082e-09	2.111808e-09	1.594837e-12	5.221266e-09	-1.961363e-13	1.002799e+02	
10  5257.77	2.250522e+00	1.157753e-01	1.042024e+00	7.748925e-02	2.329082e-09	2.111808e-09	1.594837e-12	5.221266e-09	-1.961363e-13	9.995648e+01	
230  5257.72	2.250522e+00	1.157753e-01	1.042024e+00	7.748925e-02	2.329082e-09	2.111808e-09	1.594837e-12	5.221266e-09	-1.961363e-13	1.000313e+02	
80  5257.72	2.250522e+00	1.157753e-01	1.042024e+00	7.748925e-02	2.329082e-09	2.111808e-09	1.594837e-12	5.221266e-09	-1.961363e-13	1.000403e+02	
10  5258.61	2.250522e+00	1.157753e-01	1.042024e+00	7.748925e-02	2.329082e-09	2.111808e-09	1.594837e-12	5.221266e-09	-1.961363e-13	1.003695e+02	
40  5257.95	2.250522e+00	1.157753e-01	1.042024e+00	7.748925e-02	2.329082e-09	2.111808e-09	1.594837e-12	5.221266e-09	-1.961363e-13	9.986804e+01	
140  5257.78	2.250522e+00	1.157753e-01	1.042024e+00	7.748925e-02	2.329082e-09	2.111808e-09	1.594837e-12	5.221266e-09	-1.961363e-13	1.001262e+02	
10  5257.75	2.250522e+00	1.157753e-01	1.042024e+00	7.748925e-02	2.329082e-09	2.111808e-09	1.594837e-12	5.221266e-09	-1.961363e-13	9.998049e+01	
50  5257.73	2.250522e+00	1.157753e-01	1.042024e+00	7.748925e-02	2.329082e-09	2.111808e-09	1.594837e-12	5.221266e-09	-1.961363e-13	1.000036e+02	
60  5258.03	2.250522e+00	1.157753e-01	1.042024e+00	7.748925e-02	2.329082e-09	2.111808e-09	1.594837e-12	5.221266e-09	-1.961363e-13	1.002347e+02	
10  5258.15	2.250522e+00	1.157753e-01	1.042024e+00	7.748925e-02	2.329082e-09	2.111808e-09	1.594837e-12	5.221266e-09	-1.961363e-13	1.002675e+02	
50  5258.18	2.250522e+00	1.157753e-01	1.042024e+00	7.748925e-02	2.329082e-09	2.111808e-09	1.594837e-12	5.221266e-09	-1.961363e-13	1.002770e+02	
30  5257.73	2.250522e+00	1.157753e-01	1.042024e+00	7.748925e-02	2.329082e-09	2.111808e-09	1.594837e-12	5.221266e-09	-1.961363e-13	1.000645e+02	
80  5257.74	2.250522e+00	1.157753e-01	1.042024e+00	7.748925e-02	2.329082e-09	2.111808e-09	1.594837e-12	5.221266e-09	-1.961363e-13	9.999180e+01	
90  5258.6	2.250522e+00	1.157753e-01	1.042024e+00	7.748925e-02	2.329082e-09	2.111808e-09	1.594837e-12	5.221266e-09	-1.961363e-13	9.970673e+01	
120  5258.25	2.250522e+00	1.157753e-01	1.042024e+00	7.748925e-02	2.329082e-09	2.111808e-09	1.594837e-12	5.221266e-09	-1.961363e-13	1.002943e+02	
30  5258.96	2.250522e+00	1.157753e-01	1.042024e+00	7.748925e-02	2.329082e-09	2.111808e-09	1.594837e-12	5.221266e-09	-1.961363e-13	1.004296e+02	
10  5258.24	2.250522e+00	1.157753e-01	1.042024e+00	7.748925e-02	2.329082e-09	2.111808e-09	1.594837e-12	5.221266e-09	-1.961363e-13	1.002912e+02	
100  5257.75	2.250522e+00	1.157753e-01	1.042024e+00	7.748925e-02	2.329082e-09	2.111808e-09	1.594837e-12	5.221266e-09	-1.961363e-13	1.000937e+02	
20  5257.73	2.250522e+00	1.157753e-01	1.042024e+00	7.748925e-02	2.329082e-09	2.111808e-09	1.594837e-12	5.221266e-09	-1.961363e-13	1.000040e+02	
20  5257.94	2.250522e+00	1.157753e-01	1.042024e+00	7.748925e-02	2.329082e-09	2.111808e-09	1.594837e-12	5.221266e-09	-1.961363e-13	9.987111e+01	
40  5258.17	2.250522e+00	1.157753e-01	1.042024e+00	7.748925e-02	2.329082e-09	2.111808e-09	1.594837e-12	5.221266e-09	-1.961363e-13	9.980217e+01	
90  5257.72	2.250522e+00	1.157753e-01	1.042024e+00	7.748925e-02	2.329082e-09	2.111808e-09	1.594837e-12	5.221266e-09	-1.961363e-13	1.000483e+02	
20  5257.74	2.250522e+00	1.157753e-01	1.042024e+00	7.748925e-02	2.329082e-09	2.111808e-09	1.594837e-12	5.221266e-09	-1.961363e-13	9.998220e+01	
20  5257.86	2.250522e+00	1.157753e-01	1.042024e+00	7.748925e-02	2.329082e-09	2.111808e-09	1.594837e-12	5.221266e-09	-1.961363e-13	9.990516e+01	
50  5258.07	2.250522e+00	1.157753e-01	1.042024e+00	7.748925e-02	2.329082e-09	2.111808e-09	1.594837e-12	5.221266e-09	-1.961363e-13	9.982794e+01	
30  5258.34	2.250522e+00	1.157753e-01	1.042024e+00	7.748925e-02	2.329082e-09	2.111808e-09	1.594837e-12	5.221266e-09	-1.961363e-13	1.003133e+02	
10  5258.42	2.250522e+00	1.157753e-01	1.042024e+00	7.748925e-02	2.329082e-09	2.111808e-09	1.594837e-12	5.221266e-09	-1.961363e-13	1.003322e+02	
120  5258.13	2.250522e+00	1.157753e-01	1.042024e+00	7.748925e-02	2.329082e-09	2.111808e-09	1.594837e-12	5.221266e-09	-1.961363e-13	9.981157e+01	
30  5258.1	2.250522e+00	1.157753e-01	1.042024e+00	7.748925e-02	2.329082e-09	2.111808e-09	1.594837e-12	5.221266e-09	-1.961363e-13	9.981982e+01	
140  5258.12	2.250522e+00	1.157753e-01	1.042024e+00	7.748925e-02	2.329082e-09	2.111808e-09	1.594837e-12	5.221266e-09	-1.961363e-13	9.981522e+01	
50  5257.77	2.250522e+00	1.157753e-01	1.042024e+00	7.748925e-02	2.329082e-09	2.111808e-09	1.594837e-12	5.221266e-09	-1.961363e-13	1.001127e+02	
160  5257.82	2.250522e+00	1.157753e-01	1.042024e+00	7.748925e-02	2.329082e-09	2.111808e-09	1.594837e-12	5.221266e-09	-1.961363e-13	1.001506e+02	
170  5257.96	2.250522e+00	1.157753e-01	1.042024e+00	7.748925e-02	2.329082e-09	2.111808e-09	1.594837e-12	5.221266e-09	-1.961363e-13	1.002081e+02	
220  5257.78	2.250522e+00	1.157753e-01	1.042024e+00	7.748925e-02	2.329082e-09	2.111808e-09	1.594837e-12	5.221266e-09	-1.961363e-13	1.001200e+02	
170  5257.72	2.250522e+00	1.157753e-01	1.042024e+00	7.748925e-02	2.329082e-09	2.111808e-09	1.594837e-12	5.221266e-09	-1.961363e-13	1.000306e+02	
240  5257.83	2.250522e+00	1.157753e-01	1.042024e+00	7.748925e-02	2.329082e-09	2.111808e-09	1.594837e-12	5.221266e-09	-1.961363e-13	1.001515e+02	
30  5257.74	2.250522e+00	1.157753e-01	1.042024e+00	7.748925e-02	2.329082e-09	2.111808e-09	1.594837e-12	5.221266e-09	-1.961363e-13	9.999383e+01	
10  5258.27	2.250522e+00	1.157753e-01	1.042024e+00	7.748925e-02	2.329082e-09	2.111808e-09	1.594837e-12	5.221266e-09	-1.961363e-13	9.977619e+01	
280  5257.77	2.250522e+00	1.157753e-01	1.042024e+00	7.748925e-02	2.329082e-09	2.111808e-09	1.594837e-12	5.221266e-09	-1.961363e-13	1.001179e+02	
20  5258.02	2.250522e+00	1.157753e-01	1.042024e+00	7.748925e-02	2.329082e-09	2.111808e-09	1.594837e-12	5.221266e-09	-1.961363e-13	1.002305e+02	
10  5258.7	2.250522e+00	1.157753e-01	1.042024e+00	7.748925e-02	2.329082e-09	2.111808e-09	1.594837e-12	5.221266e-09	-1.961363e-13	1.003850e+02	
40  5258.97	2.250522e+00	1.157753e-01	1.042024e+00	7.748925e-02	2.329082e-09	2.111808e-09	1.594837e-12	5.221266e-09	-1.961363e-13	9.964431e+01	
20  5257.82	2.250522e+00	1.157753e-01	1.042024e+00	7.748925e-02	2.329082e-09	2.111808e-09	1.594837e-12	5.221266e-09	-1.961363e-13	9.992651e+01	
80  5258.09	2.250522e+00	1.157753e-01	1.042024e+00	7.748925e-02	2.329082e-09	2.111808e-09	1.594837e-12	5.221266e-09	-1.961363e-13	1.002524e+02	
10  5259.29	2.250522e+00	1.157753e-01	1.042024e+00	7.748925e-02	2.329082e-09	2.111808e-09	1.594837e-12	5.221266e-09	-1.961363e-13	9.959727e+01	
110  5258.16	2.250522e+00	1.157753e-01	1.042024e+00	7.748925e-02	2.329082e-09	2.111808e-09	1.594837e-12	5.221266e-09	-1.961363e-13	1.002700e+02	
40  5258.49	2.250522e+00	1.157753e-01	1.042024e+00	7.748925e-02	2.329082e-09	2.111808e-09	1.594837e-12	5.221266e-09	-1.961363e-13	1.003462e+02	
30  5260.01	2.250522e+00	1.157753e-01	1.042024e+00	7.748925e-02	2.329082e-09	2.111808e-09	1.594837e-12	5.221266e-09	-1.961363e-13	9.950515e+01	
150  5257.72	2.250522e+00	1.157753e-01	1.042024e+00	7.748925e-02	2.329082e-09	2.111808e-09	1.594837e-12	5.221266e-09	-1.961363e-13	1.000366e+02	
10  5257.79	2.250522e+00	1.157753e-01	1.042024e+00	7.748925e-02	2.329082e-09	2.111808e-09	1.594837e-12	5.221266e-09	-1.961363e-13	9.994615e+01	
190  5257.73	2.250522e+00	1.157753e-01	1.042024e+00	7.748925e-02	2.329082e-09	2.111808e-09	1.594837e-12	5.221266e-09	-1.961363e-13	1.000731e+02	
10  5257.84	2.250522e+00	1.157753e-01	1.042024e+00	7.748925e-02	2.329082e-09	2.111808e-09	1.594837e-12	5.221266e-09	-1.961363e-13	1.001601e+02	
130  5257.72	2.250522e+00	1.157753e-01	1.042024e+00	7.748925e-02	2.329082e-09	2.111808e-09	1.594837e-12	5.221266e-09	-1.961363e-13	1.000169e+02	
130  5257.99	2.250522e+00	1.157753e-01	1.042024e+00	7.748925e-02	2.329082e-09	2.111808e-09	1.594837e-12	5.221266e-09	-1.961363e-13	9.985354e+01	
90  5258.02	2.250522e+00	1.157753e-01	1.042024e+00	7.748925e-02	2.329082e-09	2.111808e-09	1.594837e-12	5.221266e-09	-1.961363e-13	1.002303e+02	
80  5258.17	2.250522e+00	1.157753e-01	1.042024e+00	7.748925e-02	2.329082e-09	2.111808e-09	1.594837e-12	5.221266e-09	-1.961363e-13	9.980248e+01	
80  5258.74	2.250522e+00	1.157753e-01	1.042024e+00	7.748925e-02	2.329082e-09	2.111808e-09	1.594837e-12	5.221266e-09	-1.961363e-13	1.003919e+02	
90  5257.85	2.250522e+00	1.157753e-01	1.042024e+00	7.748925e-02	2.329082e-09	2.111808e-09	1.594837e-12	5.221266e-09	-1.961363e-13	9.991076e+01	
40  5257.75	2.250522e+00	1.157753e-01	1.042024e+00	7.748925e-02	2.329082e-09	2.111808e-09	1.594837e-12	5.221266e-09	-1.961363e-13	9.997679e+01	
50  5258.5	2.250522e+00	1.157753e-01	1.042024e+00	7.748925e-02	2.329082e-09	2.111808e-09	1.594837e-12	5.221266e-09	-1.961363e-13	9.972715e+01	
10  5257.73	2.250522e+00	1.157753e-01	1.042024e+00	7.748925e-02	2.329082e-09	2.111808e-09	1.594837e-12	5.221266e-09	-1.961363e-13	1.000109e+02	
20  5258.57	2.250522e+00	1.157753e-01	1.042024e+00	7.748925e-02	2.329082e-09	2.111808e-09	1.594837e-12	5.221266e-09	-1.961363e-13	9.971251e+01	
30  5258.41	2.250522e+00	1.157753e-01	1.042024e+00	7.748925e-02	2.329082e-09	2.111808e-09	1.594837e-12	5.221266e-09	-1.961363e-13	1.003292e+02	
10  5257.76	2.250522e+00	1.157753e-01	1.042024e+00	7.748925e-02	2.329082e-09	2.111808e-09	1.594837e-12	5.221266e-09	-1.961363e-13	9.996416e+01	
40  5257.91	2.250522e+00	1.157753e-01	1.042024e+00	7.748925e-02	2.329082e-09	2.111808e-09	1.594837e-12	5.221266e-09	-1.961363e-13	9.988578e+01	
30  5258.47	2.250522e+00	1.157753e-01	1.042024e+00	7.748925e-02	2.329082e-09	2.111808e-09	1.594837e-12	5.221266e-09	-1.961363e-13	1.003427e+02	
50  5259.12	2.250522e+00	1.157753e-01	1.042024e+00	7.748925e-02	2.329082e-09	2.111808e-09	1.594837e-12	5.221266e-09	-1.961363e-13	1.004528e+02	
30  5258.9	2.250522e+00	1.157753e-01	1.042024e+00	7.748925e-02	2.329082e-09	2.111808e-09	1.594837e-12	5.221266e-09	-1.961363e-13	9.965455e+01	
10  5258.14	2.250522e+00	1.157753e-01	1.042024e+00	7.748925e-02	2.329082e-09	2.111808e-09	1.594837e-12	5.221266e-09	-1.961363e-13	9.981004e+01	
100  5259.52	2.250522e+00	1.157753e-01	1.042024e+00	7.748925e-02	2.329082e-09	2.111808e-09	1.594837e-12	5.221266e-09	-1.961363e-13	9.956512e+01	
40  5258.5	2.250522e+00	1.157753e-01	1.042024e+00	7.748925e-02	2.329082e-09	2.111808e-09	1.594837e-12	5.221266e-09	-1.961363e-13	9.972701e+01	
40  5257.9	2.250522e+00	1.157753e-01	1.042024e+00	7.748925e-02	2.329082e-09	2.111808e-09	1.594837e-12	5.221266e-09	-1.961363e-13	1.001865e+02	
20  5257.93	2.250522e+00	1.157753e-01	1.042024e+00	7.748925e-02	2.329082e-09	2.111808e-09	1.594837e-12	5.221266e-09	-1.961363e-13	9.987531e+01	
100  5258.69	2.250522e+00	1.157753e-01	1.042024e+00	7.748925e-02	2.329082e-09	2.111808e-09	1.594837e-12	5.221266e-09	-1.961363e-13	9.969146e+01	
10  5259.34	2.250522e+00	1.157753e-01	1.042024e+00	7.748925e-02	2.329082e-09	2.111808e-09	1.594837e-12	5.221266e-09	-1.961363e-13	9.958921e+01	
130  5257.84	2.250522e+00	1.157753e-01	1.042024e+00	7.748925e-02	2.329082e-09	2.111808e-09	1.594837e-12	5.221266e-09	-1.961363e-13	9.991741e+01	
70  5258.09	2.250522e+00	1.157753e-01	1.042024e+00	7.748925e-02	2.329082e-09	2.111808e-09	1.594837e-12	5.221266e-09	-1.961363e-13	1.002519e+02	
10  5257.72	2.250522e+00	1.157753e-01	1.042024e+00	7.748925e-02	2.329082e-09	2.111808e-09	1.594837e-12	5.221266e-09	-1.961363e-13	1.000355e+02	
150  5257.72	2.250522e+00	1.157753e-01	1.042024e+00	7.748925e-02	2.329082e-09	2.111808e-09	1.594837e-12	5.221266e-09	-1.961363e-13	1.000366e+02	
40  5257.83	2.250522e+00	1.157753e-01	1.042024e+00	7.748925e-02	2.329082e-09	2.111808e-09	1.594837e-12	5.221266e-09	-1.961363e-13	9.991941e+01	
40  5258.52	2.250522e+00	1.157753e-01	1.042024e+00	7.748925e-02	2.329082e-09	2.111808e-09	1.594837e-12	5.221266e-09	-1.961363e-13	1.003519e+02	
60  5258.31	2.250522e+00	1.157753e-01	1.042024e+00	7.748925e-02	2.329082e-09	2.111808e-09	1.594837e-12	5.221266e-09	-1.961363e-13	1.003081e+02	
80  5257.74	2.250522e+00	1.157753e-01	1.042024e+00	7.748925e-02	2.329082e-09	2.111808e-09	1.594837e-12	5.221266e-09	-1.961363e-13	1.000857e+02	
20  5258.92	2.250522e+00	1.157753e-01	1.042024e+00	7.748925e-02	2.329082e-09	2.111808e-09	1.594837e-12	5.221266e-09	-1.961363e-13	1.004223e+02	
40  5257.72	2.250522e+00	1.157753e-01	1.042024e+00	7.748925e-02	2.329082e-09	2.111808e-09	1.594837e-12	5.221266e-09	-1.961363e-13	1.000211e+02	
50  5258.1	2.250522e+00	1.157753e-01	1.042024e+00	7.748925e-02	2.329082e-09	2.111808e-09	1.594837e-12	5.221266e-09	-1.961363e-13	9.982101e+01	
20  5258.59	2.250522e+00	1.157753e-01	1.042024e+00	7.748925e-02	2.329082e-09	2.111808e-09	1.594837e-12	5.221266e-09	-1.961363e-13	9.970919e+01	
30  5258	2.250522e+00	1.157753e-01	1.042024e+00	7.748925e-02	2.329082e-09	2.111808e-09	1.594837e-12	5.221266e-09	-1.961363e-13	9.984977e+01	
170  5258.08	2.250522e+00	1.157753e-01	1.042024e+00	7.748925e-02	2.329082e-09	2.111808e-09	1.594837e-12	5.221266e-09	-1.961363e-13	1.002486e+02	
60  5258.6	2.250522e+00	1.157753e-01	1.042024e+00	7.748925e-02	2.329082e-09	2.111808e-09	1.594837e-12	5.221266e-09	-1.961363e-13	1.003668e+02	
110  5257.84	2.250522e+00	1.157753e-01	1.042024e+00	7.748925e-02	2.329082e-09	2.111808e-09	1.594837e-12	5.221266e-09	-1.961363e-13	9.991490e+01	
20  5257.74	2.250522e+00	1.157753e-01	1.042024e+00	7.748925e-02	2.329082e-09	2.111808e-09	1.594837e-12	5.221266e-09	-1.961363e-13	1.000904e+02	
