5  5720.68	2.258805e+00	1.165840e-01	1.042566e+00	7.512625e-02	2.371460e-09	2.106447e-09	5.362538e-11	4.850025e-09	-6.403073e-11	9.953051e+01	
1  5528.09	2.256370e+00	1.177984e-01	1.041835e+00	6.579484e-02	2.356053e-09	2.064923e-09	5.930551e-11	5.568767e-09	-3.286208e-11	9.951951e+01	
2  5478.84	2.236572e+00	1.181049e-01	1.042166e+00	5.901499e-02	2.305009e-09	2.039878e-09	3.108469e-11	4.033930e-09	1.549498e-11	9.973494e+01	
1  5476.8	2.237565e+00	1.162655e-01	1.041969e+00	8.581173e-02	2.346324e-09	2.149481e-09	4.276380e-11	3.892829e-09	4.557495e-11	1.005524e+02	
1  5476.42	2.237565e+00	1.162655e-01	1.041969e+00	8.581173e-02	2.346324e-09	2.149481e-09	4.276380e-11	3.892829e-09	4.557495e-11	1.005015e+02	
9  5324.88	2.257579e+00	1.165293e-01	1.041537e+00	9.733437e-02	2.449111e-09	2.199570e-09	2.104435e-11	4.072945e-09	-2.980001e-11	1.006214e+02	
16  5325.45	2.257579e+00	1.165293e-01	1.041537e+00	9.733437e-02	2.449111e-09	2.199570e-09	2.104435e-11	4.072945e-09	-2.980001e-11	1.006790e+02	
34  5308.24	2.261347e+00	1.174315e-01	1.041876e+00	8.735238e-02	2.401581e-09	2.158547e-09	5.060016e-12	5.501875e-09	-9.195816e-12	1.004168e+02	
15  5307.68	2.261347e+00	1.174315e-01	1.041876e+00	8.735238e-02	2.401581e-09	2.158547e-09	5.060016e-12	5.501875e-09	-9.195816e-12	9.977847e+01	
5  5309.69	2.240994e+00	1.153077e-01	1.042233e+00	9.105017e-02	2.399557e-09	2.177055e-09	6.017325e-12	3.583847e-09	-6.130811e-12	9.966125e+01	
10  5309.09	2.240994e+00	1.153077e-01	1.042233e+00	9.105017e-02	2.399557e-09	2.177055e-09	6.017325e-12	3.583847e-09	-6.130811e-12	1.003140e+02	
11  5312.3	2.240994e+00	1.153077e-01	1.042233e+00	9.105017e-02	2.399557e-09	2.177055e-09	6.017325e-12	3.583847e-09	-6.130811e-12	9.935967e+01	
29  5294.9	2.240418e+00	1.157756e-01	1.042290e+00	8.970057e-02	2.373259e-09	2.171254e-09	4.380391e-12	3.766796e-09	1.353839e-11	9.947954e+01	
110  5292.99	2.240418e+00	1.157756e-01	1.042290e+00	8.970057e-02	2.373259e-09	2.171254e-09	4.380391e-12	3.766796e-09	1.353839e-11	1.003389e+02	
8  5292.78	2.240418e+00	1.157756e-01	1.042290e+00	8.970057e-02	2.373259e-09	2.171254e-09	4.380391e-12	3.766796e-09	1.353839e-11	1.002909e+02	
82  5285.45	2.264640e+00	1.144919e-01	1.042040e+00	9.917231e-02	2.420810e-09	2.207968e-09	7.616400e-12	3.826579e-09	-2.672529e-12	1.001194e+02	
30  5285.6	2.264640e+00	1.144919e-01	1.042040e+00	9.917231e-02	2.420810e-09	2.207968e-09	7.616400e-12	3.826579e-09	-2.672529e-12	9.989505e+01	
20  5285.48	2.264640e+00	1.144919e-01	1.042040e+00	9.917231e-02	2.420810e-09	2.207968e-09	7.616400e-12	3.826579e-09	-2.672529e-12	1.001451e+02	
120  5286.04	2.264640e+00	1.144919e-01	1.042040e+00	9.917231e-02	2.420810e-09	2.207968e-09	7.616400e-12	3.826579e-09	-2.672529e-12	1.003281e+02	
10  5285.41	2.264640e+00	1.144919e-01	1.042040e+00	9.917231e-02	2.420810e-09	2.207968e-09	7.616400e-12	3.826579e-09	-2.672529e-12	1.000220e+02	
50  5285.42	2.264640e+00	1.144919e-01	1.042040e+00	9.917231e-02	2.420810e-09	2.207968e-09	7.616400e-12	3.826579e-09	-2.672529e-12	1.000135e+02	
30  5285.94	2.264640e+00	1.144919e-01	1.042040e+00	9.917231e-02	2.420810e-09	2.207968e-09	7.616400e-12	3.826579e-09	-2.672529e-12	9.979104e+01	
10  5286.45	2.264640e+00	1.144919e-01	1.042040e+00	9.917231e-02	2.420810e-09	2.207968e-09	7.616400e-12	3.826579e-09	-2.672529e-12	9.968802e+01	
20  5285.45	2.264640e+00	1.144919e-01	1.042040e+00	9.917231e-02	2.420810e-09	2.207968e-09	7.616400e-12	3.826579e-09	-2.672529e-12	1.001245e+02	
30  5285.98	2.264640e+00	1.144919e-01	1.042040e+00	9.917231e-02	2.420810e-09	2.207968e-09	7.616400e-12	3.826579e-09	-2.672529e-12	9.978190e+01	
70  5286.15	2.264640e+00	1.144919e-01	1.042040e+00	9.917231e-02	2.420810e-09	2.207968e-09	7.616400e-12	3.826579e-09	-2.672529e-12	1.003517e+02	
190  5285.64	2.264640e+00	1.144919e-01	1.042040e+00	9.917231e-02	2.420810e-09	2.207968e-09	7.616400e-12	3.826579e-09	-2.672529e-12	1.002193e+02	
150  5285.53	2.264640e+00	1.144919e-01	1.042040e+00	9.917231e-02	2.420810e-09	2.207968e-09	7.616400e-12	3.826579e-09	-2.672529e-12	1.001732e+02	
20  5285.84	2.264640e+00	1.144919e-01	1.042040e+00	9.917231e-02	2.420810e-09	2.207968e-09	7.616400e-12	3.826579e-09	-2.672529e-12	9.981732e+01	
20  5285.42	2.264640e+00	1.144919e-01	1.042040e+00	9.917231e-02	2.420810e-09	2.207968e-09	7.616400e-12	3.826579e-09	-2.672529e-12	1.000087e+02	
20  5285.76	2.264640e+00	1.144919e-01	1.042040e+00	9.917231e-02	2.420810e-09	2.207968e-09	7.616400e-12	3.826579e-09	-2.672529e-12	9.983931e+01	
70  5285.47	2.264640e+00	1.144919e-01	1.042040e+00	9.917231e-02	2.420810e-09	2.207968e-09	7.616400e-12	3.826579e-09	-2.672529e-12	9.995792e+01	
30  5285.43	2.264640e+00	1.144919e-01	1.042040e+00	9.917231e-02	2.420810e-09	2.207968e-09	7.616400e-12	3.826579e-09	-2.672529e-12	1.001033e+02	
30  5285.97	2.264640e+00	1.144919e-01	1.042040e+00	9.917231e-02	2.420810e-09	2.207968e-09	7.616400e-12	3.826579e-09	-2.672529e-12	1.003134e+02	
20  5285.41	2.264640e+00	1.144919e-01	1.042040e+00	9.917231e-02	2.420810e-09	2.207968e-09	7.616400e-12	3.826579e-09	-2.672529e-12	1.000368e+02	
30  5285.59	2.264640e+00	1.144919e-01	1.042040e+00	9.917231e-02	2.420810e-09	2.207968e-09	7.616400e-12	3.826579e-09	-2.672529e-12	9.989902e+01	
117  5287.5	2.264640e+00	1.144919e-01	1.042040e+00	9.917231e-02	2.420810e-09	2.207968e-09	7.616400e-12	3.826579e-09	-2.672529e-12	9.953894e+01	
2  5290.67	2.234568e+00	1.158893e-01	1.042086e+00	9.521127e-02	2.355482e-09	2.197519e-09	2.378637e-11	3.025985e-09	-2.985619e-12	9.991531e+01	
41  5276.18	2.231906e+00	1.146567e-01	1.042625e+00	9.915525e-02	2.358689e-09	2.220907e-09	7.772941e-12	1.628882e-09	2.117702e-11	1.000485e+02	
10  5276.52	2.231906e+00	1.146567e-01	1.042625e+00	9.915525e-02	2.358689e-09	2.220907e-09	7.772941e-12	1.628882e-09	2.117702e-11	9.983818e+01	
86  5276.46	2.231906e+00	1.146567e-01	1.042625e+00	9.915525e-02	2.358689e-09	2.220907e-09	7.772941e-12	1.628882e-09	2.117702e-11	1.002308e+02	
54  5269.67	2.236696e+00	1.164967e-01	1.042276e+00	8.553065e-02	2.334410e-09	2.163343e-09	1.129778e-11	1.818576e-09	6.872308e-13	9.994064e+01	
70  5269.68	2.236696e+00	1.164967e-01	1.042276e+00	8.553065e-02	2.334410e-09	2.163343e-09	1.129778e-11	1.818576e-09	6.872308e-13	1.001377e+02	
100  5270.14	2.236696e+00	1.164967e-01	1.042276e+00	8.553065e-02	2.334410e-09	2.163343e-09	1.129778e-11	1.818576e-09	6.872308e-13	1.002958e+02	
19  5270.95	2.236696e+00	1.164967e-01	1.042276e+00	8.553065e-02	2.334410e-09	2.163343e-09	1.129778e-11	1.818576e-09	6.872308e-13	9.962639e+01	
1  5269.71	2.248376e+00	1.157781e-01	1.042076e+00	1.108997e-01	2.477679e-09	2.270730e-09	6.000460e-12	1.241994e-09	1.246189e-12	1.007794e+02	
20  5269.21	2.248376e+00	1.157781e-01	1.042076e+00	1.108997e-01	2.477679e-09	2.270730e-09	6.000460e-12	1.241994e-09	1.246189e-12	1.007358e+02	
260  5265.72	2.248376e+00	1.157781e-01	1.042076e+00	1.108997e-01	2.477679e-09	2.270730e-09	6.000460e-12	1.241994e-09	1.246189e-12	9.986952e+01	
10  5265.63	2.248376e+00	1.157781e-01	1.042076e+00	1.108997e-01	2.477679e-09	2.270730e-09	6.000460e-12	1.241994e-09	1.246189e-12	9.990361e+01	
50  5267.15	2.248376e+00	1.157781e-01	1.042076e+00	1.108997e-01	2.477679e-09	2.270730e-09	6.000460e-12	1.241994e-09	1.246189e-12	9.959408e+01	
10  5265.69	2.248376e+00	1.157781e-01	1.042076e+00	1.108997e-01	2.477679e-09	2.270730e-09	6.000460e-12	1.241994e-09	1.246189e-12	9.988153e+01	
30  5266.02	2.248376e+00	1.157781e-01	1.042076e+00	1.108997e-01	2.477679e-09	2.270730e-09	6.000460e-12	1.241994e-09	1.246189e-12	9.978880e+01	
40  5265.87	2.248376e+00	1.157781e-01	1.042076e+00	1.108997e-01	2.477679e-09	2.270730e-09	6.000460e-12	1.241994e-09	1.246189e-12	1.002809e+02	
20  5266.28	2.248376e+00	1.157781e-01	1.042076e+00	1.108997e-01	2.477679e-09	2.270730e-09	6.000460e-12	1.241994e-09	1.246189e-12	1.003750e+02	
10  5267.87	2.248376e+00	1.157781e-01	1.042076e+00	1.108997e-01	2.477679e-09	2.270730e-09	6.000460e-12	1.241994e-09	1.246189e-12	1.006010e+02	
50  5266.02	2.248376e+00	1.157781e-01	1.042076e+00	1.108997e-01	2.477679e-09	2.270730e-09	6.000460e-12	1.241994e-09	1.246189e-12	9.978833e+01	
60  5266.57	2.248376e+00	1.157781e-01	1.042076e+00	1.108997e-01	2.477679e-09	2.270730e-09	6.000460e-12	1.241994e-09	1.246189e-12	9.968161e+01	
11  5265.47	2.248376e+00	1.157781e-01	1.042076e+00	1.108997e-01	2.477679e-09	2.270730e-09	6.000460e-12	1.241994e-09	1.246189e-12	1.001046e+02	
9  5264.44	2.244233e+00	1.177942e-01	1.041997e+00	9.376389e-02	2.455972e-09	2.203519e-09	1.058718e-11	2.960972e-10	-1.453432e-11	9.996614e+01	
10  5264.4	2.244233e+00	1.177942e-01	1.041997e+00	9.376389e-02	2.455972e-09	2.203519e-09	1.058718e-11	2.960972e-10	-1.453432e-11	1.000094e+02	
30  5264.88	2.244233e+00	1.177942e-01	1.041997e+00	9.376389e-02	2.455972e-09	2.203519e-09	1.058718e-11	2.960972e-10	-1.453432e-11	1.002962e+02	
430  5264.41	2.244233e+00	1.177942e-01	1.041997e+00	9.376389e-02	2.455972e-09	2.203519e-09	1.058718e-11	2.960972e-10	-1.453432e-11	1.001013e+02	
20  5264.42	2.244233e+00	1.177942e-01	1.041997e+00	9.376389e-02	2.455972e-09	2.203519e-09	1.058718e-11	2.960972e-10	-1.453432e-11	1.001130e+02	
50  5264.64	2.244233e+00	1.177942e-01	1.041997e+00	9.376389e-02	2.455972e-09	2.203519e-09	1.058718e-11	2.960972e-10	-1.453432e-11	1.002253e+02	
110  5264.66	2.244233e+00	1.177942e-01	1.041997e+00	9.376389e-02	2.455972e-09	2.203519e-09	1.058718e-11	2.960972e-10	-1.453432e-11	1.002318e+02	
40  5265.31	2.244233e+00	1.177942e-01	1.041997e+00	9.376389e-02	2.455972e-09	2.203519e-09	1.058718e-11	2.960972e-10	-1.453432e-11	9.971123e+01	
40  5265.51	2.244233e+00	1.177942e-01	1.041997e+00	9.376389e-02	2.455972e-09	2.203519e-09	1.058718e-11	2.960972e-10	-1.453432e-11	1.004229e+02	
70  5264.74	2.244233e+00	1.177942e-01	1.041997e+00	9.376389e-02	2.455972e-09	2.203519e-09	1.058718e-11	2.960972e-10	-1.453432e-11	1.002575e+02	
190  5264.39	2.244233e+00	1.177942e-01	1.041997e+00	9.376389e-02	2.455972e-09	2.203519e-09	1.058718e-11	2.960972e-10	-1.453432e-11	1.000353e+02	
230  5264.51	2.244233e+00	1.177942e-01	1.041997e+00	9.376389e-02	2.455972e-09	2.203519e-09	1.058718e-11	2.960972e-10	-1.453432e-11	9.992737e+01	
170  5264.39	2.244233e+00	1.177942e-01	1.041997e+00	9.376389e-02	2.455972e-09	2.203519e-09	1.058718e-11	2.960972e-10	-1.453432e-11	1.000454e+02	
120  5264.86	2.244233e+00	1.177942e-01	1.041997e+00	9.376389e-02	2.455972e-09	2.203519e-09	1.058718e-11	2.960972e-10	-1.453432e-11	9.980748e+01	
20  5264.72	2.244233e+00	1.177942e-01	1.041997e+00	9.376389e-02	2.455972e-09	2.203519e-09	1.058718e-11	2.960972e-10	-1.453432e-11	9.984749e+01	
10  5267.14	2.244233e+00	1.177942e-01	1.041997e+00	9.376389e-02	2.455972e-09	2.203519e-09	1.058718e-11	2.960972e-10	-1.453432e-11	1.006330e+02	
60  5264.8	2.244233e+00	1.177942e-01	1.041997e+00	9.376389e-02	2.455972e-09	2.203519e-09	1.058718e-11	2.960972e-10	-1.453432e-11	9.982342e+01	
40  5264.5	2.244233e+00	1.177942e-01	1.041997e+00	9.376389e-02	2.455972e-09	2.203519e-09	1.058718e-11	2.960972e-10	-1.453432e-11	9.993232e+01	
10  5264.4	2.244233e+00	1.177942e-01	1.041997e+00	9.376389e-02	2.455972e-09	2.203519e-09	1.058718e-11	2.960972e-10	-1.453432e-11	1.000836e+02	
10  5269.35	2.244233e+00	1.177942e-01	1.041997e+00	9.376389e-02	2.455972e-09	2.203519e-09	1.058718e-11	2.960972e-10	-1.453432e-11	9.926611e+01	
140  5264.48	2.244233e+00	1.177942e-01	1.041997e+00	9.376389e-02	2.455972e-09	2.203519e-09	1.058718e-11	2.960972e-10	-1.453432e-11	9.994524e+01	
100  5264.39	2.244233e+00	1.177942e-01	1.041997e+00	9.376389e-02	2.455972e-09	2.203519e-09	1.058718e-11	2.960972e-10	-1.453432e-11	1.000200e+02	
60  5264.55	2.244233e+00	1.177942e-01	1.041997e+00	9.376389e-02	2.455972e-09	2.203519e-09	1.058718e-11	2.960972e-10	-1.453432e-11	9.990994e+01	
10  5264.41	2.244233e+00	1.177942e-01	1.041997e+00	9.376389e-02	2.455972e-09	2.203519e-09	1.058718e-11	2.960972e-10	-1.453432e-11	9.999781e+01	
40  5265.04	2.244233e+00	1.177942e-01	1.041997e+00	9.376389e-02	2.455972e-09	2.203519e-09	1.058718e-11	2.960972e-10	-1.453432e-11	9.976483e+01	
10  5267.07	2.244233e+00	1.177942e-01	1.041997e+00	9.376389e-02	2.455972e-09	2.203519e-09	1.058718e-11	2.960972e-10	-1.453432e-11	1.006263e+02	
170  5265.73	2.244233e+00	1.177942e-01	1.041997e+00	9.376389e-02	2.455972e-09	2.203519e-09	1.058718e-11	2.960972e-10	-1.453432e-11	9.964233e+01	
40  5264.44	2.244233e+00	1.177942e-01	1.041997e+00	9.376389e-02	2.455972e-09	2.203519e-09	1.058718e-11	2.960972e-10	-1.453432e-11	9.996851e+01	
10  5264.55	2.244233e+00	1.177942e-01	1.041997e+00	9.376389e-02	2.455972e-09	2.203519e-09	1.058718e-11	2.960972e-10	-1.453432e-11	9.990794e+01	
40  5264.94	2.244233e+00	1.177942e-01	1.041997e+00	9.376389e-02	2.455972e-09	2.203519e-09	1.058718e-11	2.960972e-10	-1.453432e-11	9.978904e+01	
70  5264.94	2.244233e+00	1.177942e-01	1.041997e+00	9.376389e-02	2.455972e-09	2.203519e-09	1.058718e-11	2.960972e-10	-1.453432e-11	9.978906e+01	
100  5264.52	2.244233e+00	1.177942e-01	1.041997e+00	9.376389e-02	2.455972e-09	2.203519e-09	1.058718e-11	2.960972e-10	-1.453432e-11	1.001788e+02	
10  5265.78	2.244233e+00	1.177942e-01	1.041997e+00	9.376389e-02	2.455972e-09	2.203519e-09	1.058718e-11	2.960972e-10	-1.453432e-11	1.004655e+02	
50  5264.46	2.244233e+00	1.177942e-01	1.041997e+00	9.376389e-02	2.455972e-09	2.203519e-09	1.058718e-11	2.960972e-10	-1.453432e-11	1.001439e+02	
10  5264.77	2.244233e+00	1.177942e-01	1.041997e+00	9.376389e-02	2.455972e-09	2.203519e-09	1.058718e-11	2.960972e-10	-1.453432e-11	9.983257e+01	
20  5264.41	2.244233e+00	1.177942e-01	1.041997e+00	9.376389e-02	2.455972e-09	2.203519e-09	1.058718e-11	2.960972e-10	-1.453432e-11	1.001043e+02	
10  5265.74	2.244233e+00	1.177942e-01	1.041997e+00	9.376389e-02	2.455972e-09	2.203519e-09	1.058718e-11	2.960972e-10	-1.453432e-11	9.964075e+01	
110  5264.39	2.244233e+00	1.177942e-01	1.041997e+00	9.376389e-02	2.455972e-09	2.203519e-09	1.058718e-11	2.960972e-10	-1.453432e-11	1.000497e+02	
70  5264.44	2.244233e+00	1.177942e-01	1.041997e+00	9.376389e-02	2.455972e-09	2.203519e-09	1.058718e-11	2.960972e-10	-1.453432e-11	1.001282e+02	
10  5264.56	2.244233e+00	1.177942e-01	1.041997e+00	9.376389e-02	2.455972e-09	2.203519e-09	1.058718e-11	2.960972e-10	-1.453432e-11	9.990174e+01	
20  5264.53	2.244233e+00	1.177942e-01	1.041997e+00	9.376389e-02	2.455972e-09	2.203519e-09	1.058718e-11	2.960972e-10	-1.453432e-11	1.001846e+02	
30  5264.53	2.244233e+00	1.177942e-01	1.041997e+00	9.376389e-02	2.455972e-09	2.203519e-09	1.058718e-11	2.960972e-10	-1.453432e-11	1.001809e+02	
80  5264.48	2.244233e+00	1.177942e-01	1.041997e+00	9.376389e-02	2.455972e-09	2.203519e-09	1.058718e-11	2.960972e-10	-1.453432e-11	9.994243e+01	
40  5266.68	2.244233e+00	1.177942e-01	1.041997e+00	9.376389e-02	2.455972e-09	2.203519e-09	1.058718e-11	2.960972e-10	-1.453432e-11	9.951741e+01	
170  5264.41	2.244233e+00	1.177942e-01	1.041997e+00	9.376389e-02	2.455972e-09	2.203519e-09	1.058718e-11	2.960972e-10	-1.453432e-11	1.000965e+02	
30  5264.79	2.244233e+00	1.177942e-01	1.041997e+00	9.376389e-02	2.455972e-09	2.203519e-09	1.058718e-11	2.960972e-10	-1.453432e-11	1.002721e+02	
250  5264.42	2.244233e+00	1.177942e-01	1.041997e+00	9.376389e-02	2.455972e-09	2.203519e-09	1.058718e-11	2.960972e-10	-1.453432e-11	1.001090e+02	
100  5264.4	2.244233e+00	1.177942e-01	1.041997e+00	9.376389e-02	2.455972e-09	2.203519e-09	1.058718e-11	2.960972e-10	-1.453432e-11	1.000146e+02	
30  5264.39	2.244233e+00	1.177942e-01	1.041997e+00	9.376389e-02	2.455972e-09	2.203519e-09	1.058718e-11	2.960972e-10	-1.453432e-11	1.000437e+02	
20  5265.26	2.244233e+00	1.177942e-01	1.041997e+00	9.376389e-02	2.455972e-09	2.203519e-09	1.058718e-11	2.960972e-10	-1.453432e-11	9.972124e+01	
120  5265.22	2.244233e+00	1.177942e-01	1.041997e+00	9.376389e-02	2.455972e-09	2.203519e-09	1.058718e-11	2.960972e-10	-1.453432e-11	1.003710e+02	
10  5265.03	2.244233e+00	1.177942e-01	1.041997e+00	9.376389e-02	2.455972e-09	2.203519e-09	1.058718e-11	2.960972e-10	-1.453432e-11	1.003320e+02	
20  5264.79	2.244233e+00	1.177942e-01	1.041997e+00	9.376389e-02	2.455972e-09	2.203519e-09	1.058718e-11	2.960972e-10	-1.453432e-11	1.002718e+02	
80  5264.63	2.244233e+00	1.177942e-01	1.041997e+00	9.376389e-02	2.455972e-09	2.203519e-09	1.058718e-11	2.960972e-10	-1.453432e-11	1.002233e+02	
20  5266.02	2.244233e+00	1.177942e-01	1.041997e+00	9.376389e-02	2.455972e-09	2.203519e-09	1.058718e-11	2.960972e-10	-1.453432e-11	1.004998e+02	
40  5267.63	2.244233e+00	1.177942e-01	1.041997e+00	9.376389e-02	2.455972e-09	2.203519e-09	1.058718e-11	2.960972e-10	-1.453432e-11	9.941607e+01	
290  5265.23	2.244233e+00	1.177942e-01	1.041997e+00	9.376389e-02	2.455972e-09	2.203519e-09	1.058718e-11	2.960972e-10	-1.453432e-11	1.003721e+02	
130  5264.5	2.244233e+00	1.177942e-01	1.041997e+00	9.376389e-02	2.455972e-09	2.203519e-09	1.058718e-11	2.960972e-10	-1.453432e-11	9.993263e+01	
80  5264.39	2.244233e+00	1.177942e-01	1.041997e+00	9.376389e-02	2.455972e-09	2.203519e-09	1.058718e-11	2.960972e-10	-1.453432e-11	1.000549e+02	
60  5264.89	2.244233e+00	1.177942e-01	1.041997e+00	9.376389e-02	2.455972e-09	2.203519e-09	1.058718e-11	2.960972e-10	-1.453432e-11	1.002984e+02	
60  5264.41	2.244233e+00	1.177942e-01	1.041997e+00	9.376389e-02	2.455972e-09	2.203519e-09	1.058718e-11	2.960972e-10	-1.453432e-11	1.001029e+02	
40  5264.41	2.244233e+00	1.177942e-01	1.041997e+00	9.376389e-02	2.455972e-09	2.203519e-09	1.058718e-11	2.960972e-10	-1.453432e-11	1.001078e+02	
60  5265.87	2.244233e+00	1.177942e-01	1.041997e+00	9.376389e-02	2.455972e-09	2.203519e-09	1.058718e-11	2.960972e-10	-1.453432e-11	9.962146e+01	
20  5265.09	2.244233e+00	1.177942e-01	1.041997e+00	9.376389e-02	2.455972e-09	2.203519e-09	1.058718e-11	2.960972e-10	-1.453432e-11	1.003452e+02	
10  5264.85	2.244233e+00	1.177942e-01	1.041997e+00	9.376389e-02	2.455972e-09	2.203519e-09	1.058718e-11	2.960972e-10	-1.453432e-11	9.981170e+01	
10  5264.4	2.244233e+00	1.177942e-01	1.041997e+00	9.376389e-02	2.455972e-09	2.203519e-09	1.058718e-11	2.960972e-10	-1.453432e-11	1.000165e+02	
50  5264.62	2.244233e+00	1.177942e-01	1.041997e+00	9.376389e-02	2.455972e-09	2.203519e-09	1.058718e-11	2.960972e-10	-1.453432e-11	9.988006e+01	
50  5264.65	2.244233e+00	1.177942e-01	1.041997e+00	9.376389e-02	2.455972e-09	2.203519e-09	1.058718e-11	2.960972e-10	-1.453432e-11	9.986878e+01	
10  5264.57	2.244233e+00	1.177942e-01	1.041997e+00	9.376389e-02	2.455972e-09	2.203519e-09	1.058718e-11	2.960972e-10	-1.453432e-11	9.990088e+01	
10  5265.51	2.244233e+00	1.177942e-01	1.041997e+00	9.376389e-02	2.455972e-09	2.203519e-09	1.058718e-11	2.960972e-10	-1.453432e-11	9.967643e+01	
120  5264.9	2.244233e+00	1.177942e-01	1.041997e+00	9.376389e-02	2.455972e-09	2.203519e-09	1.058718e-11	2.960972e-10	-1.453432e-11	1.003006e+02	
130  5264.47	2.244233e+00	1.177942e-01	1.041997e+00	9.376389e-02	2.455972e-09	2.203519e-09	1.058718e-11	2.960972e-10	-1.453432e-11	9.995111e+01	
90  5264.39	2.244233e+00	1.177942e-01	1.041997e+00	9.376389e-02	2.455972e-09	2.203519e-09	1.058718e-11	2.960972e-10	-1.453432e-11	1.000338e+02	
40  5264.72	2.244233e+00	1.177942e-01	1.041997e+00	9.376389e-02	2.455972e-09	2.203519e-09	1.058718e-11	2.960972e-10	-1.453432e-11	9.984795e+01	
40  5264.47	2.244233e+00	1.177942e-01	1.041997e+00	9.376389e-02	2.455972e-09	2.203519e-09	1.058718e-11	2.960972e-10	-1.453432e-11	9.994830e+01	
60  5264.39	2.244233e+00	1.177942e-01	1.041997e+00	9.376389e-02	2.455972e-09	2.203519e-09	1.058718e-11	2.960972e-10	-1.453432e-11	1.000684e+02	
70  5264.71	2.244233e+00	1.177942e-01	1.041997e+00	9.376389e-02	2.455972e-09	2.203519e-09	1.058718e-11	2.960972e-10	-1.453432e-11	9.984984e+01	
80  5264.65	2.244233e+00	1.177942e-01	1.041997e+00	9.376389e-02	2.455972e-09	2.203519e-09	1.058718e-11	2.960972e-10	-1.453432e-11	9.987075e+01	
10  5264.59	2.244233e+00	1.177942e-01	1.041997e+00	9.376389e-02	2.455972e-09	2.203519e-09	1.058718e-11	2.960972e-10	-1.453432e-11	9.989232e+01	
40  5264.83	2.244233e+00	1.177942e-01	1.041997e+00	9.376389e-02	2.455972e-09	2.203519e-09	1.058718e-11	2.960972e-10	-1.453432e-11	1.002847e+02	
10  5264.48	2.244233e+00	1.177942e-01	1.041997e+00	9.376389e-02	2.455972e-09	2.203519e-09	1.058718e-11	2.960972e-10	-1.453432e-11	9.994563e+01	
20  5264.78	2.244233e+00	1.177942e-01	1.041997e+00	9.376389e-02	2.455972e-09	2.203519e-09	1.058718e-11	2.960972e-10	-1.453432e-11	1.002694e+02	
20  5265.12	2.244233e+00	1.177942e-01	1.041997e+00	9.376389e-02	2.455972e-09	2.203519e-09	1.058718e-11	2.960972e-10	-1.453432e-11	9.974822e+01	
10  5265.31	2.244233e+00	1.177942e-01	1.041997e+00	9.376389e-02	2.455972e-09	2.203519e-09	1.058718e-11	2.960972e-10	-1.453432e-11	9.971218e+01	
40  5264.41	2.244233e+00	1.177942e-01	1.041997e+00	9.376389e-02	2.455972e-09	2.203519e-09	1.058718e-11	2.960972e-10	-1.453432e-11	9.999320e+01	
20  5264.39	2.244233e+00	1.177942e-01	1.041997e+00	9.376389e-02	2.455972e-09	2.203519e-09	1.058718e-11	2.960972e-10	-1.453432e-11	1.000802e+02	
20  5265.05	2.244233e+00	1.177942e-01	1.041997e+00	9.376389e-02	2.455972e-09	2.203519e-09	1.058718e-11	2.960972e-10	-1.453432e-11	9.976256e+01	
60  5265.16	2.244233e+00	1.177942e-01	1.041997e+00	9.376389e-02	2.455972e-09	2.203519e-09	1.058718e-11	2.960972e-10	-1.453432e-11	1.003596e+02	
100  5264.63	2.244233e+00	1.177942e-01	1.041997e+00	9.376389e-02	2.455972e-09	2.203519e-09	1.058718e-11	2.960972e-10	-1.453432e-11	1.002234e+02	
50  5264.9	2.244233e+00	1.177942e-01	1.041997e+00	9.376389e-02	2.455972e-09	2.203519e-09	1.058718e-11	2.960972e-10	-1.453432e-11	1.003019e+02	
20  5265.36	2.244233e+00	1.177942e-01	1.041997e+00	9.376389e-02	2.455972e-09	2.203519e-09	1.058718e-11	2.960972e-10	-1.453432e-11	1.003962e+02	
10  5265.79	2.244233e+00	1.177942e-01	1.041997e+00	9.376389e-02	2.455972e-09	2.203519e-09	1.058718e-11	2.960972e-10	-1.453432e-11	1.004664e+02	
60  5264.67	2.244233e+00	1.177942e-01	1.041997e+00	9.376389e-02	2.455972e-09	2.203519e-09	1.058718e-11	2.960972e-10	-1.453432e-11	1.002352e+02	
60  5264.42	2.244233e+00	1.177942e-01	1.041997e+00	9.376389e-02	2.455972e-09	2.203519e-09	1.058718e-11	2.960972e-10	-1.453432e-11	9.998184e+01	
20  5265.61	2.244233e+00	1.177942e-01	1.041997e+00	9.376389e-02	2.455972e-09	2.203519e-09	1.058718e-11	2.960972e-10	-1.453432e-11	1.004394e+02	
10  5266.3	2.244233e+00	1.177942e-01	1.041997e+00	9.376389e-02	2.455972e-09	2.203519e-09	1.058718e-11	2.960972e-10	-1.453432e-11	9.956329e+01	
20  5266.09	2.244233e+00	1.177942e-01	1.041997e+00	9.376389e-02	2.455972e-09	2.203519e-09	1.058718e-11	2.960972e-10	-1.453432e-11	1.005093e+02	
10  5265.43	2.244233e+00	1.177942e-01	1.041997e+00	9.376389e-02	2.455972e-09	2.203519e-09	1.058718e-11	2.960972e-10	-1.453432e-11	9.969089e+01	
10  5264.95	2.244233e+00	1.177942e-01	1.041997e+00	9.376389e-02	2.455972e-09	2.203519e-09	1.058718e-11	2.960972e-10	-1.453432e-11	9.978702e+01	
50  5264.39	2.244233e+00	1.177942e-01	1.041997e+00	9.376389e-02	2.455972e-09	2.203519e-09	1.058718e-11	2.960972e-10	-1.453432e-11	1.000292e+02	
110  5264.39	2.244233e+00	1.177942e-01	1.041997e+00	9.376389e-02	2.455972e-09	2.203519e-09	1.058718e-11	2.960972e-10	-1.453432e-11	1.000595e+02	
30  5264.8	2.244233e+00	1.177942e-01	1.041997e+00	9.376389e-02	2.455972e-09	2.203519e-09	1.058718e-11	2.960972e-10	-1.453432e-11	9.982279e+01	
30  5264.43	2.244233e+00	1.177942e-01	1.041997e+00	9.376389e-02	2.455972e-09	2.203519e-09	1.058718e-11	2.960972e-10	-1.453432e-11	9.997593e+01	
120  5264.4	2.244233e+00	1.177942e-01	1.041997e+00	9.376389e-02	2.455972e-09	2.203519e-09	1.058718e-11	2.960972e-10	-1.453432e-11	1.000847e+02	
10  5265.73	2.244233e+00	1.177942e-01	1.041997e+00	9.376389e-02	2.455972e-09	2.203519e-09	1.058718e-11	2.960972e-10	-1.453432e-11	1.004579e+02	
130  5265.66	2.244233e+00	1.177942e-01	1.041997e+00	9.376389e-02	2.455972e-09	2.203519e-09	1.058718e-11	2.960972e-10	-1.453432e-11	1.004472e+02	
80  5264.81	2.244233e+00	1.177942e-01	1.041997e+00	9.376389e-02	2.455972e-09	2.203519e-09	1.058718e-11	2.960972e-10	-1.453432e-11	9.982071e+01	
40  5264.94	2.244233e+00	1.177942e-01	1.041997e+00	9.376389e-02	2.455972e-09	2.203519e-09	1.058718e-11	2.960972e-10	-1.453432e-11	9.978849e+01	
80  5265.19	2.244233e+00	1.177942e-01	1.041997e+00	9.376389e-02	2.455972e-09	2.203519e-09	1.058718e-11	2.960972e-10	-1.453432e-11	9.973427e+01	
10  5265.02	2.244233e+00	1.177942e-01	1.041997e+00	9.376389e-02	2.455972e-09	2.203519e-09	1.058718e-11	2.960972e-10	-1.453432e-11	1.003306e+02	
90  5265.81	2.244233e+00	1.177942e-01	1.041997e+00	9.376389e-02	2.455972e-09	2.203519e-09	1.058718e-11	2.960972e-10	-1.453432e-11	1.004694e+02	
230  5264.59	2.244233e+00	1.177942e-01	1.041997e+00	9.376389e-02	2.455972e-09	2.203519e-09	1.058718e-11	2.960972e-10	-1.453432e-11	9.988965e+01	
60  5264.39	2.244233e+00	1.177942e-01	1.041997e+00	9.376389e-02	2.455972e-09	2.203519e-09	1.058718e-11	2.960972e-10	-1.453432e-11	1.000354e+02	
20  5264.96	2.244233e+00	1.177942e-01	1.041997e+00	9.376389e-02	2.455972e-09	2.203519e-09	1.058718e-11	2.960972e-10	-1.453432e-11	9.978253e+01	
10  5264.57	2.244233e+00	1.177942e-01	1.041997e+00	9.376389e-02	2.455972e-09	2.203519e-09	1.058718e-11	2.960972e-10	-1.453432e-11	1.002020e+02	
20  5264.64	2.244233e+00	1.177942e-01	1.041997e+00	9.376389e-02	2.455972e-09	2.203519e-09	1.058718e-11	2.960972e-10	-1.453432e-11	1.002260e+02	
20  5266.76	2.244233e+00	1.177942e-01	1.041997e+00	9.376389e-02	2.455972e-09	2.203519e-09	1.058718e-11	2.960972e-10	-1.453432e-11	9.950829e+01	
40  5266.2	2.244233e+00	1.177942e-01	1.041997e+00	9.376389e-02	2.455972e-09	2.203519e-09	1.058718e-11	2.960972e-10	-1.453432e-11	9.957656e+01	
120  5265.35	2.244233e+00	1.177942e-01	1.041997e+00	9.376389e-02	2.455972e-09	2.203519e-09	1.058718e-11	2.960972e-10	-1.453432e-11	1.003954e+02	
30  5264.67	2.244233e+00	1.177942e-01	1.041997e+00	9.376389e-02	2.455972e-09	2.203519e-09	1.058718e-11	2.960972e-10	-1.453432e-11	1.002361e+02	
160  5264.47	2.244233e+00	1.177942e-01	1.041997e+00	9.376389e-02	2.455972e-09	2.203519e-09	1.058718e-11	2.960972e-10	-1.453432e-11	1.001503e+02	
110  5267.06	2.244233e+00	1.177942e-01	1.041997e+00	9.376389e-02	2.455972e-09	2.203519e-09	1.058718e-11	2.960972e-10	-1.453432e-11	1.006253e+02	
50  5264.51	2.244233e+00	1.177942e-01	1.041997e+00	9.376389e-02	2.455972e-09	2.203519e-09	1.058718e-11	2.960972e-10	-1.453432e-11	9.992682e+01	
170  5264.45	2.244233e+00	1.177942e-01	1.041997e+00	9.376389e-02	2.455972e-09	2.203519e-09	1.058718e-11	2.960972e-10	-1.453432e-11	9.995943e+01	
70  5264.97	2.244233e+00	1.177942e-01	1.041997e+00	9.376389e-02	2.455972e-09	2.203519e-09	1.058718e-11	2.960972e-10	-1.453432e-11	9.978232e+01	
20  5266.1	2.244233e+00	1.177942e-01	1.041997e+00	9.376389e-02	2.455972e-09	2.203519e-09	1.058718e-11	2.960972e-10	-1.453432e-11	1.005105e+02	
60  5264.46	2.244233e+00	1.177942e-01	1.041997e+00	9.376389e-02	2.455972e-09	2.203519e-09	1.058718e-11	2.960972e-10	-1.453432e-11	1.001424e+02	
40  5264.42	2.244233e+00	1.177942e-01	1.041997e+00	9.376389e-02	2.455972e-09	2.203519e-09	1.058718e-11	2.960972e-10	-1.453432e-11	1.001162e+02	
50  5264.52	2.244233e+00	1.177942e-01	1.041997e+00	9.376389e-02	2.455972e-09	2.203519e-09	1.058718e-11	2.960972e-10	-1.453432e-11	9.992010e+01	
220  5264.4	2.244233e+00	1.177942e-01	1.041997e+00	9.376389e-02	2.455972e-09	2.203519e-09	1.058718e-11	2.960972e-10	-1.453432e-11	1.000891e+02	
10  5264.57	2.244233e+00	1.177942e-01	1.041997e+00	9.376389e-02	2.455972e-09	2.203519e-09	1.058718e-11	2.960972e-10	-1.453432e-11	9.989998e+01	
90  5264.39	2.244233e+00	1.177942e-01	1.041997e+00	9.376389e-02	2.455972e-09	2.203519e-09	1.058718e-11	2.960972e-10	-1.453432e-11	1.000220e+02	
170  5264.39	2.244233e+00	1.177942e-01	1.041997e+00	9.376389e-02	2.455972e-09	2.203519e-09	1.058718e-11	2.960972e-10	-1.453432e-11	1.000466e+02	
90  5264.48	2.244233e+00	1.177942e-01	1.041997e+00	9.376389e-02	2.455972e-09	2.203519e-09	1.058718e-11	2.960972e-10	-1.453432e-11	9.994370e+01	
30  5265.57	2.244233e+00	1.177942e-01	1.041997e+00	9.376389e-02	2.455972e-09	2.203519e-09	1.058718e-11	2.960972e-10	-1.453432e-11	1.004325e+02	
70  5265.03	2.244233e+00	1.177942e-01	1.041997e+00	9.376389e-02	2.455972e-09	2.203519e-09	1.058718e-11	2.960972e-10	-1.453432e-11	9.976783e+01	
30  5266.15	2.244233e+00	1.177942e-01	1.041997e+00	9.376389e-02	2.455972e-09	2.203519e-09	1.058718e-11	2.960972e-10	-1.453432e-11	1.005165e+02	
20  5266.85	2.244233e+00	1.177942e-01	1.041997e+00	9.376389e-02	2.455972e-09	2.203519e-09	1.058718e-11	2.960972e-10	-1.453432e-11	1.006021e+02	
70  5266.75	2.244233e+00	1.177942e-01	1.041997e+00	9.376389e-02	2.455972e-09	2.203519e-09	1.058718e-11	2.960972e-10	-1.453432e-11	9.950888e+01	
20  5264.67	2.244233e+00	1.177942e-01	1.041997e+00	9.376389e-02	2.455972e-09	2.203519e-09	1.058718e-11	2.960972e-10	-1.453432e-11	9.986254e+01	
10  5266.98	2.244233e+00	1.177942e-01	1.041997e+00	9.376389e-02	2.455972e-09	2.203519e-09	1.058718e-11	2.960972e-10	-1.453432e-11	9.948336e+01	
120  5265.82	2.244233e+00	1.177942e-01	1.041997e+00	9.376389e-02	2.455972e-09	2.203519e-09	1.058718e-11	2.960972e-10	-1.453432e-11	1.004711e+02	
20  5266.84	2.244233e+00	1.177942e-01	1.041997e+00	9.376389e-02	2.455972e-09	2.203519e-09	1.058718e-11	2.960972e-10	-1.453432e-11	9.949926e+01	
50  5266.71	2.244233e+00	1.177942e-01	1.041997e+00	9.376389e-02	2.455972e-09	2.203519e-09	1.058718e-11	2.960972e-10	-1.453432e-11	9.951348e+01	
50  5265.29	2.244233e+00	1.177942e-01	1.041997e+00	9.376389e-02	2.455972e-09	2.203519e-09	1.058718e-11	2.960972e-10	-1.453432e-11	9.971589e+01	
10  5264.48	2.244233e+00	1.177942e-01	1.041997e+00	9.376389e-02	2.455972e-09	2.203519e-09	1.058718e-11	2.960972e-10	-1.453432e-11	1.001590e+02	
110  5264.48	2.244233e+00	1.177942e-01	1.041997e+00	9.376389e-02	2.455972e-09	2.203519e-09	1.058718e-11	2.960972e-10	-1.453432e-11	9.994470e+01	
50  5264.42	2.244233e+00	1.177942e-01	1.041997e+00	9.376389e-02	2.455972e-09	2.203519e-09	1.058718e-11	2.960972e-10	-1.453432e-11	9.998255e+01	
90  5264.51	2.244233e+00	1.177942e-01	1.041997e+00	9.376389e-02	2.455972e-09	2.203519e-09	1.058718e-11	2.960972e-10	-1.453432e-11	9.992539e+01	
10  5264.39	2.244233e+00	1.177942e-01	1.041997e+00	9.376389e-02	2.455972e-09	2.203519e-09	1.058718e-11	2.960972e-10	-1.453432e-11	1.000531e+02	
20  5265.07	2.244233e+00	1.177942e-01	1.041997e+00	9.376389e-02	2.455972e-09	2.203519e-09	1.058718e-11	2.960972e-10	-1.453432e-11	9.975850e+01	
40  5264.41	2.244233e+00	1.177942e-01	1.041997e+00	9.376389e-02	2.455972e-09	2.203519e-09	1.058718e-11	2.960972e-10	-1.453432e-11	9.999818e+01	
40  5264.96	2.244233e+00	1.177942e-01	1.041997e+00	9.376389e-02	2.455972e-09	2.203519e-09	1.058718e-11	2.960972e-10	-1.453432e-11	1.003161e+02	
90  5264.43	2.244233e+00	1.177942e-01	1.041997e+00	9.376389e-02	2.455972e-09	2.203519e-09	1.058718e-11	2.960972e-10	-1.453432e-11	9.997695e+01	
30  5264.66	2.244233e+00	1.177942e-01	1.041997e+00	9.376389e-02	2.455972e-09	2.203519e-09	1.058718e-11	2.960972e-10	-1.453432e-11	1.002326e+02	
60  5265.7	2.244233e+00	1.177942e-01	1.041997e+00	9.376389e-02	2.455972e-09	2.203519e-09	1.058718e-11	2.960972e-10	-1.453432e-11	9.964712e+01	
30  5265.63	2.244233e+00	1.177942e-01	1.041997e+00	9.376389e-02	2.455972e-09	2.203519e-09	1.058718e-11	2.960972e-10	-1.453432e-11	9.965827e+01	
240  5264.4	2.244233e+00	1.177942e-01	1.041997e+00	9.376389e-02	2.455972e-09	2.203519e-09	1.058718e-11	2.960972e-10	-1.453432e-11	1.000178e+02	
60  5264.73	2.244233e+00	1.177942e-01	1.041997e+00	9.376389e-02	2.455972e-09	2.203519e-09	1.058718e-11	2.960972e-10	-1.453432e-11	1.002567e+02	
120  5264.78	2.244233e+00	1.177942e-01	1.041997e+00	9.376389e-02	2.455972e-09	2.203519e-09	1.058718e-11	2.960972e-10	-1.453432e-11	1.002707e+02	
80  5264.4	2.244233e+00	1.177942e-01	1.041997e+00	9.376389e-02	2.455972e-09	2.203519e-09	1.058718e-11	2.960972e-10	-1.453432e-11	1.000167e+02	
80  5264.42	2.244233e+00	1.177942e-01	1.041997e+00	9.376389e-02	2.455972e-09	2.203519e-09	1.058718e-11	2.960972e-10	-1.453432e-11	9.998882e+01	
80  5264.4	2.244233e+00	1.177942e-01	1.041997e+00	9.376389e-02	2.455972e-09	2.203519e-09	1.058718e-11	2.960972e-10	-1.453432e-11	1.000076e+02	
20  5264.53	2.244233e+00	1.177942e-01	1.041997e+00	9.376389e-02	2.455972e-09	2.203519e-09	1.058718e-11	2.960972e-10	-1.453432e-11	1.001849e+02	
20  5264.53	2.244233e+00	1.177942e-01	1.041997e+00	9.376389e-02	2.455972e-09	2.203519e-09	1.058718e-11	2.960972e-10	-1.453432e-11	9.991670e+01	
10  5264.99	2.244233e+00	1.177942e-01	1.041997e+00	9.376389e-02	2.455972e-09	2.203519e-09	1.058718e-11	2.960972e-10	-1.453432e-11	1.003232e+02	
50  5265.61	2.244233e+00	1.177942e-01	1.041997e+00	9.376389e-02	2.455972e-09	2.203519e-09	1.058718e-11	2.960972e-10	-1.453432e-11	1.004384e+02	
50  5264.39	2.244233e+00	1.177942e-01	1.041997e+00	9.376389e-02	2.455972e-09	2.203519e-09	1.058718e-11	2.960972e-10	-1.453432e-11	1.000429e+02	
20  5264.39	2.244233e+00	1.177942e-01	1.041997e+00	9.376389e-02	2.455972e-09	2.203519e-09	1.058718e-11	2.960972e-10	-1.453432e-11	1.000614e+02	
50  5264.44	2.244233e+00	1.177942e-01	1.041997e+00	9.376389e-02	2.455972e-09	2.203519e-09	1.058718e-11	2.960972e-10	-1.453432e-11	1.001291e+02	
10  5264.41	2.244233e+00	1.177942e-01	1.041997e+00	9.376389e-02	2.455972e-09	2.203519e-09	1.058718e-11	2.960972e-10	-1.453432e-11	9.999502e+01	
10  5264.92	2.244233e+00	1.177942e-01	1.041997e+00	9.376389e-02	2.455972e-09	2.203519e-09	1.058718e-11	2.960972e-10	-1.453432e-11	1.003070e+02	
20  5264.98	2.244233e+00	1.177942e-01	1.041997e+00	9.376389e-02	2.455972e-09	2.203519e-09	1.058718e-11	2.960972e-10	-1.453432e-11	9.977901e+01	
10  5266.32	2.244233e+00	1.177942e-01	1.041997e+00	9.376389e-02	2.455972e-09	2.203519e-09	1.058718e-11	2.960972e-10	-1.453432e-11	1.005391e+02	
10  5268.92	2.244233e+00	1.177942e-01	1.041997e+00	9.376389e-02	2.455972e-09	2.203519e-09	1.058718e-11	2.960972e-10	-1.453432e-11	1.007987e+02	
130  5264.41	2.244233e+00	1.177942e-01	1.041997e+00	9.376389e-02	2.455972e-09	2.203519e-09	1.058718e-11	2.960972e-10	-1.453432e-11	1.001044e+02	
80  5264.42	2.244233e+00	1.177942e-01	1.041997e+00	9.376389e-02	2.455972e-09	2.203519e-09	1.058718e-11	2.960972e-10	-1.453432e-11	9.999106e+01	
10  5265.33	2.244233e+00	1.177942e-01	1.041997e+00	9.376389e-02	2.455972e-09	2.203519e-09	1.058718e-11	2.960972e-10	-1.453432e-11	1.003908e+02	
30  5264.64	2.244233e+00	1.177942e-01	1.041997e+00	9.376389e-02	2.455972e-09	2.203519e-09	1.058718e-11	2.960972e-10	-1.453432e-11	9.987213e+01	
60  5264.68	2.244233e+00	1.177942e-01	1.041997e+00	9.376389e-02	2.455972e-09	2.203519e-09	1.058718e-11	2.960972e-10	-1.453432e-11	9.986033e+01	
70  5264.51	2.244233e+00	1.177942e-01	1.041997e+00	9.376389e-02	2.455972e-09	2.203519e-09	1.058718e-11	2.960972e-10	-1.453432e-11	9.992476e+01	
140  5264.89	2.244233e+00	1.177942e-01	1.041997e+00	9.376389e-02	2.455972e-09	2.203519e-09	1.058718e-11	2.960972e-10	-1.453432e-11	9.980086e+01	
10  5265.97	2.244233e+00	1.177942e-01	1.041997e+00	9.376389e-02	2.455972e-09	2.203519e-09	1.058718e-11	2.960972e-10	-1.453432e-11	1.004923e+02	
20  5266.02	2.244233e+00	1.177942e-01	1.041997e+00	9.376389e-02	2.455972e-09	2.203519e-09	1.058718e-11	2.960972e-10	-1.453432e-11	9.959989e+01	
70  5267.31	2.244233e+00	1.177942e-01	1.041997e+00	9.376389e-02	2.455972e-09	2.203519e-09	1.058718e-11	2.960972e-10	-1.453432e-11	1.006513e+02	
30  5268.57	2.244233e+00	1.177942e-01	1.041997e+00	9.376389e-02	2.455972e-09	2.203519e-09	1.058718e-11	2.960972e-10	-1.453432e-11	1.007694e+02	
50  5265.15	2.244233e+00	1.177942e-01	1.041997e+00	9.376389e-02	2.455972e-09	2.203519e-09	1.058718e-11	2.960972e-10	-1.453432e-11	9.974325e+01	
50  5265.86	2.244233e+00	1.177942e-01	1.041997e+00	9.376389e-02	2.455972e-09	2.203519e-09	1.058718e-11	2.960972e-10	-1.453432e-11	1.004763e+02	
90  5264.91	2.244233e+00	1.177942e-01	1.041997e+00	9.376389e-02	2.455972e-09	2.203519e-09	1.058718e-11	2.960972e-10	-1.453432e-11	9.979566e+01	
50  5264.39	2.244233e+00	1.177942e-01	1.041997e+00	9.376389e-02	2.455972e-09	2.203519e-09	1.058718e-11	2.960972e-10	-1.453432e-11	1.000274e+02	
60  5266.2	2.244233e+00	1.177942e-01	1.041997e+00	9.376389e-02	2.455972e-09	2.203519e-09	1.058718e-11	2.960972e-10	-1.453432e-11	1.005228e+02	
10  5264.89	2.244233e+00	1.177942e-01	1.041997e+00	9.376389e-02	2.455972e-09	2.203519e-09	1.058718e-11	2.960972e-10	-1.453432e-11	1.003002e+02	
50  5264.46	2.244233e+00	1.177942e-01	1.041997e+00	9.376389e-02	2.455972e-09	2.203519e-09	1.058718e-11	2.960972e-10	-1.453432e-11	1.001473e+02	
80  5264.41	2.244233e+00	1.177942e-01	1.041997e+00	9.376389e-02	2.455972e-09	2.203519e-09	1.058718e-11	2.960972e-10	-1.453432e-11	1.000018e+02	
10  5266.91	2.244233e+00	1.177942e-01	1.041997e+00	9.376389e-02	2.455972e-09	2.203519e-09	1.058718e-11	2.960972e-10	-1.453432e-11	9.949141e+01	
10  5264.4	2.244233e+00	1.177942e-01	1.041997e+00	9.376389e-02	2.455972e-09	2.203519e-09	1.058718e-11	2.960972e-10	-1.453432e-11	1.000032e+02	
70  5264.39	2.244233e+00	1.177942e-01	1.041997e+00	9.376389e-02	2.455972e-09	2.203519e-09	1.058718e-11	2.960972e-10	-1.453432e-11	1.000227e+02	
20  5265.58	2.244233e+00	1.177942e-01	1.041997e+00	9.376389e-02	2.455972e-09	2.203519e-09	1.058718e-11	2.960972e-10	-1.453432e-11	9.966586e+01	
120  5264.98	2.244233e+00	1.177942e-01	1.041997e+00	9.376389e-02	2.455972e-09	2.203519e-09	1.058718e-11	2.960972e-10	-1.453432e-11	1.003197e+02	
20  5265.21	2.244233e+00	1.177942e-01	1.041997e+00	9.376389e-02	2.455972e-09	2.203519e-09	1.058718e-11	2.960972e-10	-1.453432e-11	1.003679e+02	
70  5264.67	2.244233e+00	1.177942e-01	1.041997e+00	9.376389e-02	2.455972e-09	2.203519e-09	1.058718e-11	2.960972e-10	-1.453432e-11	1.002384e+02	
130  5264.48	2.244233e+00	1.177942e-01	1.041997e+00	9.376389e-02	2.455972e-09	2.203519e-09	1.058718e-11	2.960972e-10	-1.453432e-11	1.001562e+02	
20  5265.2	2.244233e+00	1.177942e-01	1.041997e+00	9.376389e-02	2.455972e-09	2.203519e-09	1.058718e-11	2.960972e-10	-1.453432e-11	1.003675e+02	
20  5267.82	2.244233e+00	1.177942e-01	1.041997e+00	9.376389e-02	2.455972e-09	2.203519e-09	1.058718e-11	2.960972e-10	-1.453432e-11	9.939788e+01	
30  5264.87	2.244233e+00	1.177942e-01	1.041997e+00	9.376389e-02	2.455972e-09	2.203519e-09	1.058718e-11	2.960972e-10	-1.453432e-11	9.980579e+01	
60  5264.74	2.244233e+00	1.177942e-01	1.041997e+00	9.376389e-02	2.455972e-09	2.203519e-09	1.058718e-11	2.960972e-10	-1.453432e-11	9.984039e+01	
20  5264.41	2.244233e+00	1.177942e-01	1.041997e+00	9.376389e-02	2.455972e-09	2.203519e-09	1.058718e-11	2.960972e-10	-1.453432e-11	9.999446e+01	
40  5264.42	2.244233e+00	1.177942e-01	1.041997e+00	9.376389e-02	2.455972e-09	2.203519e-09	1.058718e-11	2.960972e-10	-1.453432e-11	9.999102e+01	
20  5264.82	2.244233e+00	1.177942e-01	1.041997e+00	9.376389e-02	2.455972e-09	2.203519e-09	1.058718e-11	2.960972e-10	-1.453432e-11	1.002807e+02	
10  5264.77	2.244233e+00	1.177942e-01	1.041997e+00	9.376389e-02	2.455972e-09	2.203519e-09	1.058718e-11	2.960972e-10	-1.453432e-11	1.002672e+02	
10  5264.52	2.244233e+00	1.177942e-01	1.041997e+00	9.376389e-02	2.455972e-09	2.203519e-09	1.058718e-11	2.960972e-10	-1.453432e-11	9.992223e+01	
50  5264.43	2.244233e+00	1.177942e-01	1.041997e+00	9.376389e-02	2.455972e-09	2.203519e-09	1.058718e-11	2.960972e-10	-1.453432e-11	1.001240e+02	
20  5265.86	2.244233e+00	1.177942e-01	1.041997e+00	9.376389e-02	2.455972e-09	2.203519e-09	1.058718e-11	2.960972e-10	-1.453432e-11	9.962316e+01	
60  5265.53	2.244233e+00	1.177942e-01	1.041997e+00	9.376389e-02	2.455972e-09	2.203519e-09	1.058718e-11	2.960972e-10	-1.453432e-11	1.004257e+02	
10  5267.23	2.244233e+00	1.177942e-01	1.041997e+00	9.376389e-02	2.455972e-09	2.203519e-09	1.058718e-11	2.960972e-10	-1.453432e-11	1.006429e+02	
10  5264.64	2.244233e+00	1.177942e-01	1.041997e+00	9.376389e-02	2.455972e-09	2.203519e-09	1.058718e-11	2.960972e-10	-1.453432e-11	1.002275e+02	
30  5264.76	2.244233e+00	1.177942e-01	1.041997e+00	9.376389e-02	2.455972e-09	2.203519e-09	1.058718e-11	2.960972e-10	-1.453432e-11	1.002658e+02	
250  5264.41	2.244233e+00	1.177942e-01	1.041997e+00	9.376389e-02	2.455972e-09	2.203519e-09	1.058718e-11	2.960972e-10	-1.453432e-11	1.001024e+02	
10  5264.39	2.244233e+00	1.177942e-01	1.041997e+00	9.376389e-02	2.455972e-09	2.203519e-09	1.058718e-11	2.960972e-10	-1.453432e-11	1.000592e+02	
80  5264.39	2.244233e+00	1.177942e-01	1.041997e+00	9.376389e-02	2.455972e-09	2.203519e-09	1.058718e-11	2.960972e-10	-1.453432e-11	1.000276e+02	
110  5264.41	2.244233e+00	1.177942e-01	1.041997e+00	9.376389e-02	2.455972e-09	2.203519e-09	1.058718e-11	2.960972e-10	-1.453432e-11	1.000970e+02	
70  5265.04	2.244233e+00	1.177942e-01	1.041997e+00	9.376389e-02	2.455972e-09	2.203519e-09	1.058718e-11	2.960972e-10	-1.453432e-11	1.003344e+02	
40  5264.55	2.244233e+00	1.177942e-01	1.041997e+00	9.376389e-02	2.455972e-09	2.203519e-09	1.058718e-11	2.960972e-10	-1.453432e-11	9.990585e+01	
40  5264.6	2.244233e+00	1.177942e-01	1.041997e+00	9.376389e-02	2.455972e-09	2.203519e-09	1.058718e-11	2.960972e-10	-1.453432e-11	9.988851e+01	
110  5264.44	2.244233e+00	1.177942e-01	1.041997e+00	9.376389e-02	2.455972e-09	2.203519e-09	1.058718e-11	2.960972e-10	-1.453432e-11	9.996953e+01	
70  5264.69	2.244233e+00	1.177942e-01	1.041997e+00	9.376389e-02	2.455972e-09	2.203519e-09	1.058718e-11	2.960972e-10	-1.453432e-11	1.002430e+02	
10  5264.4	2.244233e+00	1.177942e-01	1.041997e+00	9.376389e-02	2.455972e-09	2.203519e-09	1.058718e-11	2.960972e-10	-1.453432e-11	1.000883e+02	
90  5264.39	2.244233e+00	1.177942e-01	1.041997e+00	9.376389e-02	2.455972e-09	2.203519e-09	1.058718e-11	2.960972e-10	-1.453432e-11	1.000303e+02	
10  5265.06	2.244233e+00	1.177942e-01	1.041997e+00	9.376389e-02	2.455972e-09	2.203519e-09	1.058718e-11	2.960972e-10	-1.453432e-11	1.003388e+02	
40  5264.72	2.244233e+00	1.177942e-01	1.041997e+00	9.376389e-02	2.455972e-09	2.203519e-09	1.058718e-11	2.960972e-10	-1.453432e-11	1.002536e+02	
10  5264.4	2.244233e+00	1.177942e-01	1.041997e+00	9.376389e-02	2.455972e-09	2.203519e-09	1.058718e-11	2.960972e-10	-1.453432e-11	1.000850e+02	
50  5265.39	2.244233e+00	1.177942e-01	1.041997e+00	9.376389e-02	2.455972e-09	2.203519e-09	1.058718e-11	2.960972e-10	-1.453432e-11	1.004017e+02	
170  5264.4	2.244233e+00	1.177942e-01	1.041997e+00	9.376389e-02	2.455972e-09	2.203519e-09	1.058718e-11	2.960972e-10	-1.453432e-11	1.000950e+02	
50  5264.66	2.244233e+00	1.177942e-01	1.041997e+00	9.376389e-02	2.455972e-09	2.203519e-09	1.058718e-11	2.960972e-10	-1.453432e-11	1.002338e+02	
7  5264.42	2.244233e+00	1.177942e-01	1.041997e+00	9.376389e-02	2.455972e-09	2.203519e-09	1.058718e-11	2.960972e-10	-1.453432e-11	1.001142e+02	
223  5265.45	2.243730e+00	1.163969e-01	1.042210e+00	9.450157e-02	2.395206e-09	2.203093e-09	1.161298e-11	3.677909e-10	2.702426e-11	9.982616e+01	
3  5265.03	2.243730e+00	1.163969e-01	1.042210e+00	9.450157e-02	2.395206e-09	2.203093e-09	1.161298e-11	3.677909e-10	2.702426e-11	1.000292e+02	
7  5267.38	2.240259e+00	1.154517e-01	1.042479e+00	1.011454e-01	2.364124e-09	2.228916e-09	4.773075e-11	4.013486e-10	3.426344e-11	1.000997e+02	
40  5267.62	2.240259e+00	1.154517e-01	1.042479e+00	1.011454e-01	2.364124e-09	2.228916e-09	4.773075e-11	4.013486e-10	3.426344e-11	1.002364e+02	
30  5267.7	2.240259e+00	1.154517e-01	1.042479e+00	1.011454e-01	2.364124e-09	2.228916e-09	4.773075e-11	4.013486e-10	3.426344e-11	9.985318e+01	
10  5267.44	2.240259e+00	1.154517e-01	1.042479e+00	1.011454e-01	2.364124e-09	2.228916e-09	4.773075e-11	4.013486e-10	3.426344e-11	9.996081e+01	
20  5267.48	2.240259e+00	1.154517e-01	1.042479e+00	1.011454e-01	2.364124e-09	2.228916e-09	4.773075e-11	4.013486e-10	3.426344e-11	1.001756e+02	
90  5268.32	2.240259e+00	1.154517e-01	1.042479e+00	1.011454e-01	2.364124e-09	2.228916e-09	4.773075e-11	4.013486e-10	3.426344e-11	9.971358e+01	
20  5267.51	2.240259e+00	1.154517e-01	1.042479e+00	1.011454e-01	2.364124e-09	2.228916e-09	4.773075e-11	4.013486e-10	3.426344e-11	1.001920e+02	
10  5267.38	2.240259e+00	1.154517e-01	1.042479e+00	1.011454e-01	2.364124e-09	2.228916e-09	4.773075e-11	4.013486e-10	3.426344e-11	1.000982e+02	
70  5268.06	2.240259e+00	1.154517e-01	1.042479e+00	1.011454e-01	2.364124e-09	2.228916e-09	4.773075e-11	4.013486e-10	3.426344e-11	9.976393e+01	
60  5268.52	2.240259e+00	1.154517e-01	1.042479e+00	1.011454e-01	2.364124e-09	2.228916e-09	4.773075e-11	4.013486e-10	3.426344e-11	9.967950e+01	
60  5267.74	2.240259e+00	1.154517e-01	1.042479e+00	1.011454e-01	2.364124e-09	2.228916e-09	4.773075e-11	4.013486e-10	3.426344e-11	1.002734e+02	
10  5267.36	2.240259e+00	1.154517e-01	1.042479e+00	1.011454e-01	2.364124e-09	2.228916e-09	4.773075e-11	4.013486e-10	3.426344e-11	1.000542e+02	
56  5267.51	2.240259e+00	1.154517e-01	1.042479e+00	1.011454e-01	2.364124e-09	2.228916e-09	4.773075e-11	4.013486e-10	3.426344e-11	1.001931e+02	
64  5266.98	2.247093e+00	1.171545e-01	1.042071e+00	1.031465e-01	2.455789e-09	2.235453e-09	1.458310e-11	1.063050e-09	-1.446607e-12	1.006045e+02	
20  5264.59	2.247093e+00	1.171545e-01	1.042071e+00	1.031465e-01	2.455789e-09	2.235453e-09	1.458310e-11	1.063050e-09	-1.446607e-12	9.995670e+01	
100  5265.55	2.247093e+00	1.171545e-01	1.042071e+00	1.031465e-01	2.455789e-09	2.235453e-09	1.458310e-11	1.063050e-09	-1.446607e-12	9.969339e+01	
120  5264.56	2.247093e+00	1.171545e-01	1.042071e+00	1.031465e-01	2.455789e-09	2.235453e-09	1.458310e-11	1.063050e-09	-1.446607e-12	1.001257e+02	
160  5264.6	2.247093e+00	1.171545e-01	1.042071e+00	1.031465e-01	2.455789e-09	2.235453e-09	1.458310e-11	1.063050e-09	-1.446607e-12	1.001584e+02	
20  5266.38	2.247093e+00	1.171545e-01	1.042071e+00	1.031465e-01	2.455789e-09	2.235453e-09	1.458310e-11	1.063050e-09	-1.446607e-12	1.005324e+02	
40  5265.79	2.247093e+00	1.171545e-01	1.042071e+00	1.031465e-01	2.455789e-09	2.235453e-09	1.458310e-11	1.063050e-09	-1.446607e-12	9.965485e+01	
60  5265.6	2.247093e+00	1.171545e-01	1.042071e+00	1.031465e-01	2.455789e-09	2.235453e-09	1.458310e-11	1.063050e-09	-1.446607e-12	1.004191e+02	
50  5264.54	2.247093e+00	1.171545e-01	1.042071e+00	1.031465e-01	2.455789e-09	2.235453e-09	1.458310e-11	1.063050e-09	-1.446607e-12	1.001132e+02	
90  5264.78	2.247093e+00	1.171545e-01	1.042071e+00	1.031465e-01	2.455789e-09	2.235453e-09	1.458310e-11	1.063050e-09	-1.446607e-12	9.987110e+01	
10  5264.83	2.247093e+00	1.171545e-01	1.042071e+00	1.031465e-01	2.455789e-09	2.235453e-09	1.458310e-11	1.063050e-09	-1.446607e-12	1.002516e+02	
250  5264.51	2.247093e+00	1.171545e-01	1.042071e+00	1.031465e-01	2.455789e-09	2.235453e-09	1.458310e-11	1.063050e-09	-1.446607e-12	1.000591e+02	
130  5264.69	2.247093e+00	1.171545e-01	1.042071e+00	1.031465e-01	2.455789e-09	2.235453e-09	1.458310e-11	1.063050e-09	-1.446607e-12	1.001988e+02	
50  5265.14	2.247093e+00	1.171545e-01	1.042071e+00	1.031465e-01	2.455789e-09	2.235453e-09	1.458310e-11	1.063050e-09	-1.446607e-12	9.977277e+01	
10  5264.68	2.247093e+00	1.171545e-01	1.042071e+00	1.031465e-01	2.455789e-09	2.235453e-09	1.458310e-11	1.063050e-09	-1.446607e-12	1.001979e+02	
10  5265.34	2.247093e+00	1.171545e-01	1.042071e+00	1.031465e-01	2.455789e-09	2.235453e-09	1.458310e-11	1.063050e-09	-1.446607e-12	1.003716e+02	
20  5265.41	2.247093e+00	1.171545e-01	1.042071e+00	1.031465e-01	2.455789e-09	2.235453e-09	1.458310e-11	1.063050e-09	-1.446607e-12	1.003859e+02	
170  5264.57	2.247093e+00	1.171545e-01	1.042071e+00	1.031465e-01	2.455789e-09	2.235453e-09	1.458310e-11	1.063050e-09	-1.446607e-12	1.001357e+02	
10  5265.1	2.247093e+00	1.171545e-01	1.042071e+00	1.031465e-01	2.455789e-09	2.235453e-09	1.458310e-11	1.063050e-09	-1.446607e-12	1.003224e+02	
110  5265.05	2.247093e+00	1.171545e-01	1.042071e+00	1.031465e-01	2.455789e-09	2.235453e-09	1.458310e-11	1.063050e-09	-1.446607e-12	9.979487e+01	
70  5264.71	2.247093e+00	1.171545e-01	1.042071e+00	1.031465e-01	2.455789e-09	2.235453e-09	1.458310e-11	1.063050e-09	-1.446607e-12	9.989632e+01	
40  5265.32	2.247093e+00	1.171545e-01	1.042071e+00	1.031465e-01	2.455789e-09	2.235453e-09	1.458310e-11	1.063050e-09	-1.446607e-12	1.003689e+02	
20  5268.52	2.247093e+00	1.171545e-01	1.042071e+00	1.031465e-01	2.455789e-09	2.235453e-09	1.458310e-11	1.063050e-09	-1.446607e-12	1.007560e+02	
20  5264.58	2.247093e+00	1.171545e-01	1.042071e+00	1.031465e-01	2.455789e-09	2.235453e-09	1.458310e-11	1.063050e-09	-1.446607e-12	9.995714e+01	
100  5266.91	2.247093e+00	1.171545e-01	1.042071e+00	1.031465e-01	2.455789e-09	2.235453e-09	1.458310e-11	1.063050e-09	-1.446607e-12	1.005970e+02	
130  5264.53	2.247093e+00	1.171545e-01	1.042071e+00	1.031465e-01	2.455789e-09	2.235453e-09	1.458310e-11	1.063050e-09	-1.446607e-12	1.001005e+02	
40  5265.39	2.247093e+00	1.171545e-01	1.042071e+00	1.031465e-01	2.455789e-09	2.235453e-09	1.458310e-11	1.063050e-09	-1.446607e-12	9.972279e+01	
56  5264.83	2.247093e+00	1.171545e-01	1.042071e+00	1.031465e-01	2.455789e-09	2.235453e-09	1.458310e-11	1.063050e-09	-1.446607e-12	9.985307e+01	
54  5263.63	2.251987e+00	1.160775e-01	1.042372e+00	1.063828e-01	2.464229e-09	2.248814e-09	3.082038e-12	3.990633e-10	1.157614e-11	9.980697e+01	
30  5263.2	2.251987e+00	1.160775e-01	1.042372e+00	1.063828e-01	2.464229e-09	2.248814e-09	3.082038e-12	3.990633e-10	1.157614e-11	1.001458e+02	
40  5263.69	2.251987e+00	1.160775e-01	1.042372e+00	1.063828e-01	2.464229e-09	2.248814e-09	3.082038e-12	3.990633e-10	1.157614e-11	1.003180e+02	
30  5264.96	2.251987e+00	1.160775e-01	1.042372e+00	1.063828e-01	2.464229e-09	2.248814e-09	3.082038e-12	3.990633e-10	1.157614e-11	1.005299e+02	
50  5264.39	2.251987e+00	1.160775e-01	1.042372e+00	1.063828e-01	2.464229e-09	2.248814e-09	3.082038e-12	3.990633e-10	1.157614e-11	9.966036e+01	
30  5263.23	2.251987e+00	1.160775e-01	1.042372e+00	1.063828e-01	2.464229e-09	2.248814e-09	3.082038e-12	3.990633e-10	1.157614e-11	9.994654e+01	
20  5263.45	2.251987e+00	1.160775e-01	1.042372e+00	1.063828e-01	2.464229e-09	2.248814e-09	3.082038e-12	3.990633e-10	1.157614e-11	1.002539e+02	
110  5263.18	2.251987e+00	1.160775e-01	1.042372e+00	1.063828e-01	2.464229e-09	2.248814e-09	3.082038e-12	3.990633e-10	1.157614e-11	9.998006e+01	
40  5264.15	2.251987e+00	1.160775e-01	1.042372e+00	1.063828e-01	2.464229e-09	2.248814e-09	3.082038e-12	3.990633e-10	1.157614e-11	9.969993e+01	
140  5263.33	2.251987e+00	1.160775e-01	1.042372e+00	1.063828e-01	2.464229e-09	2.248814e-09	3.082038e-12	3.990633e-10	1.157614e-11	9.989840e+01	
80  5263.29	2.251987e+00	1.160775e-01	1.042372e+00	1.063828e-01	2.464229e-09	2.248814e-09	3.082038e-12	3.990633e-10	1.157614e-11	1.001944e+02	
110  5263.14	2.251987e+00	1.160775e-01	1.042372e+00	1.063828e-01	2.464229e-09	2.248814e-09	3.082038e-12	3.990633e-10	1.157614e-11	1.000303e+02	
30  5263.52	2.251987e+00	1.160775e-01	1.042372e+00	1.063828e-01	2.464229e-09	2.248814e-09	3.082038e-12	3.990633e-10	1.157614e-11	1.002733e+02	
150  5263.14	2.251987e+00	1.160775e-01	1.042372e+00	1.063828e-01	2.464229e-09	2.248814e-09	3.082038e-12	3.990633e-10	1.157614e-11	1.000827e+02	
100  5263.16	2.251987e+00	1.160775e-01	1.042372e+00	1.063828e-01	2.464229e-09	2.248814e-09	3.082038e-12	3.990633e-10	1.157614e-11	1.001116e+02	
10  5263.79	2.251987e+00	1.160775e-01	1.042372e+00	1.063828e-01	2.464229e-09	2.248814e-09	3.082038e-12	3.990633e-10	1.157614e-11	1.003397e+02	
80  5263.83	2.251987e+00	1.160775e-01	1.042372e+00	1.063828e-01	2.464229e-09	2.248814e-09	3.082038e-12	3.990633e-10	1.157614e-11	1.003488e+02	
30  5263.2	2.251987e+00	1.160775e-01	1.042372e+00	1.063828e-01	2.464229e-09	2.248814e-09	3.082038e-12	3.990633e-10	1.157614e-11	9.996571e+01	
10  5264.17	2.251987e+00	1.160775e-01	1.042372e+00	1.063828e-01	2.464229e-09	2.248814e-09	3.082038e-12	3.990633e-10	1.157614e-11	1.004134e+02	
120  5263.79	2.251987e+00	1.160775e-01	1.042372e+00	1.063828e-01	2.464229e-09	2.248814e-09	3.082038e-12	3.990633e-10	1.157614e-11	9.976941e+01	
90  5263.51	2.251987e+00	1.160775e-01	1.042372e+00	1.063828e-01	2.464229e-09	2.248814e-09	3.082038e-12	3.990633e-10	1.157614e-11	1.002694e+02	
10  5263.22	2.251987e+00	1.160775e-01	1.042372e+00	1.063828e-01	2.464229e-09	2.248814e-09	3.082038e-12	3.990633e-10	1.157614e-11	9.995149e+01	
110  5264.49	2.251987e+00	1.160775e-01	1.042372e+00	1.063828e-01	2.464229e-09	2.248814e-09	3.082038e-12	3.990633e-10	1.157614e-11	1.004651e+02	
10  5263.44	2.251987e+00	1.160775e-01	1.042372e+00	1.063828e-01	2.464229e-09	2.248814e-09	3.082038e-12	3.990633e-10	1.157614e-11	1.002503e+02	
90  5264.19	2.251987e+00	1.160775e-01	1.042372e+00	1.063828e-01	2.464229e-09	2.248814e-09	3.082038e-12	3.990633e-10	1.157614e-11	9.969317e+01	
70  5263.42	2.251987e+00	1.160775e-01	1.042372e+00	1.063828e-01	2.464229e-09	2.248814e-09	3.082038e-12	3.990633e-10	1.157614e-11	9.986670e+01	
40  5263.27	2.251987e+00	1.160775e-01	1.042372e+00	1.063828e-01	2.464229e-09	2.248814e-09	3.082038e-12	3.990633e-10	1.157614e-11	9.992564e+01	
10  5263.97	2.251987e+00	1.160775e-01	1.042372e+00	1.063828e-01	2.464229e-09	2.248814e-09	3.082038e-12	3.990633e-10	1.157614e-11	1.003770e+02	
10  5264.06	2.251987e+00	1.160775e-01	1.042372e+00	1.063828e-01	2.464229e-09	2.248814e-09	3.082038e-12	3.990633e-10	1.157614e-11	9.971619e+01	
40  5263.85	2.251987e+00	1.160775e-01	1.042372e+00	1.063828e-01	2.464229e-09	2.248814e-09	3.082038e-12	3.990633e-10	1.157614e-11	9.975657e+01	
50  5264.82	2.251987e+00	1.160775e-01	1.042372e+00	1.063828e-01	2.464229e-09	2.248814e-09	3.082038e-12	3.990633e-10	1.157614e-11	1.005119e+02	
40  5263.16	2.251987e+00	1.160775e-01	1.042372e+00	1.063828e-01	2.464229e-09	2.248814e-09	3.082038e-12	3.990633e-10	1.157614e-11	9.999705e+01	
50  5263.76	2.251987e+00	1.160775e-01	1.042372e+00	1.063828e-01	2.464229e-09	2.248814e-09	3.082038e-12	3.990633e-10	1.157614e-11	1.003325e+02	
70  5263.21	2.251987e+00	1.160775e-01	1.042372e+00	1.063828e-01	2.464229e-09	2.248814e-09	3.082038e-12	3.990633e-10	1.157614e-11	9.995543e+01	
270  5263.14	2.251987e+00	1.160775e-01	1.042372e+00	1.063828e-01	2.464229e-09	2.248814e-09	3.082038e-12	3.990633e-10	1.157614e-11	1.000324e+02	
130  5263.14	2.251987e+00	1.160775e-01	1.042372e+00	1.063828e-01	2.464229e-09	2.248814e-09	3.082038e-12	3.990633e-10	1.157614e-11	1.000283e+02	
10  5263.3	2.251987e+00	1.160775e-01	1.042372e+00	1.063828e-01	2.464229e-09	2.248814e-09	3.082038e-12	3.990633e-10	1.157614e-11	1.002006e+02	
40  5263.37	2.251987e+00	1.160775e-01	1.042372e+00	1.063828e-01	2.464229e-09	2.248814e-09	3.082038e-12	3.990633e-10	1.157614e-11	1.002248e+02	
120  5263.56	2.251987e+00	1.160775e-01	1.042372e+00	1.063828e-01	2.464229e-09	2.248814e-09	3.082038e-12	3.990633e-10	1.157614e-11	9.982474e+01	
40  5264.64	2.251987e+00	1.160775e-01	1.042372e+00	1.063828e-01	2.464229e-09	2.248814e-09	3.082038e-12	3.990633e-10	1.157614e-11	9.962344e+01	
80  5263.57	2.251987e+00	1.160775e-01	1.042372e+00	1.063828e-01	2.464229e-09	2.248814e-09	3.082038e-12	3.990633e-10	1.157614e-11	9.982271e+01	
60  5263.18	2.251987e+00	1.160775e-01	1.042372e+00	1.063828e-01	2.464229e-09	2.248814e-09	3.082038e-12	3.990633e-10	1.157614e-11	9.997956e+01	
60  5263.15	2.251987e+00	1.160775e-01	1.042372e+00	1.063828e-01	2.464229e-09	2.248814e-09	3.082038e-12	3.990633e-10	1.157614e-11	1.000099e+02	
120  5263.15	2.251987e+00	1.160775e-01	1.042372e+00	1.063828e-01	2.464229e-09	2.248814e-09	3.082038e-12	3.990633e-10	1.157614e-11	1.000139e+02	
80  5263.15	2.251987e+00	1.160775e-01	1.042372e+00	1.063828e-01	2.464229e-09	2.248814e-09	3.082038e-12	3.990633e-10	1.157614e-11	1.000977e+02	
30  5264.49	2.251987e+00	1.160775e-01	1.042372e+00	1.063828e-01	2.464229e-09	2.248814e-09	3.082038e-12	3.990633e-10	1.157614e-11	1.004642e+02	
50  5263.73	2.251987e+00	1.160775e-01	1.042372e+00	1.063828e-01	2.464229e-09	2.248814e-09	3.082038e-12	3.990633e-10	1.157614e-11	1.003256e+02	
30  5263.29	2.251987e+00	1.160775e-01	1.042372e+00	1.063828e-01	2.464229e-09	2.248814e-09	3.082038e-12	3.990633e-10	1.157614e-11	9.991492e+01	
70  5263.62	2.251987e+00	1.160775e-01	1.042372e+00	1.063828e-01	2.464229e-09	2.248814e-09	3.082038e-12	3.990633e-10	1.157614e-11	9.981055e+01	
50  5263.13	2.251987e+00	1.160775e-01	1.042372e+00	1.063828e-01	2.464229e-09	2.248814e-09	3.082038e-12	3.990633e-10	1.157614e-11	1.000600e+02	
20  5263.16	2.251987e+00	1.160775e-01	1.042372e+00	1.063828e-01	2.464229e-09	2.248814e-09	3.082038e-12	3.990633e-10	1.157614e-11	1.001079e+02	
210  5263.13	2.251987e+00	1.160775e-01	1.042372e+00	1.063828e-01	2.464229e-09	2.248814e-09	3.082038e-12	3.990633e-10	1.157614e-11	1.000613e+02	
40  5263.52	2.251987e+00	1.160775e-01	1.042372e+00	1.063828e-01	2.464229e-09	2.248814e-09	3.082038e-12	3.990633e-10	1.157614e-11	9.983684e+01	
80  5263.26	2.251987e+00	1.160775e-01	1.042372e+00	1.063828e-01	2.464229e-09	2.248814e-09	3.082038e-12	3.990633e-10	1.157614e-11	9.993146e+01	
10  5264.18	2.251987e+00	1.160775e-01	1.042372e+00	1.063828e-01	2.464229e-09	2.248814e-09	3.082038e-12	3.990633e-10	1.157614e-11	1.004153e+02	
90  5263.84	2.251987e+00	1.160775e-01	1.042372e+00	1.063828e-01	2.464229e-09	2.248814e-09	3.082038e-12	3.990633e-10	1.157614e-11	9.975927e+01	
10  5263.13	2.251987e+00	1.160775e-01	1.042372e+00	1.063828e-01	2.464229e-09	2.248814e-09	3.082038e-12	3.990633e-10	1.157614e-11	1.000462e+02	
10  5263.31	2.251987e+00	1.160775e-01	1.042372e+00	1.063828e-01	2.464229e-09	2.248814e-09	3.082038e-12	3.990633e-10	1.157614e-11	1.002026e+02	
100  5263.17	2.251987e+00	1.160775e-01	1.042372e+00	1.063828e-01	2.464229e-09	2.248814e-09	3.082038e-12	3.990633e-10	1.157614e-11	9.998545e+01	
50  5263.21	2.251987e+00	1.160775e-01	1.042372e+00	1.063828e-01	2.464229e-09	2.248814e-09	3.082038e-12	3.990633e-10	1.157614e-11	1.001542e+02	
50  5263.2	2.251987e+00	1.160775e-01	1.042372e+00	1.063828e-01	2.464229e-09	2.248814e-09	3.082038e-12	3.990633e-10	1.157614e-11	1.001465e+02	
40  5263.19	2.251987e+00	1.160775e-01	1.042372e+00	1.063828e-01	2.464229e-09	2.248814e-09	3.082038e-12	3.990633e-10	1.157614e-11	9.996819e+01	
40  5263.15	2.251987e+00	1.160775e-01	1.042372e+00	1.063828e-01	2.464229e-09	2.248814e-09	3.082038e-12	3.990633e-10	1.157614e-11	1.000042e+02	
20  5264.61	2.251987e+00	1.160775e-01	1.042372e+00	1.063828e-01	2.464229e-09	2.248814e-09	3.082038e-12	3.990633e-10	1.157614e-11	1.004821e+02	
190  5265.01	2.251987e+00	1.160775e-01	1.042372e+00	1.063828e-01	2.464229e-09	2.248814e-09	3.082038e-12	3.990633e-10	1.157614e-11	9.957301e+01	
60  5263.35	2.251987e+00	1.160775e-01	1.042372e+00	1.063828e-01	2.464229e-09	2.248814e-09	3.082038e-12	3.990633e-10	1.157614e-11	9.989086e+01	
70  5263.63	2.251987e+00	1.160775e-01	1.042372e+00	1.063828e-01	2.464229e-09	2.248814e-09	3.082038e-12	3.990633e-10	1.157614e-11	1.003017e+02	
20  5263.19	2.251987e+00	1.160775e-01	1.042372e+00	1.063828e-01	2.464229e-09	2.248814e-09	3.082038e-12	3.990633e-10	1.157614e-11	1.001370e+02	
30  5263.36	2.251987e+00	1.160775e-01	1.042372e+00	1.063828e-01	2.464229e-09	2.248814e-09	3.082038e-12	3.990633e-10	1.157614e-11	9.988696e+01	
170  5263.2	2.251987e+00	1.160775e-01	1.042372e+00	1.063828e-01	2.464229e-09	2.248814e-09	3.082038e-12	3.990633e-10	1.157614e-11	9.996396e+01	
50  5263.15	2.251987e+00	1.160775e-01	1.042372e+00	1.063828e-01	2.464229e-09	2.248814e-09	3.082038e-12	3.990633e-10	1.157614e-11	1.000063e+02	
30  5263.15	2.251987e+00	1.160775e-01	1.042372e+00	1.063828e-01	2.464229e-09	2.248814e-09	3.082038e-12	3.990633e-10	1.157614e-11	1.000976e+02	
10  5263.2	2.251987e+00	1.160775e-01	1.042372e+00	1.063828e-01	2.464229e-09	2.248814e-09	3.082038e-12	3.990633e-10	1.157614e-11	9.996483e+01	
30  5265.41	2.251987e+00	1.160775e-01	1.042372e+00	1.063828e-01	2.464229e-09	2.248814e-09	3.082038e-12	3.990633e-10	1.157614e-11	1.005853e+02	
110  5263.14	2.251987e+00	1.160775e-01	1.042372e+00	1.063828e-01	2.464229e-09	2.248814e-09	3.082038e-12	3.990633e-10	1.157614e-11	1.000867e+02	
30  5263.21	2.251987e+00	1.160775e-01	1.042372e+00	1.063828e-01	2.464229e-09	2.248814e-09	3.082038e-12	3.990633e-10	1.157614e-11	1.001521e+02	
170  5263.14	2.251987e+00	1.160775e-01	1.042372e+00	1.063828e-01	2.464229e-09	2.248814e-09	3.082038e-12	3.990633e-10	1.157614e-11	1.000241e+02	
160  5263.78	2.251987e+00	1.160775e-01	1.042372e+00	1.063828e-01	2.464229e-09	2.248814e-09	3.082038e-12	3.990633e-10	1.157614e-11	9.977242e+01	
80  5263.63	2.251987e+00	1.160775e-01	1.042372e+00	1.063828e-01	2.464229e-09	2.248814e-09	3.082038e-12	3.990633e-10	1.157614e-11	1.003029e+02	
60  5263.86	2.251987e+00	1.160775e-01	1.042372e+00	1.063828e-01	2.464229e-09	2.248814e-09	3.082038e-12	3.990633e-10	1.157614e-11	9.975531e+01	
100  5263.98	2.251987e+00	1.160775e-01	1.042372e+00	1.063828e-01	2.464229e-09	2.248814e-09	3.082038e-12	3.990633e-10	1.157614e-11	1.003791e+02	
10  5265.81	2.251987e+00	1.160775e-01	1.042372e+00	1.063828e-01	2.464229e-09	2.248814e-09	3.082038e-12	3.990633e-10	1.157614e-11	1.006303e+02	
10  5265.4	2.251987e+00	1.160775e-01	1.042372e+00	1.063828e-01	2.464229e-09	2.248814e-09	3.082038e-12	3.990633e-10	1.157614e-11	1.005840e+02	
110  5263.58	2.251987e+00	1.160775e-01	1.042372e+00	1.063828e-01	2.464229e-09	2.248814e-09	3.082038e-12	3.990633e-10	1.157614e-11	1.002891e+02	
100  5263.55	2.251987e+00	1.160775e-01	1.042372e+00	1.063828e-01	2.464229e-09	2.248814e-09	3.082038e-12	3.990633e-10	1.157614e-11	9.982897e+01	
70  5263.53	2.251987e+00	1.160775e-01	1.042372e+00	1.063828e-01	2.464229e-09	2.248814e-09	3.082038e-12	3.990633e-10	1.157614e-11	9.983259e+01	
120  5263.15	2.251987e+00	1.160775e-01	1.042372e+00	1.063828e-01	2.464229e-09	2.248814e-09	3.082038e-12	3.990633e-10	1.157614e-11	1.000939e+02	
30  5263.36	2.251987e+00	1.160775e-01	1.042372e+00	1.063828e-01	2.464229e-09	2.248814e-09	3.082038e-12	3.990633e-10	1.157614e-11	9.988952e+01	
120  5263.13	2.251987e+00	1.160775e-01	1.042372e+00	1.063828e-01	2.464229e-09	2.248814e-09	3.082038e-12	3.990633e-10	1.157614e-11	1.000515e+02	
90  5264.38	2.251987e+00	1.160775e-01	1.042372e+00	1.063828e-01	2.464229e-09	2.248814e-09	3.082038e-12	3.990633e-10	1.157614e-11	1.004473e+02	
50  5263.36	2.251987e+00	1.160775e-01	1.042372e+00	1.063828e-01	2.464229e-09	2.248814e-09	3.082038e-12	3.990633e-10	1.157614e-11	9.988674e+01	
190  5263.17	2.251987e+00	1.160775e-01	1.042372e+00	1.063828e-01	2.464229e-09	2.248814e-09	3.082038e-12	3.990633e-10	1.157614e-11	1.001254e+02	
110  5263.28	2.251987e+00	1.160775e-01	1.042372e+00	1.063828e-01	2.464229e-09	2.248814e-09	3.082038e-12	3.990633e-10	1.157614e-11	1.001900e+02	
20  5263.15	2.251987e+00	1.160775e-01	1.042372e+00	1.063828e-01	2.464229e-09	2.248814e-09	3.082038e-12	3.990633e-10	1.157614e-11	1.000949e+02	
10  5263.94	2.251987e+00	1.160775e-01	1.042372e+00	1.063828e-01	2.464229e-09	2.248814e-09	3.082038e-12	3.990633e-10	1.157614e-11	1.003702e+02	
80  5263.19	2.251987e+00	1.160775e-01	1.042372e+00	1.063828e-01	2.464229e-09	2.248814e-09	3.082038e-12	3.990633e-10	1.157614e-11	9.997238e+01	
60  5263.14	2.251987e+00	1.160775e-01	1.042372e+00	1.063828e-01	2.464229e-09	2.248814e-09	3.082038e-12	3.990633e-10	1.157614e-11	1.000277e+02	
30  5263.13	2.251987e+00	1.160775e-01	1.042372e+00	1.063828e-01	2.464229e-09	2.248814e-09	3.082038e-12	3.990633e-10	1.157614e-11	1.000594e+02	
130  5263.21	2.251987e+00	1.160775e-01	1.042372e+00	1.063828e-01	2.464229e-09	2.248814e-09	3.082038e-12	3.990633e-10	1.157614e-11	1.001551e+02	
170  5263.76	2.251987e+00	1.160775e-01	1.042372e+00	1.063828e-01	2.464229e-09	2.248814e-09	3.082038e-12	3.990633e-10	1.157614e-11	1.003329e+02	
30  5265.55	2.251987e+00	1.160775e-01	1.042372e+00	1.063828e-01	2.464229e-09	2.248814e-09	3.082038e-12	3.990633e-10	1.157614e-11	1.006021e+02	
20  5263.43	2.251987e+00	1.160775e-01	1.042372e+00	1.063828e-01	2.464229e-09	2.248814e-09	3.082038e-12	3.990633e-10	1.157614e-11	9.986380e+01	
30  5263.57	2.251987e+00	1.160775e-01	1.042372e+00	1.063828e-01	2.464229e-09	2.248814e-09	3.082038e-12	3.990633e-10	1.157614e-11	1.002882e+02	
10  5263.19	2.251987e+00	1.160775e-01	1.042372e+00	1.063828e-01	2.464229e-09	2.248814e-09	3.082038e-12	3.990633e-10	1.157614e-11	1.001376e+02	
10  5263.83	2.251987e+00	1.160775e-01	1.042372e+00	1.063828e-01	2.464229e-09	2.248814e-09	3.082038e-12	3.990633e-10	1.157614e-11	9.976260e+01	
20  5264.18	2.251987e+00	1.160775e-01	1.042372e+00	1.063828e-01	2.464229e-09	2.248814e-09	3.082038e-12	3.990633e-10	1.157614e-11	9.969585e+01	
80  5264.51	2.251987e+00	1.160775e-01	1.042372e+00	1.063828e-01	2.464229e-09	2.248814e-09	3.082038e-12	3.990633e-10	1.157614e-11	9.964262e+01	
50  5263.13	2.251987e+00	1.160775e-01	1.042372e+00	1.063828e-01	2.464229e-09	2.248814e-09	3.082038e-12	3.990633e-10	1.157614e-11	1.000665e+02	
10  5263.82	2.251987e+00	1.160775e-01	1.042372e+00	1.063828e-01	2.464229e-09	2.248814e-09	3.082038e-12	3.990633e-10	1.157614e-11	1.003474e+02	
100  5263.87	2.251987e+00	1.160775e-01	1.042372e+00	1.063828e-01	2.464229e-09	2.248814e-09	3.082038e-12	3.990633e-10	1.157614e-11	1.003571e+02	
70  5263.13	2.251987e+00	1.160775e-01	1.042372e+00	1.063828e-01	2.464229e-09	2.248814e-09	3.082038e-12	3.990633e-10	1.157614e-11	1.000497e+02	
20  5263.9	2.251987e+00	1.160775e-01	1.042372e+00	1.063828e-01	2.464229e-09	2.248814e-09	3.082038e-12	3.990633e-10	1.157614e-11	9.974812e+01	
10  5265.95	2.251987e+00	1.160775e-01	1.042372e+00	1.063828e-01	2.464229e-09	2.248814e-09	3.082038e-12	3.990633e-10	1.157614e-11	9.946501e+01	
10  5266.18	2.251987e+00	1.160775e-01	1.042372e+00	1.063828e-01	2.464229e-09	2.248814e-09	3.082038e-12	3.990633e-10	1.157614e-11	1.006686e+02	
20  5263.32	2.251987e+00	1.160775e-01	1.042372e+00	1.063828e-01	2.464229e-09	2.248814e-09	3.082038e-12	3.990633e-10	1.157614e-11	1.002072e+02	
20  5263.15	2.251987e+00	1.160775e-01	1.042372e+00	1.063828e-01	2.464229e-09	2.248814e-09	3.082038e-12	3.990633e-10	1.157614e-11	1.000093e+02	
240  5263.17	2.251987e+00	1.160775e-01	1.042372e+00	1.063828e-01	2.464229e-09	2.248814e-09	3.082038e-12	3.990633e-10	1.157614e-11	9.998665e+01	
110  5263.35	2.251987e+00	1.160775e-01	1.042372e+00	1.063828e-01	2.464229e-09	2.248814e-09	3.082038e-12	3.990633e-10	1.157614e-11	9.989267e+01	
80  5263.9	2.251987e+00	1.160775e-01	1.042372e+00	1.063828e-01	2.464229e-09	2.248814e-09	3.082038e-12	3.990633e-10	1.157614e-11	1.003620e+02	
80  5264.15	2.251987e+00	1.160775e-01	1.042372e+00	1.063828e-01	2.464229e-09	2.248814e-09	3.082038e-12	3.990633e-10	1.157614e-11	1.004105e+02	
70  5264.51	2.251987e+00	1.160775e-01	1.042372e+00	1.063828e-01	2.464229e-09	2.248814e-09	3.082038e-12	3.990633e-10	1.157614e-11	1.004672e+02	
190  5263.21	2.251987e+00	1.160775e-01	1.042372e+00	1.063828e-01	2.464229e-09	2.248814e-09	3.082038e-12	3.990633e-10	1.157614e-11	9.995830e+01	
80  5263.46	2.251987e+00	1.160775e-01	1.042372e+00	1.063828e-01	2.464229e-09	2.248814e-09	3.082038e-12	3.990633e-10	1.157614e-11	1.002550e+02	
50  5264.01	2.251987e+00	1.160775e-01	1.042372e+00	1.063828e-01	2.464229e-09	2.248814e-09	3.082038e-12	3.990633e-10	1.157614e-11	1.003834e+02	
10  5263.86	2.251987e+00	1.160775e-01	1.042372e+00	1.063828e-01	2.464229e-09	2.248814e-09	3.082038e-12	3.990633e-10	1.157614e-11	9.975493e+01	
30  5263.75	2.251987e+00	1.160775e-01	1.042372e+00	1.063828e-01	2.464229e-09	2.248814e-09	3.082038e-12	3.990633e-10	1.157614e-11	1.003309e+02	
130  5263.48	2.251987e+00	1.160775e-01	1.042372e+00	1.063828e-01	2.464229e-09	2.248814e-09	3.082038e-12	3.990633e-10	1.157614e-11	1.002633e+02	
10  5264.53	2.251987e+00	1.160775e-01	1.042372e+00	1.063828e-01	2.464229e-09	2.248814e-09	3.082038e-12	3.990633e-10	1.157614e-11	1.004710e+02	
20  5266.36	2.251987e+00	1.160775e-01	1.042372e+00	1.063828e-01	2.464229e-09	2.248814e-09	3.082038e-12	3.990633e-10	1.157614e-11	1.006866e+02	
100  5263.15	2.251987e+00	1.160775e-01	1.042372e+00	1.063828e-01	2.464229e-09	2.248814e-09	3.082038e-12	3.990633e-10	1.157614e-11	1.000103e+02	
20  5263.8	2.251987e+00	1.160775e-01	1.042372e+00	1.063828e-01	2.464229e-09	2.248814e-09	3.082038e-12	3.990633e-10	1.157614e-11	1.003410e+02	
40  5263.25	2.251987e+00	1.160775e-01	1.042372e+00	1.063828e-01	2.464229e-09	2.248814e-09	3.082038e-12	3.990633e-10	1.157614e-11	1.001741e+02	
220  5263.15	2.251987e+00	1.160775e-01	1.042372e+00	1.063828e-01	2.464229e-09	2.248814e-09	3.082038e-12	3.990633e-10	1.157614e-11	1.000120e+02	
