12  5863.16	2.209301e+00	1.202639e-01	1.041598e+00	5.675600e-02	2.351089e-09	2.032051e-09	2.944348e-11	4.075494e-09	-4.245134e-11	1.001710e+02	
4  5540.02	2.240318e+00	1.168031e-01	1.041257e+00	5.902531e-02	2.305609e-09	2.035341e-09	5.077378e-11	3.935726e-09	-1.746753e-11	9.902200e+01	
1  5422.97	2.252510e+00	1.159583e-01	1.041388e+00	6.704757e-02	2.277340e-09	2.070379e-09	5.919923e-11	3.850139e-09	-2.558153e-11	9.891114e+01	
2  5346.63	2.254632e+00	1.137224e-01	1.042236e+00	7.082493e-02	2.235725e-09	2.080894e-09	1.025012e-11	5.811901e-09	2.525096e-12	9.830212e+01	
40  5326.03	2.254632e+00	1.137224e-01	1.042236e+00	7.082493e-02	2.235725e-09	2.080894e-09	1.025012e-11	5.811901e-09	2.525096e-12	1.006831e+02	
40  5324.71	2.254632e+00	1.137224e-01	1.042236e+00	7.082493e-02	2.235725e-09	2.080894e-09	1.025012e-11	5.811901e-09	2.525096e-12	1.005436e+02	
60  5322.56	2.254632e+00	1.137224e-01	1.042236e+00	7.082493e-02	2.235725e-09	2.080894e-09	1.025012e-11	5.811901e-09	2.525096e-12	1.000257e+02	
66  5322.76	2.254632e+00	1.137224e-01	1.042236e+00	7.082493e-02	2.235725e-09	2.080894e-09	1.025012e-11	5.811901e-09	2.525096e-12	9.986832e+01	
24  5318.85	2.248442e+00	1.175122e-01	1.041721e+00	6.828228e-02	2.334505e-09	2.081563e-09	7.843328e-12	5.072070e-09	4.002834e-12	1.012298e+02	
10  5307.51	2.248442e+00	1.175122e-01	1.041721e+00	6.828228e-02	2.334505e-09	2.081563e-09	7.843328e-12	5.072070e-09	4.002834e-12	9.999776e+01	
80  5307.75	2.248442e+00	1.175122e-01	1.041721e+00	6.828228e-02	2.334505e-09	2.081563e-09	7.843328e-12	5.072070e-09	4.002834e-12	1.002210e+02	
90  5307.5	2.248442e+00	1.175122e-01	1.041721e+00	6.828228e-02	2.334505e-09	2.081563e-09	7.843328e-12	5.072070e-09	4.002834e-12	1.000765e+02	
30  5307.52	2.248442e+00	1.175122e-01	1.041721e+00	6.828228e-02	2.334505e-09	2.081563e-09	7.843328e-12	5.072070e-09	4.002834e-12	1.001007e+02	
10  5307.75	2.248442e+00	1.175122e-01	1.041721e+00	6.828228e-02	2.334505e-09	2.081563e-09	7.843328e-12	5.072070e-09	4.002834e-12	9.986843e+01	
90  5308.33	2.248442e+00	1.175122e-01	1.041721e+00	6.828228e-02	2.334505e-09	2.081563e-09	7.843328e-12	5.072070e-09	4.002834e-12	9.972328e+01	
80  5308.72	2.248442e+00	1.175122e-01	1.041721e+00	6.828228e-02	2.334505e-09	2.081563e-09	7.843328e-12	5.072070e-09	4.002834e-12	9.965472e+01	
40  5308.52	2.248442e+00	1.175122e-01	1.041721e+00	6.828228e-02	2.334505e-09	2.081563e-09	7.843328e-12	5.072070e-09	4.002834e-12	1.004014e+02	
70  5308.33	2.248442e+00	1.175122e-01	1.041721e+00	6.828228e-02	2.334505e-09	2.081563e-09	7.843328e-12	5.072070e-09	4.002834e-12	1.003665e+02	
8  5307.68	2.248442e+00	1.175122e-01	1.041721e+00	6.828228e-02	2.334505e-09	2.081563e-09	7.843328e-12	5.072070e-09	4.002834e-12	9.989500e+01	
52  5295.27	2.253244e+00	1.201543e-01	1.041197e+00	5.878125e-02	2.373381e-09	2.047915e-09	9.728617e-12	3.248817e-09	-1.573433e-11	1.003340e+02	
100  5294.62	2.253244e+00	1.201543e-01	1.041197e+00	5.878125e-02	2.373381e-09	2.047915e-09	9.728617e-12	3.248817e-09	-1.573433e-11	1.000840e+02	
40  5294.61	2.253244e+00	1.201543e-01	1.041197e+00	5.878125e-02	2.373381e-09	2.047915e-09	9.728617e-12	3.248817e-09	-1.573433e-11	1.000441e+02	
170  5294.64	2.253244e+00	1.201543e-01	1.041197e+00	5.878125e-02	2.373381e-09	2.047915e-09	9.728617e-12	3.248817e-09	-1.573433e-11	1.001051e+02	
40  5294.61	2.253244e+00	1.201543e-01	1.041197e+00	5.878125e-02	2.373381e-09	2.047915e-09	9.728617e-12	3.248817e-09	-1.573433e-11	1.000362e+02	
60  5294.63	2.253244e+00	1.201543e-01	1.041197e+00	5.878125e-02	2.373381e-09	2.047915e-09	9.728617e-12	3.248817e-09	-1.573433e-11	1.000928e+02	
40  5294.65	2.253244e+00	1.201543e-01	1.041197e+00	5.878125e-02	2.373381e-09	2.047915e-09	9.728617e-12	3.248817e-09	-1.573433e-11	9.997670e+01	
450  5294.62	2.253244e+00	1.201543e-01	1.041197e+00	5.878125e-02	2.373381e-09	2.047915e-09	9.728617e-12	3.248817e-09	-1.573433e-11	1.000842e+02	
10  5294.65	2.253244e+00	1.201543e-01	1.041197e+00	5.878125e-02	2.373381e-09	2.047915e-09	9.728617e-12	3.248817e-09	-1.573433e-11	1.001162e+02	
20  5295.39	2.253244e+00	1.201543e-01	1.041197e+00	5.878125e-02	2.373381e-09	2.047915e-09	9.728617e-12	3.248817e-09	-1.573433e-11	1.003596e+02	
30  5295.3	2.253244e+00	1.201543e-01	1.041197e+00	5.878125e-02	2.373381e-09	2.047915e-09	9.728617e-12	3.248817e-09	-1.573433e-11	9.975646e+01	
30  5295.18	2.253244e+00	1.201543e-01	1.041197e+00	5.878125e-02	2.373381e-09	2.047915e-09	9.728617e-12	3.248817e-09	-1.573433e-11	1.003135e+02	
30  5294.8	2.253244e+00	1.201543e-01	1.041197e+00	5.878125e-02	2.373381e-09	2.047915e-09	9.728617e-12	3.248817e-09	-1.573433e-11	9.989373e+01	
48  5294.62	2.253244e+00	1.201543e-01	1.041197e+00	5.878125e-02	2.373381e-09	2.047915e-09	9.728617e-12	3.248817e-09	-1.573433e-11	1.000157e+02	
38  5292.05	2.245858e+00	1.182390e-01	1.042050e+00	7.545717e-02	2.350812e-09	2.117193e-09	2.131050e-11	3.154067e-09	-6.361002e-12	1.003142e+02	
58  5289.39	2.254870e+00	1.149251e-01	1.041877e+00	9.222441e-02	2.359182e-09	2.177094e-09	1.307910e-11	4.164283e-09	-6.151510e-12	9.982360e+01	
26  5287.14	2.241752e+00	1.149839e-01	1.042112e+00	8.160019e-02	2.300962e-09	2.133599e-09	7.925191e-12	4.517215e-09	4.574948e-13	9.937620e+01	
10  5286.95	2.241752e+00	1.149839e-01	1.042112e+00	8.160019e-02	2.300962e-09	2.133599e-09	7.925191e-12	4.517215e-09	4.574948e-13	1.006707e+02	
90  5285.44	2.241752e+00	1.149839e-01	1.042112e+00	8.160019e-02	2.300962e-09	2.133599e-09	7.925191e-12	4.517215e-09	4.574948e-13	9.956350e+01	
130  5284.28	2.241752e+00	1.149839e-01	1.042112e+00	8.160019e-02	2.300962e-09	2.133599e-09	7.925191e-12	4.517215e-09	4.574948e-13	1.003091e+02	
10  5284.88	2.241752e+00	1.149839e-01	1.042112e+00	8.160019e-02	2.300962e-09	2.133599e-09	7.925191e-12	4.517215e-09	4.574948e-13	1.004219e+02	
24  5287.62	2.241752e+00	1.149839e-01	1.042112e+00	8.160019e-02	2.300962e-09	2.133599e-09	7.925191e-12	4.517215e-09	4.574948e-13	9.933231e+01	
16  5288.45	2.257040e+00	1.174677e-01	1.041650e+00	7.545500e-02	2.350477e-09	2.110500e-09	7.923405e-12	4.623035e-09	-7.638202e-12	9.974146e+01	
140  5287.8	2.257040e+00	1.174677e-01	1.041650e+00	7.545500e-02	2.350477e-09	2.110500e-09	7.923405e-12	4.623035e-09	-7.638202e-12	1.001345e+02	
100  5288.49	2.257040e+00	1.174677e-01	1.041650e+00	7.545500e-02	2.350477e-09	2.110500e-09	7.923405e-12	4.623035e-09	-7.638202e-12	1.003468e+02	
130  5288.27	2.257040e+00	1.174677e-01	1.041650e+00	7.545500e-02	2.350477e-09	2.110500e-09	7.923405e-12	4.623035e-09	-7.638202e-12	1.003004e+02	
10  5287.76	2.257040e+00	1.174677e-01	1.041650e+00	7.545500e-02	2.350477e-09	2.110500e-09	7.923405e-12	4.623035e-09	-7.638202e-12	1.001058e+02	
107  5288.04	2.257040e+00	1.174677e-01	1.041650e+00	7.545500e-02	2.350477e-09	2.110500e-09	7.923405e-12	4.623035e-09	-7.638202e-12	1.002356e+02	
43  5274.11	2.258958e+00	1.176859e-01	1.042329e+00	6.679595e-02	2.338856e-09	2.078771e-09	4.179070e-12	3.820609e-09	3.126345e-12	1.001425e+02	
140  5274.12	2.258958e+00	1.176859e-01	1.042329e+00	6.679595e-02	2.338856e-09	2.078771e-09	4.179070e-12	3.820609e-09	3.126345e-12	9.994127e+01	
80  5275.62	2.258958e+00	1.176859e-01	1.042329e+00	6.679595e-02	2.338856e-09	2.078771e-09	4.179070e-12	3.820609e-09	3.126345e-12	9.960178e+01	
30  5274.36	2.258958e+00	1.176859e-01	1.042329e+00	6.679595e-02	2.338856e-09	2.078771e-09	4.179070e-12	3.820609e-09	3.126345e-12	9.984365e+01	
50  5274.33	2.258958e+00	1.176859e-01	1.042329e+00	6.679595e-02	2.338856e-09	2.078771e-09	4.179070e-12	3.820609e-09	3.126345e-12	9.985446e+01	
60  5276.21	2.258958e+00	1.176859e-01	1.042329e+00	6.679595e-02	2.338856e-09	2.078771e-09	4.179070e-12	3.820609e-09	3.126345e-12	1.005642e+02	
20  5274.7	2.258958e+00	1.176859e-01	1.042329e+00	6.679595e-02	2.338856e-09	2.078771e-09	4.179070e-12	3.820609e-09	3.126345e-12	1.003335e+02	
10  5276.13	2.258958e+00	1.176859e-01	1.042329e+00	6.679595e-02	2.338856e-09	2.078771e-09	4.179070e-12	3.820609e-09	3.126345e-12	1.005543e+02	
40  5274.05	2.258958e+00	1.176859e-01	1.042329e+00	6.679595e-02	2.338856e-09	2.078771e-09	4.179070e-12	3.820609e-09	3.126345e-12	1.000843e+02	
80  5274.04	2.258958e+00	1.176859e-01	1.042329e+00	6.679595e-02	2.338856e-09	2.078771e-09	4.179070e-12	3.820609e-09	3.126345e-12	1.000693e+02	
40  5275.17	2.258958e+00	1.176859e-01	1.042329e+00	6.679595e-02	2.338856e-09	2.078771e-09	4.179070e-12	3.820609e-09	3.126345e-12	1.004205e+02	
40  5274.08	2.258958e+00	1.176859e-01	1.042329e+00	6.679595e-02	2.338856e-09	2.078771e-09	4.179070e-12	3.820609e-09	3.126345e-12	9.996657e+01	
70  5274.32	2.258958e+00	1.176859e-01	1.042329e+00	6.679595e-02	2.338856e-09	2.078771e-09	4.179070e-12	3.820609e-09	3.126345e-12	1.002325e+02	
80  5274.12	2.258958e+00	1.176859e-01	1.042329e+00	6.679595e-02	2.338856e-09	2.078771e-09	4.179070e-12	3.820609e-09	3.126345e-12	1.001485e+02	
260  5274.09	2.258958e+00	1.176859e-01	1.042329e+00	6.679595e-02	2.338856e-09	2.078771e-09	4.179070e-12	3.820609e-09	3.126345e-12	9.995948e+01	
80  5274.14	2.258958e+00	1.176859e-01	1.042329e+00	6.679595e-02	2.338856e-09	2.078771e-09	4.179070e-12	3.820609e-09	3.126345e-12	9.992909e+01	
40  5274.9	2.258958e+00	1.176859e-01	1.042329e+00	6.679595e-02	2.338856e-09	2.078771e-09	4.179070e-12	3.820609e-09	3.126345e-12	1.003727e+02	
13  5274.09	2.258958e+00	1.176859e-01	1.042329e+00	6.679595e-02	2.338856e-09	2.078771e-09	4.179070e-12	3.820609e-09	3.126345e-12	9.995911e+01	
67  5271.45	2.246729e+00	1.153167e-01	1.041953e+00	8.418974e-02	2.345991e-09	2.149291e-09	2.379401e-12	2.824554e-09	-3.169759e-12	1.000227e+02	
20  5271.6	2.246729e+00	1.153167e-01	1.041953e+00	8.418974e-02	2.345991e-09	2.149291e-09	2.379401e-12	2.824554e-09	-3.169759e-12	1.001749e+02	
110  5272.39	2.246729e+00	1.153167e-01	1.041953e+00	8.418974e-02	2.345991e-09	2.149291e-09	2.379401e-12	2.824554e-09	-3.169759e-12	1.003777e+02	
10  5271.66	2.246729e+00	1.153167e-01	1.041953e+00	8.418974e-02	2.345991e-09	2.149291e-09	2.379401e-12	2.824554e-09	-3.169759e-12	1.001994e+02	
10  5271.87	2.246729e+00	1.153167e-01	1.041953e+00	8.418974e-02	2.345991e-09	2.149291e-09	2.379401e-12	2.824554e-09	-3.169759e-12	1.002641e+02	
33  5272.06	2.246729e+00	1.153167e-01	1.041953e+00	8.418974e-02	2.345991e-09	2.149291e-09	2.379401e-12	2.824554e-09	-3.169759e-12	9.976160e+01	
17  5270.37	2.243287e+00	1.145377e-01	1.042251e+00	1.002256e-01	2.385984e-09	2.221389e-09	1.402292e-11	1.746431e-09	5.586586e-12	1.005251e+02	
15  5269.53	2.243287e+00	1.145377e-01	1.042251e+00	1.002256e-01	2.385984e-09	2.221389e-09	1.402292e-11	1.746431e-09	5.586586e-12	1.004018e+02	
45  5269.14	2.251064e+00	1.136411e-01	1.042681e+00	1.103454e-01	2.411806e-09	2.264919e-09	8.221089e-12	1.198914e-09	2.250354e-11	1.007631e+02	
30  5266.44	2.251064e+00	1.136411e-01	1.042681e+00	1.103454e-01	2.411806e-09	2.264919e-09	8.221089e-12	1.198914e-09	2.250354e-11	1.004668e+02	
70  5267.51	2.251064e+00	1.136411e-01	1.042681e+00	1.103454e-01	2.411806e-09	2.264919e-09	8.221089e-12	1.198914e-09	2.250354e-11	1.006040e+02	
10  5269.7	2.251064e+00	1.136411e-01	1.042681e+00	1.103454e-01	2.411806e-09	2.264919e-09	8.221089e-12	1.198914e-09	2.250354e-11	1.008103e+02	
10  5270	2.251064e+00	1.136411e-01	1.042681e+00	1.103454e-01	2.411806e-09	2.264919e-09	8.221089e-12	1.198914e-09	2.250354e-11	1.008344e+02	
10  5272.93	2.251064e+00	1.136411e-01	1.042681e+00	1.103454e-01	2.411806e-09	2.264919e-09	8.221089e-12	1.198914e-09	2.250354e-11	9.906412e+01	
40  5267.03	2.251064e+00	1.136411e-01	1.042681e+00	1.103454e-01	2.411806e-09	2.264919e-09	8.221089e-12	1.198914e-09	2.250354e-11	1.005473e+02	
30  5265.39	2.251064e+00	1.136411e-01	1.042681e+00	1.103454e-01	2.411806e-09	2.264919e-09	8.221089e-12	1.198914e-09	2.250354e-11	1.002575e+02	
30  5265.25	2.251064e+00	1.136411e-01	1.042681e+00	1.103454e-01	2.411806e-09	2.264919e-09	8.221089e-12	1.198914e-09	2.250354e-11	1.002120e+02	
20  5265.79	2.251064e+00	1.136411e-01	1.042681e+00	1.103454e-01	2.411806e-09	2.264919e-09	8.221089e-12	1.198914e-09	2.250354e-11	9.974775e+01	
50  5265.98	2.251064e+00	1.136411e-01	1.042681e+00	1.103454e-01	2.411806e-09	2.264919e-09	8.221089e-12	1.198914e-09	2.250354e-11	9.971049e+01	
60  5266.04	2.251064e+00	1.136411e-01	1.042681e+00	1.103454e-01	2.411806e-09	2.264919e-09	8.221089e-12	1.198914e-09	2.250354e-11	9.970127e+01	
20  5267.35	2.251064e+00	1.136411e-01	1.042681e+00	1.103454e-01	2.411806e-09	2.264919e-09	8.221089e-12	1.198914e-09	2.250354e-11	1.005855e+02	
100  5265.91	2.251064e+00	1.136411e-01	1.042681e+00	1.103454e-01	2.411806e-09	2.264919e-09	8.221089e-12	1.198914e-09	2.250354e-11	1.003778e+02	
70  5266.16	2.251064e+00	1.136411e-01	1.042681e+00	1.103454e-01	2.411806e-09	2.264919e-09	8.221089e-12	1.198914e-09	2.250354e-11	1.004226e+02	
50  5265.14	2.251064e+00	1.136411e-01	1.042681e+00	1.103454e-01	2.411806e-09	2.264919e-09	8.221089e-12	1.198914e-09	2.250354e-11	1.001574e+02	
160  5265.42	2.251064e+00	1.136411e-01	1.042681e+00	1.103454e-01	2.411806e-09	2.264919e-09	8.221089e-12	1.198914e-09	2.250354e-11	1.002658e+02	
10  5267.37	2.251064e+00	1.136411e-01	1.042681e+00	1.103454e-01	2.411806e-09	2.264919e-09	8.221089e-12	1.198914e-09	2.250354e-11	1.005879e+02	
20  5265.83	2.251064e+00	1.136411e-01	1.042681e+00	1.103454e-01	2.411806e-09	2.264919e-09	8.221089e-12	1.198914e-09	2.250354e-11	1.003624e+02	
10  5265.07	2.251064e+00	1.136411e-01	1.042681e+00	1.103454e-01	2.411806e-09	2.264919e-09	8.221089e-12	1.198914e-09	2.250354e-11	1.000016e+02	
10  5265.37	2.251064e+00	1.136411e-01	1.042681e+00	1.103454e-01	2.411806e-09	2.264919e-09	8.221089e-12	1.198914e-09	2.250354e-11	9.985004e+01	
10  5265.05	2.251064e+00	1.136411e-01	1.042681e+00	1.103454e-01	2.411806e-09	2.264919e-09	8.221089e-12	1.198914e-09	2.250354e-11	1.000815e+02	
110  5265.05	2.251064e+00	1.136411e-01	1.042681e+00	1.103454e-01	2.411806e-09	2.264919e-09	8.221089e-12	1.198914e-09	2.250354e-11	1.000849e+02	
10  5266.36	2.251064e+00	1.136411e-01	1.042681e+00	1.103454e-01	2.411806e-09	2.264919e-09	8.221089e-12	1.198914e-09	2.250354e-11	1.004546e+02	
10  5265.15	2.251064e+00	1.136411e-01	1.042681e+00	1.103454e-01	2.411806e-09	2.264919e-09	8.221089e-12	1.198914e-09	2.250354e-11	1.001680e+02	
30  5265.35	2.251064e+00	1.136411e-01	1.042681e+00	1.103454e-01	2.411806e-09	2.264919e-09	8.221089e-12	1.198914e-09	2.250354e-11	1.002463e+02	
10  5265.99	2.251064e+00	1.136411e-01	1.042681e+00	1.103454e-01	2.411806e-09	2.264919e-09	8.221089e-12	1.198914e-09	2.250354e-11	1.003942e+02	
10  5265.9	2.251064e+00	1.136411e-01	1.042681e+00	1.103454e-01	2.411806e-09	2.264919e-09	8.221089e-12	1.198914e-09	2.250354e-11	9.972608e+01	
30  5266.49	2.251064e+00	1.136411e-01	1.042681e+00	1.103454e-01	2.411806e-09	2.264919e-09	8.221089e-12	1.198914e-09	2.250354e-11	9.962931e+01	
10  5266.39	2.251064e+00	1.136411e-01	1.042681e+00	1.103454e-01	2.411806e-09	2.264919e-09	8.221089e-12	1.198914e-09	2.250354e-11	9.964401e+01	
20  5265.76	2.251064e+00	1.136411e-01	1.042681e+00	1.103454e-01	2.411806e-09	2.264919e-09	8.221089e-12	1.198914e-09	2.250354e-11	9.975381e+01	
110  5265.32	2.251064e+00	1.136411e-01	1.042681e+00	1.103454e-01	2.411806e-09	2.264919e-09	8.221089e-12	1.198914e-09	2.250354e-11	1.002358e+02	
130  5265.46	2.251064e+00	1.136411e-01	1.042681e+00	1.103454e-01	2.411806e-09	2.264919e-09	8.221089e-12	1.198914e-09	2.250354e-11	9.982616e+01	
180  5265.47	2.251064e+00	1.136411e-01	1.042681e+00	1.103454e-01	2.411806e-09	2.264919e-09	8.221089e-12	1.198914e-09	2.250354e-11	9.982211e+01	
70  5266.47	2.251064e+00	1.136411e-01	1.042681e+00	1.103454e-01	2.411806e-09	2.264919e-09	8.221089e-12	1.198914e-09	2.250354e-11	1.004716e+02	
20  5265.38	2.251064e+00	1.136411e-01	1.042681e+00	1.103454e-01	2.411806e-09	2.264919e-09	8.221089e-12	1.198914e-09	2.250354e-11	1.002537e+02	
30  5270.55	2.251064e+00	1.136411e-01	1.042681e+00	1.103454e-01	2.411806e-09	2.264919e-09	8.221089e-12	1.198914e-09	2.250354e-11	1.008766e+02	
60  5268.37	2.251064e+00	1.136411e-01	1.042681e+00	1.103454e-01	2.411806e-09	2.264919e-09	8.221089e-12	1.198914e-09	2.250354e-11	9.941015e+01	
30  5265.26	2.251064e+00	1.136411e-01	1.042681e+00	1.103454e-01	2.411806e-09	2.264919e-09	8.221089e-12	1.198914e-09	2.250354e-11	9.988649e+01	
30  5265.24	2.251064e+00	1.136411e-01	1.042681e+00	1.103454e-01	2.411806e-09	2.264919e-09	8.221089e-12	1.198914e-09	2.250354e-11	1.002074e+02	
10  5266.91	2.251064e+00	1.136411e-01	1.042681e+00	1.103454e-01	2.411806e-09	2.264919e-09	8.221089e-12	1.198914e-09	2.250354e-11	9.957172e+01	
140  5266.34	2.251064e+00	1.136411e-01	1.042681e+00	1.103454e-01	2.411806e-09	2.264919e-09	8.221089e-12	1.198914e-09	2.250354e-11	1.004511e+02	
10  5267.2	2.251064e+00	1.136411e-01	1.042681e+00	1.103454e-01	2.411806e-09	2.264919e-09	8.221089e-12	1.198914e-09	2.250354e-11	1.005677e+02	
20  5266.17	2.251064e+00	1.136411e-01	1.042681e+00	1.103454e-01	2.411806e-09	2.264919e-09	8.221089e-12	1.198914e-09	2.250354e-11	9.967837e+01	
110  5265.3	2.251064e+00	1.136411e-01	1.042681e+00	1.103454e-01	2.411806e-09	2.264919e-09	8.221089e-12	1.198914e-09	2.250354e-11	1.002306e+02	
150  5265.05	2.251064e+00	1.136411e-01	1.042681e+00	1.103454e-01	2.411806e-09	2.264919e-09	8.221089e-12	1.198914e-09	2.250354e-11	1.000801e+02	
30  5267.97	2.251064e+00	1.136411e-01	1.042681e+00	1.103454e-01	2.411806e-09	2.264919e-09	8.221089e-12	1.198914e-09	2.250354e-11	9.944979e+01	
10  5265.6	2.251064e+00	1.136411e-01	1.042681e+00	1.103454e-01	2.411806e-09	2.264919e-09	8.221089e-12	1.198914e-09	2.250354e-11	1.003141e+02	
30  5265.1	2.251064e+00	1.136411e-01	1.042681e+00	1.103454e-01	2.411806e-09	2.264919e-09	8.221089e-12	1.198914e-09	2.250354e-11	1.001306e+02	
30  5265.05	2.251064e+00	1.136411e-01	1.042681e+00	1.103454e-01	2.411806e-09	2.264919e-09	8.221089e-12	1.198914e-09	2.250354e-11	1.000302e+02	
90  5265.43	2.251064e+00	1.136411e-01	1.042681e+00	1.103454e-01	2.411806e-09	2.264919e-09	8.221089e-12	1.198914e-09	2.250354e-11	9.983305e+01	
80  5265.05	2.251064e+00	1.136411e-01	1.042681e+00	1.103454e-01	2.411806e-09	2.264919e-09	8.221089e-12	1.198914e-09	2.250354e-11	1.000226e+02	
20  5265.06	2.251064e+00	1.136411e-01	1.042681e+00	1.103454e-01	2.411806e-09	2.264919e-09	8.221089e-12	1.198914e-09	2.250354e-11	1.000109e+02	
20  5265.28	2.251064e+00	1.136411e-01	1.042681e+00	1.103454e-01	2.411806e-09	2.264919e-09	8.221089e-12	1.198914e-09	2.250354e-11	1.002218e+02	
30  5266.25	2.251064e+00	1.136411e-01	1.042681e+00	1.103454e-01	2.411806e-09	2.264919e-09	8.221089e-12	1.198914e-09	2.250354e-11	9.966589e+01	
30  5268.33	2.251064e+00	1.136411e-01	1.042681e+00	1.103454e-01	2.411806e-09	2.264919e-09	8.221089e-12	1.198914e-09	2.250354e-11	9.941372e+01	
30  5266.33	2.251064e+00	1.136411e-01	1.042681e+00	1.103454e-01	2.411806e-09	2.264919e-09	8.221089e-12	1.198914e-09	2.250354e-11	9.965238e+01	
30  5267.49	2.251064e+00	1.136411e-01	1.042681e+00	1.103454e-01	2.411806e-09	2.264919e-09	8.221089e-12	1.198914e-09	2.250354e-11	1.006013e+02	
120  5265.33	2.251064e+00	1.136411e-01	1.042681e+00	1.103454e-01	2.411806e-09	2.264919e-09	8.221089e-12	1.198914e-09	2.250354e-11	1.002387e+02	
50  5265.11	2.251064e+00	1.136411e-01	1.042681e+00	1.103454e-01	2.411806e-09	2.264919e-09	8.221089e-12	1.198914e-09	2.250354e-11	1.001389e+02	
30  5266.69	2.251064e+00	1.136411e-01	1.042681e+00	1.103454e-01	2.411806e-09	2.264919e-09	8.221089e-12	1.198914e-09	2.250354e-11	1.005026e+02	
30  5267.5	2.251064e+00	1.136411e-01	1.042681e+00	1.103454e-01	2.411806e-09	2.264919e-09	8.221089e-12	1.198914e-09	2.250354e-11	1.006026e+02	
120  5268.1	2.251064e+00	1.136411e-01	1.042681e+00	1.103454e-01	2.411806e-09	2.264919e-09	8.221089e-12	1.198914e-09	2.250354e-11	9.943715e+01	
20  5265.81	2.251064e+00	1.136411e-01	1.042681e+00	1.103454e-01	2.411806e-09	2.264919e-09	8.221089e-12	1.198914e-09	2.250354e-11	1.003599e+02	
10  5266.76	2.251064e+00	1.136411e-01	1.042681e+00	1.103454e-01	2.411806e-09	2.264919e-09	8.221089e-12	1.198914e-09	2.250354e-11	1.005122e+02	
30  5265.45	2.251064e+00	1.136411e-01	1.042681e+00	1.103454e-01	2.411806e-09	2.264919e-09	8.221089e-12	1.198914e-09	2.250354e-11	1.002760e+02	
10  5265.58	2.251064e+00	1.136411e-01	1.042681e+00	1.103454e-01	2.411806e-09	2.264919e-09	8.221089e-12	1.198914e-09	2.250354e-11	9.979439e+01	
70  5266.46	2.251064e+00	1.136411e-01	1.042681e+00	1.103454e-01	2.411806e-09	2.264919e-09	8.221089e-12	1.198914e-09	2.250354e-11	1.004702e+02	
40  5265.19	2.251064e+00	1.136411e-01	1.042681e+00	1.103454e-01	2.411806e-09	2.264919e-09	8.221089e-12	1.198914e-09	2.250354e-11	1.001832e+02	
30  5266.38	2.251064e+00	1.136411e-01	1.042681e+00	1.103454e-01	2.411806e-09	2.264919e-09	8.221089e-12	1.198914e-09	2.250354e-11	1.004576e+02	
10  5266.6	2.251064e+00	1.136411e-01	1.042681e+00	1.103454e-01	2.411806e-09	2.264919e-09	8.221089e-12	1.198914e-09	2.250354e-11	1.004898e+02	
10  5267.69	2.251064e+00	1.136411e-01	1.042681e+00	1.103454e-01	2.411806e-09	2.264919e-09	8.221089e-12	1.198914e-09	2.250354e-11	1.006234e+02	
10  5268.04	2.251064e+00	1.136411e-01	1.042681e+00	1.103454e-01	2.411806e-09	2.264919e-09	8.221089e-12	1.198914e-09	2.250354e-11	1.006596e+02	
20  5265.07	2.251064e+00	1.136411e-01	1.042681e+00	1.103454e-01	2.411806e-09	2.264919e-09	8.221089e-12	1.198914e-09	2.250354e-11	1.001063e+02	
70  5265.1	2.251064e+00	1.136411e-01	1.042681e+00	1.103454e-01	2.411806e-09	2.264919e-09	8.221089e-12	1.198914e-09	2.250354e-11	9.996763e+01	
80  5265.07	2.251064e+00	1.136411e-01	1.042681e+00	1.103454e-01	2.411806e-09	2.264919e-09	8.221089e-12	1.198914e-09	2.250354e-11	1.000009e+02	
60  5265.07	2.251064e+00	1.136411e-01	1.042681e+00	1.103454e-01	2.411806e-09	2.264919e-09	8.221089e-12	1.198914e-09	2.250354e-11	1.001029e+02	
120  5265.14	2.251064e+00	1.136411e-01	1.042681e+00	1.103454e-01	2.411806e-09	2.264919e-09	8.221089e-12	1.198914e-09	2.250354e-11	9.994156e+01	
10  5265.67	2.251064e+00	1.136411e-01	1.042681e+00	1.103454e-01	2.411806e-09	2.264919e-09	8.221089e-12	1.198914e-09	2.250354e-11	9.977292e+01	
20  5265.17	2.251064e+00	1.136411e-01	1.042681e+00	1.103454e-01	2.411806e-09	2.264919e-09	8.221089e-12	1.198914e-09	2.250354e-11	1.001741e+02	
120  5266.43	2.251064e+00	1.136411e-01	1.042681e+00	1.103454e-01	2.411806e-09	2.264919e-09	8.221089e-12	1.198914e-09	2.250354e-11	9.963679e+01	
130  5266.03	2.251064e+00	1.136411e-01	1.042681e+00	1.103454e-01	2.411806e-09	2.264919e-09	8.221089e-12	1.198914e-09	2.250354e-11	1.004001e+02	
10  5265.13	2.251064e+00	1.136411e-01	1.042681e+00	1.103454e-01	2.411806e-09	2.264919e-09	8.221089e-12	1.198914e-09	2.250354e-11	1.001531e+02	
90  5266.9	2.251064e+00	1.136411e-01	1.042681e+00	1.103454e-01	2.411806e-09	2.264919e-09	8.221089e-12	1.198914e-09	2.250354e-11	1.005302e+02	
60  5265.31	2.251064e+00	1.136411e-01	1.042681e+00	1.103454e-01	2.411806e-09	2.264919e-09	8.221089e-12	1.198914e-09	2.250354e-11	9.987106e+01	
30  5265.2	2.251064e+00	1.136411e-01	1.042681e+00	1.103454e-01	2.411806e-09	2.264919e-09	8.221089e-12	1.198914e-09	2.250354e-11	1.001887e+02	
30  5265.86	2.251064e+00	1.136411e-01	1.042681e+00	1.103454e-01	2.411806e-09	2.264919e-09	8.221089e-12	1.198914e-09	2.250354e-11	1.003689e+02	
50  5265.06	2.251064e+00	1.136411e-01	1.042681e+00	1.103454e-01	2.411806e-09	2.264919e-09	8.221089e-12	1.198914e-09	2.250354e-11	1.000075e+02	
10  5266.93	2.251064e+00	1.136411e-01	1.042681e+00	1.103454e-01	2.411806e-09	2.264919e-09	8.221089e-12	1.198914e-09	2.250354e-11	9.956907e+01	
10  5266.98	2.251064e+00	1.136411e-01	1.042681e+00	1.103454e-01	2.411806e-09	2.264919e-09	8.221089e-12	1.198914e-09	2.250354e-11	9.956176e+01	
70  5265.41	2.251064e+00	1.136411e-01	1.042681e+00	1.103454e-01	2.411806e-09	2.264919e-09	8.221089e-12	1.198914e-09	2.250354e-11	9.983791e+01	
160  5265.08	2.251064e+00	1.136411e-01	1.042681e+00	1.103454e-01	2.411806e-09	2.264919e-09	8.221089e-12	1.198914e-09	2.250354e-11	9.998854e+01	
30  5265.51	2.251064e+00	1.136411e-01	1.042681e+00	1.103454e-01	2.411806e-09	2.264919e-09	8.221089e-12	1.198914e-09	2.250354e-11	1.002917e+02	
10  5265.12	2.251064e+00	1.136411e-01	1.042681e+00	1.103454e-01	2.411806e-09	2.264919e-09	8.221089e-12	1.198914e-09	2.250354e-11	1.001488e+02	
20  5266.46	2.251064e+00	1.136411e-01	1.042681e+00	1.103454e-01	2.411806e-09	2.264919e-09	8.221089e-12	1.198914e-09	2.250354e-11	9.963262e+01	
20  5267.48	2.251064e+00	1.136411e-01	1.042681e+00	1.103454e-01	2.411806e-09	2.264919e-09	8.221089e-12	1.198914e-09	2.250354e-11	9.950291e+01	
120  5265.53	2.251064e+00	1.136411e-01	1.042681e+00	1.103454e-01	2.411806e-09	2.264919e-09	8.221089e-12	1.198914e-09	2.250354e-11	1.002974e+02	
60  5266.85	2.251064e+00	1.136411e-01	1.042681e+00	1.103454e-01	2.411806e-09	2.264919e-09	8.221089e-12	1.198914e-09	2.250354e-11	1.005239e+02	
40  5266.24	2.251064e+00	1.136411e-01	1.042681e+00	1.103454e-01	2.411806e-09	2.264919e-09	8.221089e-12	1.198914e-09	2.250354e-11	9.966705e+01	
70  5267.02	2.251064e+00	1.136411e-01	1.042681e+00	1.103454e-01	2.411806e-09	2.264919e-09	8.221089e-12	1.198914e-09	2.250354e-11	1.005451e+02	
20  5266.2	2.251064e+00	1.136411e-01	1.042681e+00	1.103454e-01	2.411806e-09	2.264919e-09	8.221089e-12	1.198914e-09	2.250354e-11	9.967387e+01	
30  5266.12	2.251064e+00	1.136411e-01	1.042681e+00	1.103454e-01	2.411806e-09	2.264919e-09	8.221089e-12	1.198914e-09	2.250354e-11	1.004156e+02	
100  5265.8	2.251064e+00	1.136411e-01	1.042681e+00	1.103454e-01	2.411806e-09	2.264919e-09	8.221089e-12	1.198914e-09	2.250354e-11	1.003563e+02	
60  5265.05	2.251064e+00	1.136411e-01	1.042681e+00	1.103454e-01	2.411806e-09	2.264919e-09	8.221089e-12	1.198914e-09	2.250354e-11	1.000337e+02	
110  5265.05	2.251064e+00	1.136411e-01	1.042681e+00	1.103454e-01	2.411806e-09	2.264919e-09	8.221089e-12	1.198914e-09	2.250354e-11	1.000587e+02	
40  5265.05	2.251064e+00	1.136411e-01	1.042681e+00	1.103454e-01	2.411806e-09	2.264919e-09	8.221089e-12	1.198914e-09	2.250354e-11	1.000443e+02	
38  5265.09	2.251064e+00	1.136411e-01	1.042681e+00	1.103454e-01	2.411806e-09	2.264919e-09	8.221089e-12	1.198914e-09	2.250354e-11	1.001261e+02	
72  5261.1	2.243101e+00	1.145556e-01	1.042291e+00	1.020783e-01	2.374011e-09	2.226363e-09	8.391352e-12	1.161158e-09	1.286953e-11	9.988810e+01	
30  5260.92	2.243101e+00	1.145556e-01	1.042291e+00	1.020783e-01	2.374011e-09	2.226363e-09	8.391352e-12	1.161158e-09	1.286953e-11	1.000093e+02	
300  5261.17	2.243101e+00	1.145556e-01	1.042291e+00	1.020783e-01	2.374011e-09	2.226363e-09	8.391352e-12	1.161158e-09	1.286953e-11	9.986548e+01	
20  5261.24	2.243101e+00	1.145556e-01	1.042291e+00	1.020783e-01	2.374011e-09	2.226363e-09	8.391352e-12	1.161158e-09	1.286953e-11	9.984040e+01	
20  5263.61	2.243101e+00	1.145556e-01	1.042291e+00	1.020783e-01	2.374011e-09	2.226363e-09	8.391352e-12	1.161158e-09	1.286953e-11	9.946529e+01	
50  5261.1	2.243101e+00	1.145556e-01	1.042291e+00	1.020783e-01	2.374011e-09	2.226363e-09	8.391352e-12	1.161158e-09	1.286953e-11	1.001958e+02	
90  5261.1	2.243101e+00	1.145556e-01	1.042291e+00	1.020783e-01	2.374011e-09	2.226363e-09	8.391352e-12	1.161158e-09	1.286953e-11	1.001964e+02	
40  5260.94	2.243101e+00	1.145556e-01	1.042291e+00	1.020783e-01	2.374011e-09	2.226363e-09	8.391352e-12	1.161158e-09	1.286953e-11	1.001033e+02	
120  5261.85	2.243101e+00	1.145556e-01	1.042291e+00	1.020783e-01	2.374011e-09	2.226363e-09	8.391352e-12	1.161158e-09	1.286953e-11	9.970205e+01	
50  5261.68	2.243101e+00	1.145556e-01	1.042291e+00	1.020783e-01	2.374011e-09	2.226363e-09	8.391352e-12	1.161158e-09	1.286953e-11	9.973391e+01	
10  5260.91	2.243101e+00	1.145556e-01	1.042291e+00	1.020783e-01	2.374011e-09	2.226363e-09	8.391352e-12	1.161158e-09	1.286953e-11	1.000618e+02	
20  5260.93	2.243101e+00	1.145556e-01	1.042291e+00	1.020783e-01	2.374011e-09	2.226363e-09	8.391352e-12	1.161158e-09	1.286953e-11	9.999538e+01	
20  5260.99	2.243101e+00	1.145556e-01	1.042291e+00	1.020783e-01	2.374011e-09	2.226363e-09	8.391352e-12	1.161158e-09	1.286953e-11	9.994623e+01	
170  5261.35	2.243101e+00	1.145556e-01	1.042291e+00	1.020783e-01	2.374011e-09	2.226363e-09	8.391352e-12	1.161158e-09	1.286953e-11	1.002748e+02	
80  5262.55	2.243101e+00	1.145556e-01	1.042291e+00	1.020783e-01	2.374011e-09	2.226363e-09	8.391352e-12	1.161158e-09	1.286953e-11	9.959277e+01	
40  5262.69	2.243101e+00	1.145556e-01	1.042291e+00	1.020783e-01	2.374011e-09	2.226363e-09	8.391352e-12	1.161158e-09	1.286953e-11	1.005122e+02	
60  5262.99	2.243101e+00	1.145556e-01	1.042291e+00	1.020783e-01	2.374011e-09	2.226363e-09	8.391352e-12	1.161158e-09	1.286953e-11	9.953615e+01	
270  5260.91	2.243101e+00	1.145556e-01	1.042291e+00	1.020783e-01	2.374011e-09	2.226363e-09	8.391352e-12	1.161158e-09	1.286953e-11	1.000568e+02	
10  5261.11	2.243101e+00	1.145556e-01	1.042291e+00	1.020783e-01	2.374011e-09	2.226363e-09	8.391352e-12	1.161158e-09	1.286953e-11	9.988473e+01	
30  5260.92	2.243101e+00	1.145556e-01	1.042291e+00	1.020783e-01	2.374011e-09	2.226363e-09	8.391352e-12	1.161158e-09	1.286953e-11	1.000074e+02	
20  5260.95	2.243101e+00	1.145556e-01	1.042291e+00	1.020783e-01	2.374011e-09	2.226363e-09	8.391352e-12	1.161158e-09	1.286953e-11	9.997305e+01	
60  5260.93	2.243101e+00	1.145556e-01	1.042291e+00	1.020783e-01	2.374011e-09	2.226363e-09	8.391352e-12	1.161158e-09	1.286953e-11	9.999662e+01	
20  5262.55	2.243101e+00	1.145556e-01	1.042291e+00	1.020783e-01	2.374011e-09	2.226363e-09	8.391352e-12	1.161158e-09	1.286953e-11	1.004933e+02	
40  5262.29	2.243101e+00	1.145556e-01	1.042291e+00	1.020783e-01	2.374011e-09	2.226363e-09	8.391352e-12	1.161158e-09	1.286953e-11	9.962964e+01	
50  5260.93	2.243101e+00	1.145556e-01	1.042291e+00	1.020783e-01	2.374011e-09	2.226363e-09	8.391352e-12	1.161158e-09	1.286953e-11	1.000851e+02	
40  5261.09	2.243101e+00	1.145556e-01	1.042291e+00	1.020783e-01	2.374011e-09	2.226363e-09	8.391352e-12	1.161158e-09	1.286953e-11	1.001921e+02	
10  5261.1	2.243101e+00	1.145556e-01	1.042291e+00	1.020783e-01	2.374011e-09	2.226363e-09	8.391352e-12	1.161158e-09	1.286953e-11	1.001936e+02	
190  5260.91	2.243101e+00	1.145556e-01	1.042291e+00	1.020783e-01	2.374011e-09	2.226363e-09	8.391352e-12	1.161158e-09	1.286953e-11	1.000366e+02	
60  5261.26	2.243101e+00	1.145556e-01	1.042291e+00	1.020783e-01	2.374011e-09	2.226363e-09	8.391352e-12	1.161158e-09	1.286953e-11	1.002499e+02	
190  5260.91	2.243101e+00	1.145556e-01	1.042291e+00	1.020783e-01	2.374011e-09	2.226363e-09	8.391352e-12	1.161158e-09	1.286953e-11	1.000289e+02	
70  5261.03	2.243101e+00	1.145556e-01	1.042291e+00	1.020783e-01	2.374011e-09	2.226363e-09	8.391352e-12	1.161158e-09	1.286953e-11	9.992132e+01	
20  5261.35	2.243101e+00	1.145556e-01	1.042291e+00	1.020783e-01	2.374011e-09	2.226363e-09	8.391352e-12	1.161158e-09	1.286953e-11	1.002755e+02	
20  5260.93	2.243101e+00	1.145556e-01	1.042291e+00	1.020783e-01	2.374011e-09	2.226363e-09	8.391352e-12	1.161158e-09	1.286953e-11	9.999355e+01	
40  5261.03	2.243101e+00	1.145556e-01	1.042291e+00	1.020783e-01	2.374011e-09	2.226363e-09	8.391352e-12	1.161158e-09	1.286953e-11	1.001630e+02	
30  5261.47	2.243101e+00	1.145556e-01	1.042291e+00	1.020783e-01	2.374011e-09	2.226363e-09	8.391352e-12	1.161158e-09	1.286953e-11	9.977891e+01	
70  5261.04	2.243101e+00	1.145556e-01	1.042291e+00	1.020783e-01	2.374011e-09	2.226363e-09	8.391352e-12	1.161158e-09	1.286953e-11	1.001683e+02	
120  5261.12	2.243101e+00	1.145556e-01	1.042291e+00	1.020783e-01	2.374011e-09	2.226363e-09	8.391352e-12	1.161158e-09	1.286953e-11	9.988029e+01	
110  5261.09	2.243101e+00	1.145556e-01	1.042291e+00	1.020783e-01	2.374011e-09	2.226363e-09	8.391352e-12	1.161158e-09	1.286953e-11	1.001915e+02	
30  5261.83	2.243101e+00	1.145556e-01	1.042291e+00	1.020783e-01	2.374011e-09	2.226363e-09	8.391352e-12	1.161158e-09	1.286953e-11	1.003806e+02	
130  5260.94	2.243101e+00	1.145556e-01	1.042291e+00	1.020783e-01	2.374011e-09	2.226363e-09	8.391352e-12	1.161158e-09	1.286953e-11	9.998799e+01	
260  5261.6	2.243101e+00	1.145556e-01	1.042291e+00	1.020783e-01	2.374011e-09	2.226363e-09	8.391352e-12	1.161158e-09	1.286953e-11	9.975122e+01	
10  5261.7	2.243101e+00	1.145556e-01	1.042291e+00	1.020783e-01	2.374011e-09	2.226363e-09	8.391352e-12	1.161158e-09	1.286953e-11	1.003554e+02	
30  5260.98	2.243101e+00	1.145556e-01	1.042291e+00	1.020783e-01	2.374011e-09	2.226363e-09	8.391352e-12	1.161158e-09	1.286953e-11	1.001362e+02	
350  5260.91	2.243101e+00	1.145556e-01	1.042291e+00	1.020783e-01	2.374011e-09	2.226363e-09	8.391352e-12	1.161158e-09	1.286953e-11	1.000238e+02	
10  5260.95	2.243101e+00	1.145556e-01	1.042291e+00	1.020783e-01	2.374011e-09	2.226363e-09	8.391352e-12	1.161158e-09	1.286953e-11	9.997449e+01	
10  5262.39	2.243101e+00	1.145556e-01	1.042291e+00	1.020783e-01	2.374011e-09	2.226363e-09	8.391352e-12	1.161158e-09	1.286953e-11	1.004703e+02	
30  5261.44	2.243101e+00	1.145556e-01	1.042291e+00	1.020783e-01	2.374011e-09	2.226363e-09	8.391352e-12	1.161158e-09	1.286953e-11	1.002985e+02	
270  5261.02	2.243101e+00	1.145556e-01	1.042291e+00	1.020783e-01	2.374011e-09	2.226363e-09	8.391352e-12	1.161158e-09	1.286953e-11	9.992912e+01	
10  5260.93	2.243101e+00	1.145556e-01	1.042291e+00	1.020783e-01	2.374011e-09	2.226363e-09	8.391352e-12	1.161158e-09	1.286953e-11	9.999467e+01	
110  5261	2.243101e+00	1.145556e-01	1.042291e+00	1.020783e-01	2.374011e-09	2.226363e-09	8.391352e-12	1.161158e-09	1.286953e-11	1.001480e+02	
20  5260.98	2.243101e+00	1.145556e-01	1.042291e+00	1.020783e-01	2.374011e-09	2.226363e-09	8.391352e-12	1.161158e-09	1.286953e-11	1.001343e+02	
10  5262.01	2.243101e+00	1.145556e-01	1.042291e+00	1.020783e-01	2.374011e-09	2.226363e-09	8.391352e-12	1.161158e-09	1.286953e-11	1.004108e+02	
120  5261.87	2.243101e+00	1.145556e-01	1.042291e+00	1.020783e-01	2.374011e-09	2.226363e-09	8.391352e-12	1.161158e-09	1.286953e-11	1.003872e+02	
100  5260.99	2.243101e+00	1.145556e-01	1.042291e+00	1.020783e-01	2.374011e-09	2.226363e-09	8.391352e-12	1.161158e-09	1.286953e-11	9.994449e+01	
20  5261.02	2.243101e+00	1.145556e-01	1.042291e+00	1.020783e-01	2.374011e-09	2.226363e-09	8.391352e-12	1.161158e-09	1.286953e-11	9.992925e+01	
70  5261.24	2.243101e+00	1.145556e-01	1.042291e+00	1.020783e-01	2.374011e-09	2.226363e-09	8.391352e-12	1.161158e-09	1.286953e-11	9.984142e+01	
50  5261.01	2.243101e+00	1.145556e-01	1.042291e+00	1.020783e-01	2.374011e-09	2.226363e-09	8.391352e-12	1.161158e-09	1.286953e-11	1.001556e+02	
50  5261.04	2.243101e+00	1.145556e-01	1.042291e+00	1.020783e-01	2.374011e-09	2.226363e-09	8.391352e-12	1.161158e-09	1.286953e-11	9.991764e+01	
80  5260.99	2.243101e+00	1.145556e-01	1.042291e+00	1.020783e-01	2.374011e-09	2.226363e-09	8.391352e-12	1.161158e-09	1.286953e-11	9.994418e+01	
80  5263.03	2.243101e+00	1.145556e-01	1.042291e+00	1.020783e-01	2.374011e-09	2.226363e-09	8.391352e-12	1.161158e-09	1.286953e-11	1.005546e+02	
20  5262.44	2.243101e+00	1.145556e-01	1.042291e+00	1.020783e-01	2.374011e-09	2.226363e-09	8.391352e-12	1.161158e-09	1.286953e-11	9.960774e+01	
60  5260.96	2.243101e+00	1.145556e-01	1.042291e+00	1.020783e-01	2.374011e-09	2.226363e-09	8.391352e-12	1.161158e-09	1.286953e-11	9.996883e+01	
10  5261.61	2.243101e+00	1.145556e-01	1.042291e+00	1.020783e-01	2.374011e-09	2.226363e-09	8.391352e-12	1.161158e-09	1.286953e-11	1.003373e+02	
40  5260.96	2.243101e+00	1.145556e-01	1.042291e+00	1.020783e-01	2.374011e-09	2.226363e-09	8.391352e-12	1.161158e-09	1.286953e-11	1.001233e+02	
10  5261.07	2.243101e+00	1.145556e-01	1.042291e+00	1.020783e-01	2.374011e-09	2.226363e-09	8.391352e-12	1.161158e-09	1.286953e-11	9.990143e+01	
10  5261.16	2.243101e+00	1.145556e-01	1.042291e+00	1.020783e-01	2.374011e-09	2.226363e-09	8.391352e-12	1.161158e-09	1.286953e-11	1.002197e+02	
10  5262.83	2.243101e+00	1.145556e-01	1.042291e+00	1.020783e-01	2.374011e-09	2.226363e-09	8.391352e-12	1.161158e-09	1.286953e-11	1.005300e+02	
110  5261.94	2.243101e+00	1.145556e-01	1.042291e+00	1.020783e-01	2.374011e-09	2.226363e-09	8.391352e-12	1.161158e-09	1.286953e-11	9.968632e+01	
10  5262.95	2.243101e+00	1.145556e-01	1.042291e+00	1.020783e-01	2.374011e-09	2.226363e-09	8.391352e-12	1.161158e-09	1.286953e-11	9.954092e+01	
10  5262.68	2.243101e+00	1.145556e-01	1.042291e+00	1.020783e-01	2.374011e-09	2.226363e-09	8.391352e-12	1.161158e-09	1.286953e-11	1.005112e+02	
40  5260.94	2.243101e+00	1.145556e-01	1.042291e+00	1.020783e-01	2.374011e-09	2.226363e-09	8.391352e-12	1.161158e-09	1.286953e-11	9.997882e+01	
20  5260.91	2.243101e+00	1.145556e-01	1.042291e+00	1.020783e-01	2.374011e-09	2.226363e-09	8.391352e-12	1.161158e-09	1.286953e-11	1.000593e+02	
50  5261.56	2.243101e+00	1.145556e-01	1.042291e+00	1.020783e-01	2.374011e-09	2.226363e-09	8.391352e-12	1.161158e-09	1.286953e-11	9.975942e+01	
20  5261.85	2.243101e+00	1.145556e-01	1.042291e+00	1.020783e-01	2.374011e-09	2.226363e-09	8.391352e-12	1.161158e-09	1.286953e-11	9.970258e+01	
70  5261.16	2.243101e+00	1.145556e-01	1.042291e+00	1.020783e-01	2.374011e-09	2.226363e-09	8.391352e-12	1.161158e-09	1.286953e-11	9.986699e+01	
20  5261.37	2.243101e+00	1.145556e-01	1.042291e+00	1.020783e-01	2.374011e-09	2.226363e-09	8.391352e-12	1.161158e-09	1.286953e-11	1.002802e+02	
10  5261.67	2.243101e+00	1.145556e-01	1.042291e+00	1.020783e-01	2.374011e-09	2.226363e-09	8.391352e-12	1.161158e-09	1.286953e-11	1.003493e+02	
10  5261.03	2.243101e+00	1.145556e-01	1.042291e+00	1.020783e-01	2.374011e-09	2.226363e-09	8.391352e-12	1.161158e-09	1.286953e-11	9.992388e+01	
100  5261.09	2.243101e+00	1.145556e-01	1.042291e+00	1.020783e-01	2.374011e-09	2.226363e-09	8.391352e-12	1.161158e-09	1.286953e-11	1.001918e+02	
90  5261.01	2.243101e+00	1.145556e-01	1.042291e+00	1.020783e-01	2.374011e-09	2.226363e-09	8.391352e-12	1.161158e-09	1.286953e-11	9.993177e+01	
110  5261.08	2.243101e+00	1.145556e-01	1.042291e+00	1.020783e-01	2.374011e-09	2.226363e-09	8.391352e-12	1.161158e-09	1.286953e-11	1.001878e+02	
20  5260.97	2.243101e+00	1.145556e-01	1.042291e+00	1.020783e-01	2.374011e-09	2.226363e-09	8.391352e-12	1.161158e-09	1.286953e-11	9.995639e+01	
90  5261.3	2.243101e+00	1.145556e-01	1.042291e+00	1.020783e-01	2.374011e-09	2.226363e-09	8.391352e-12	1.161158e-09	1.286953e-11	1.002632e+02	
10  5263.92	2.243101e+00	1.145556e-01	1.042291e+00	1.020783e-01	2.374011e-09	2.226363e-09	8.391352e-12	1.161158e-09	1.286953e-11	9.943284e+01	
90  5261.16	2.243101e+00	1.145556e-01	1.042291e+00	1.020783e-01	2.374011e-09	2.226363e-09	8.391352e-12	1.161158e-09	1.286953e-11	9.986822e+01	
30  5260.96	2.243101e+00	1.145556e-01	1.042291e+00	1.020783e-01	2.374011e-09	2.226363e-09	8.391352e-12	1.161158e-09	1.286953e-11	9.996692e+01	
40  5261.01	2.243101e+00	1.145556e-01	1.042291e+00	1.020783e-01	2.374011e-09	2.226363e-09	8.391352e-12	1.161158e-09	1.286953e-11	9.993407e+01	
70  5261.66	2.243101e+00	1.145556e-01	1.042291e+00	1.020783e-01	2.374011e-09	2.226363e-09	8.391352e-12	1.161158e-09	1.286953e-11	9.973782e+01	
30  5261.39	2.243101e+00	1.145556e-01	1.042291e+00	1.020783e-01	2.374011e-09	2.226363e-09	8.391352e-12	1.161158e-09	1.286953e-11	1.002850e+02	
50  5261.05	2.243101e+00	1.145556e-01	1.042291e+00	1.020783e-01	2.374011e-09	2.226363e-09	8.391352e-12	1.161158e-09	1.286953e-11	1.001720e+02	
30  5261.15	2.243101e+00	1.145556e-01	1.042291e+00	1.020783e-01	2.374011e-09	2.226363e-09	8.391352e-12	1.161158e-09	1.286953e-11	9.987135e+01	
90  5263.86	2.243101e+00	1.145556e-01	1.042291e+00	1.020783e-01	2.374011e-09	2.226363e-09	8.391352e-12	1.161158e-09	1.286953e-11	1.006473e+02	
20  5260.92	2.243101e+00	1.145556e-01	1.042291e+00	1.020783e-01	2.374011e-09	2.226363e-09	8.391352e-12	1.161158e-09	1.286953e-11	1.000066e+02	
40  5262.09	2.243101e+00	1.145556e-01	1.042291e+00	1.020783e-01	2.374011e-09	2.226363e-09	8.391352e-12	1.161158e-09	1.286953e-11	9.966125e+01	
10  5260.98	2.243101e+00	1.145556e-01	1.042291e+00	1.020783e-01	2.374011e-09	2.226363e-09	8.391352e-12	1.161158e-09	1.286953e-11	9.995378e+01	
120  5263.84	2.243101e+00	1.145556e-01	1.042291e+00	1.020783e-01	2.374011e-09	2.226363e-09	8.391352e-12	1.161158e-09	1.286953e-11	9.944106e+01	
70  5263.29	2.243101e+00	1.145556e-01	1.042291e+00	1.020783e-01	2.374011e-09	2.226363e-09	8.391352e-12	1.161158e-09	1.286953e-11	9.950071e+01	
60  5262.11	2.243101e+00	1.145556e-01	1.042291e+00	1.020783e-01	2.374011e-09	2.226363e-09	8.391352e-12	1.161158e-09	1.286953e-11	9.965852e+01	
10  5264.51	2.243101e+00	1.145556e-01	1.042291e+00	1.020783e-01	2.374011e-09	2.226363e-09	8.391352e-12	1.161158e-09	1.286953e-11	1.007099e+02	
140  5261.16	2.243101e+00	1.145556e-01	1.042291e+00	1.020783e-01	2.374011e-09	2.226363e-09	8.391352e-12	1.161158e-09	1.286953e-11	1.002178e+02	
20  5263.29	2.243101e+00	1.145556e-01	1.042291e+00	1.020783e-01	2.374011e-09	2.226363e-09	8.391352e-12	1.161158e-09	1.286953e-11	9.950056e+01	
130  5261.5	2.243101e+00	1.145556e-01	1.042291e+00	1.020783e-01	2.374011e-09	2.226363e-09	8.391352e-12	1.161158e-09	1.286953e-11	1.003122e+02	
40  5262.09	2.243101e+00	1.145556e-01	1.042291e+00	1.020783e-01	2.374011e-09	2.226363e-09	8.391352e-12	1.161158e-09	1.286953e-11	1.004254e+02	
70  5261.12	2.243101e+00	1.145556e-01	1.042291e+00	1.020783e-01	2.374011e-09	2.226363e-09	8.391352e-12	1.161158e-09	1.286953e-11	9.988048e+01	
10  5261.6	2.243101e+00	1.145556e-01	1.042291e+00	1.020783e-01	2.374011e-09	2.226363e-09	8.391352e-12	1.161158e-09	1.286953e-11	9.975000e+01	
30  5261.07	2.243101e+00	1.145556e-01	1.042291e+00	1.020783e-01	2.374011e-09	2.226363e-09	8.391352e-12	1.161158e-09	1.286953e-11	9.990168e+01	
60  5260.91	2.243101e+00	1.145556e-01	1.042291e+00	1.020783e-01	2.374011e-09	2.226363e-09	8.391352e-12	1.161158e-09	1.286953e-11	1.000482e+02	
10  5261	2.243101e+00	1.145556e-01	1.042291e+00	1.020783e-01	2.374011e-09	2.226363e-09	8.391352e-12	1.161158e-09	1.286953e-11	9.993753e+01	
50  5260.93	2.243101e+00	1.145556e-01	1.042291e+00	1.020783e-01	2.374011e-09	2.226363e-09	8.391352e-12	1.161158e-09	1.286953e-11	9.999077e+01	
160  5261.27	2.243101e+00	1.145556e-01	1.042291e+00	1.020783e-01	2.374011e-09	2.226363e-09	8.391352e-12	1.161158e-09	1.286953e-11	9.983101e+01	
100  5260.97	2.243101e+00	1.145556e-01	1.042291e+00	1.020783e-01	2.374011e-09	2.226363e-09	8.391352e-12	1.161158e-09	1.286953e-11	1.001297e+02	
80  5261.54	2.243101e+00	1.145556e-01	1.042291e+00	1.020783e-01	2.374011e-09	2.226363e-09	8.391352e-12	1.161158e-09	1.286953e-11	9.976353e+01	
20  5261.03	2.243101e+00	1.145556e-01	1.042291e+00	1.020783e-01	2.374011e-09	2.226363e-09	8.391352e-12	1.161158e-09	1.286953e-11	9.992151e+01	
160  5261.18	2.243101e+00	1.145556e-01	1.042291e+00	1.020783e-01	2.374011e-09	2.226363e-09	8.391352e-12	1.161158e-09	1.286953e-11	9.986159e+01	
30  5260.98	2.243101e+00	1.145556e-01	1.042291e+00	1.020783e-01	2.374011e-09	2.226363e-09	8.391352e-12	1.161158e-09	1.286953e-11	1.001360e+02	
20  5260.91	2.243101e+00	1.145556e-01	1.042291e+00	1.020783e-01	2.374011e-09	2.226363e-09	8.391352e-12	1.161158e-09	1.286953e-11	1.000561e+02	
60  5261.42	2.243101e+00	1.145556e-01	1.042291e+00	1.020783e-01	2.374011e-09	2.226363e-09	8.391352e-12	1.161158e-09	1.286953e-11	9.979184e+01	
100  5260.91	2.243101e+00	1.145556e-01	1.042291e+00	1.020783e-01	2.374011e-09	2.226363e-09	8.391352e-12	1.161158e-09	1.286953e-11	1.000308e+02	
30  5262.19	2.243101e+00	1.145556e-01	1.042291e+00	1.020783e-01	2.374011e-09	2.226363e-09	8.391352e-12	1.161158e-09	1.286953e-11	9.964489e+01	
10  5260.95	2.243101e+00	1.145556e-01	1.042291e+00	1.020783e-01	2.374011e-09	2.226363e-09	8.391352e-12	1.161158e-09	1.286953e-11	9.997627e+01	
50  5261.74	2.243101e+00	1.145556e-01	1.042291e+00	1.020783e-01	2.374011e-09	2.226363e-09	8.391352e-12	1.161158e-09	1.286953e-11	9.972246e+01	
90  5261.19	2.243101e+00	1.145556e-01	1.042291e+00	1.020783e-01	2.374011e-09	2.226363e-09	8.391352e-12	1.161158e-09	1.286953e-11	9.985869e+01	
20  5261.12	2.243101e+00	1.145556e-01	1.042291e+00	1.020783e-01	2.374011e-09	2.226363e-09	8.391352e-12	1.161158e-09	1.286953e-11	9.988051e+01	
50  5261.62	2.243101e+00	1.145556e-01	1.042291e+00	1.020783e-01	2.374011e-09	2.226363e-09	8.391352e-12	1.161158e-09	1.286953e-11	9.974673e+01	
30  5261.88	2.243101e+00	1.145556e-01	1.042291e+00	1.020783e-01	2.374011e-09	2.226363e-09	8.391352e-12	1.161158e-09	1.286953e-11	1.003882e+02	
30  5261.98	2.243101e+00	1.145556e-01	1.042291e+00	1.020783e-01	2.374011e-09	2.226363e-09	8.391352e-12	1.161158e-09	1.286953e-11	1.004062e+02	
100  5261.47	2.243101e+00	1.145556e-01	1.042291e+00	1.020783e-01	2.374011e-09	2.226363e-09	8.391352e-12	1.161158e-09	1.286953e-11	1.003062e+02	
70  5261.97	2.243101e+00	1.145556e-01	1.042291e+00	1.020783e-01	2.374011e-09	2.226363e-09	8.391352e-12	1.161158e-09	1.286953e-11	1.004044e+02	
30  5260.95	2.243101e+00	1.145556e-01	1.042291e+00	1.020783e-01	2.374011e-09	2.226363e-09	8.391352e-12	1.161158e-09	1.286953e-11	9.997704e+01	
255  5261.02	2.243101e+00	1.145556e-01	1.042291e+00	1.020783e-01	2.374011e-09	2.226363e-09	8.391352e-12	1.161158e-09	1.286953e-11	9.992796e+01	
65  5259.36	2.242275e+00	1.146761e-01	1.042499e+00	9.944396e-02	2.340718e-09	2.213956e-09	7.217480e-12	1.746550e-09	1.239925e-11	9.974456e+01	
20  5258.82	2.242275e+00	1.146761e-01	1.042499e+00	9.944396e-02	2.340718e-09	2.213956e-09	7.217480e-12	1.746550e-09	1.239925e-11	9.990124e+01	
50  5258.74	2.242275e+00	1.146761e-01	1.042499e+00	9.944396e-02	2.340718e-09	2.213956e-09	7.217480e-12	1.746550e-09	1.239925e-11	9.994270e+01	
110  5259.45	2.242275e+00	1.146761e-01	1.042499e+00	9.944396e-02	2.340718e-09	2.213956e-09	7.217480e-12	1.746550e-09	1.239925e-11	9.972737e+01	
20  5258.74	2.242275e+00	1.146761e-01	1.042499e+00	9.944396e-02	2.340718e-09	2.213956e-09	7.217480e-12	1.746550e-09	1.239925e-11	1.001302e+02	
30  5258.93	2.242275e+00	1.146761e-01	1.042499e+00	9.944396e-02	2.340718e-09	2.213956e-09	7.217480e-12	1.746550e-09	1.239925e-11	9.985982e+01	
20  5260.01	2.242275e+00	1.146761e-01	1.042499e+00	9.944396e-02	2.340718e-09	2.213956e-09	7.217480e-12	1.746550e-09	1.239925e-11	9.962983e+01	
10  5259.06	2.242275e+00	1.146761e-01	1.042499e+00	9.944396e-02	2.340718e-09	2.213956e-09	7.217480e-12	1.746550e-09	1.239925e-11	1.002550e+02	
170  5258.98	2.242275e+00	1.146761e-01	1.042499e+00	9.944396e-02	2.340718e-09	2.213956e-09	7.217480e-12	1.746550e-09	1.239925e-11	1.002308e+02	
10  5259.12	2.242275e+00	1.146761e-01	1.042499e+00	9.944396e-02	2.340718e-09	2.213956e-09	7.217480e-12	1.746550e-09	1.239925e-11	1.002734e+02	
90  5259.01	2.242275e+00	1.146761e-01	1.042499e+00	9.944396e-02	2.340718e-09	2.213956e-09	7.217480e-12	1.746550e-09	1.239925e-11	9.983368e+01	
270  5259.04	2.242275e+00	1.146761e-01	1.042499e+00	9.944396e-02	2.340718e-09	2.213956e-09	7.217480e-12	1.746550e-09	1.239925e-11	1.002502e+02	
130  5259.6	2.242275e+00	1.146761e-01	1.042499e+00	9.944396e-02	2.340718e-09	2.213956e-09	7.217480e-12	1.746550e-09	1.239925e-11	1.003756e+02	
60  5259.83	2.242275e+00	1.146761e-01	1.042499e+00	9.944396e-02	2.340718e-09	2.213956e-09	7.217480e-12	1.746550e-09	1.239925e-11	9.965899e+01	
10  5260.24	2.242275e+00	1.146761e-01	1.042499e+00	9.944396e-02	2.340718e-09	2.213956e-09	7.217480e-12	1.746550e-09	1.239925e-11	9.959589e+01	
10  5260.54	2.242275e+00	1.146761e-01	1.042499e+00	9.944396e-02	2.340718e-09	2.213956e-09	7.217480e-12	1.746550e-09	1.239925e-11	9.955577e+01	
20  5262.66	2.242275e+00	1.146761e-01	1.042499e+00	9.944396e-02	2.340718e-09	2.213956e-09	7.217480e-12	1.746550e-09	1.239925e-11	9.933459e+01	
90  5260.09	2.242275e+00	1.146761e-01	1.042499e+00	9.944396e-02	2.340718e-09	2.213956e-09	7.217480e-12	1.746550e-09	1.239925e-11	9.961819e+01	
50  5259.99	2.242275e+00	1.146761e-01	1.042499e+00	9.944396e-02	2.340718e-09	2.213956e-09	7.217480e-12	1.746550e-09	1.239925e-11	9.963366e+01	
50  5259.78	2.242275e+00	1.146761e-01	1.042499e+00	9.944396e-02	2.340718e-09	2.213956e-09	7.217480e-12	1.746550e-09	1.239925e-11	9.966712e+01	
30  5258.82	2.242275e+00	1.146761e-01	1.042499e+00	9.944396e-02	2.340718e-09	2.213956e-09	7.217480e-12	1.746550e-09	1.239925e-11	1.001736e+02	
10  5261.19	2.242275e+00	1.146761e-01	1.042499e+00	9.944396e-02	2.340718e-09	2.213956e-09	7.217480e-12	1.746550e-09	1.239925e-11	9.947830e+01	
130  5259.26	2.242275e+00	1.146761e-01	1.042499e+00	9.944396e-02	2.340718e-09	2.213956e-09	7.217480e-12	1.746550e-09	1.239925e-11	1.003055e+02	
140  5258.9	2.242275e+00	1.146761e-01	1.042499e+00	9.944396e-02	2.340718e-09	2.213956e-09	7.217480e-12	1.746550e-09	1.239925e-11	9.986821e+01	
20  5258.73	2.242275e+00	1.146761e-01	1.042499e+00	9.944396e-02	2.340718e-09	2.213956e-09	7.217480e-12	1.746550e-09	1.239925e-11	1.001248e+02	
20  5259.03	2.242275e+00	1.146761e-01	1.042499e+00	9.944396e-02	2.340718e-09	2.213956e-09	7.217480e-12	1.746550e-09	1.239925e-11	9.982534e+01	
100  5260.96	2.242275e+00	1.146761e-01	1.042499e+00	9.944396e-02	2.340718e-09	2.213956e-09	7.217480e-12	1.746550e-09	1.239925e-11	1.005691e+02	
80  5261.05	2.242275e+00	1.146761e-01	1.042499e+00	9.944396e-02	2.340718e-09	2.213956e-09	7.217480e-12	1.746550e-09	1.239925e-11	9.949429e+01	
10  5259.36	2.242275e+00	1.146761e-01	1.042499e+00	9.944396e-02	2.340718e-09	2.213956e-09	7.217480e-12	1.746550e-09	1.239925e-11	1.003287e+02	
40  5258.73	2.242275e+00	1.146761e-01	1.042499e+00	9.944396e-02	2.340718e-09	2.213956e-09	7.217480e-12	1.746550e-09	1.239925e-11	9.995138e+01	
60  5258.68	2.242275e+00	1.146761e-01	1.042499e+00	9.944396e-02	2.340718e-09	2.213956e-09	7.217480e-12	1.746550e-09	1.239925e-11	1.000740e+02	
40  5258.87	2.242275e+00	1.146761e-01	1.042499e+00	9.944396e-02	2.340718e-09	2.213956e-09	7.217480e-12	1.746550e-09	1.239925e-11	1.001924e+02	
110  5259.32	2.242275e+00	1.146761e-01	1.042499e+00	9.944396e-02	2.340718e-09	2.213956e-09	7.217480e-12	1.746550e-09	1.239925e-11	9.975451e+01	
30  5259.2	2.242275e+00	1.146761e-01	1.042499e+00	9.944396e-02	2.340718e-09	2.213956e-09	7.217480e-12	1.746550e-09	1.239925e-11	9.978141e+01	
90  5258.79	2.242275e+00	1.146761e-01	1.042499e+00	9.944396e-02	2.340718e-09	2.213956e-09	7.217480e-12	1.746550e-09	1.239925e-11	9.991416e+01	
30  5259.11	2.242275e+00	1.146761e-01	1.042499e+00	9.944396e-02	2.340718e-09	2.213956e-09	7.217480e-12	1.746550e-09	1.239925e-11	1.002693e+02	
20  5258.67	2.242275e+00	1.146761e-01	1.042499e+00	9.944396e-02	2.340718e-09	2.213956e-09	7.217480e-12	1.746550e-09	1.239925e-11	1.000456e+02	
70  5258.9	2.242275e+00	1.146761e-01	1.042499e+00	9.944396e-02	2.340718e-09	2.213956e-09	7.217480e-12	1.746550e-09	1.239925e-11	1.002048e+02	
50  5258.69	2.242275e+00	1.146761e-01	1.042499e+00	9.944396e-02	2.340718e-09	2.213956e-09	7.217480e-12	1.746550e-09	1.239925e-11	9.999186e+01	
80  5258.82	2.242275e+00	1.146761e-01	1.042499e+00	9.944396e-02	2.340718e-09	2.213956e-09	7.217480e-12	1.746550e-09	1.239925e-11	9.989945e+01	
60  5258.68	2.242275e+00	1.146761e-01	1.042499e+00	9.944396e-02	2.340718e-09	2.213956e-09	7.217480e-12	1.746550e-09	1.239925e-11	1.000700e+02	
90  5258.91	2.242275e+00	1.146761e-01	1.042499e+00	9.944396e-02	2.340718e-09	2.213956e-09	7.217480e-12	1.746550e-09	1.239925e-11	9.986627e+01	
10  5258.77	2.242275e+00	1.146761e-01	1.042499e+00	9.944396e-02	2.340718e-09	2.213956e-09	7.217480e-12	1.746550e-09	1.239925e-11	9.992602e+01	
60  5259.7	2.242275e+00	1.146761e-01	1.042499e+00	9.944396e-02	2.340718e-09	2.213956e-09	7.217480e-12	1.746550e-09	1.239925e-11	1.003931e+02	
20  5261.36	2.242275e+00	1.146761e-01	1.042499e+00	9.944396e-02	2.340718e-09	2.213956e-09	7.217480e-12	1.746550e-09	1.239925e-11	1.006135e+02	
10  5259.58	2.242275e+00	1.146761e-01	1.042499e+00	9.944396e-02	2.340718e-09	2.213956e-09	7.217480e-12	1.746550e-09	1.239925e-11	9.970243e+01	
10  5258.79	2.242275e+00	1.146761e-01	1.042499e+00	9.944396e-02	2.340718e-09	2.213956e-09	7.217480e-12	1.746550e-09	1.239925e-11	9.991733e+01	
30  5258.67	2.242275e+00	1.146761e-01	1.042499e+00	9.944396e-02	2.340718e-09	2.213956e-09	7.217480e-12	1.746550e-09	1.239925e-11	1.000353e+02	
40  5259.39	2.242275e+00	1.146761e-01	1.042499e+00	9.944396e-02	2.340718e-09	2.213956e-09	7.217480e-12	1.746550e-09	1.239925e-11	1.003347e+02	
110  5259.17	2.242275e+00	1.146761e-01	1.042499e+00	9.944396e-02	2.340718e-09	2.213956e-09	7.217480e-12	1.746550e-09	1.239925e-11	9.978819e+01	
