3  5361.04	2.249366e+00	1.161950e-01	1.042105e+00	7.399818e-02	2.357541e-09	2.102350e-09	1.505599e-11	3.694356e-09	-1.203028e-11	9.964487e+01	
12  5353.37	2.254289e+00	1.164765e-01	1.042015e+00	6.372137e-02	2.316949e-09	2.055390e-09	1.195644e-11	4.468157e-09	-2.894423e-13	9.915007e+01	
7  5346.65	2.264264e+00	1.150346e-01	1.041920e+00	6.337536e-02	2.289729e-09	2.050524e-09	5.140770e-12	4.614482e-09	-2.810506e-12	9.849415e+01	
9  5324.23	2.258527e+00	1.154049e-01	1.041797e+00	6.538371e-02	2.315496e-09	2.059467e-09	2.998375e-12	4.451991e-09	-6.368615e-13	9.880549e+01	
8  5321.7	2.254819e+00	1.156749e-01	1.041907e+00	6.483883e-02	2.311420e-09	2.059723e-09	3.570046e-12	4.277876e-09	5.380028e-12	9.894927e+01	
4  5312.03	2.254819e+00	1.156749e-01	1.041907e+00	6.483883e-02	2.311420e-09	2.059723e-09	3.570046e-12	4.277876e-09	5.380028e-12	1.000172e+02	
6  5306.95	2.263779e+00	1.156694e-01	1.041731e+00	6.204914e-02	2.305478e-09	2.049346e-09	8.965136e-13	4.019490e-09	-3.636071e-12	9.975550e+01	
20  5306.3	2.263779e+00	1.156694e-01	1.041731e+00	6.204914e-02	2.305478e-09	2.049346e-09	8.965136e-13	4.019490e-09	-3.636071e-12	1.000504e+02	
5  5306.91	2.263779e+00	1.156694e-01	1.041731e+00	6.204914e-02	2.305478e-09	2.049346e-09	8.965136e-13	4.019490e-09	-3.636071e-12	9.976419e+01	
25  5301.26	2.262433e+00	1.158468e-01	1.041748e+00	5.493626e-02	2.271384e-09	2.018702e-09	6.126200e-13	4.252666e-09	5.945202e-13	9.944961e+01	
10  5301.61	2.262433e+00	1.158468e-01	1.041748e+00	5.493626e-02	2.271384e-09	2.018702e-09	6.126200e-13	4.252666e-09	5.945202e-13	9.941413e+01	
20  5300.25	2.262433e+00	1.158468e-01	1.041748e+00	5.493626e-02	2.271384e-09	2.018702e-09	6.126200e-13	4.252666e-09	5.945202e-13	9.956702e+01	
40  5298.47	2.262433e+00	1.158468e-01	1.041748e+00	5.493626e-02	2.271384e-09	2.018702e-09	6.126200e-13	4.252666e-09	5.945202e-13	1.000686e+02	
20  5298.46	2.262433e+00	1.158468e-01	1.041748e+00	5.493626e-02	2.271384e-09	2.018702e-09	6.126200e-13	4.252666e-09	5.945202e-13	1.000570e+02	
110  5298.61	2.262433e+00	1.158468e-01	1.041748e+00	5.493626e-02	2.271384e-09	2.018702e-09	6.126200e-13	4.252666e-09	5.945202e-13	9.989940e+01	
40  5298.49	2.262433e+00	1.158468e-01	1.041748e+00	5.493626e-02	2.271384e-09	2.018702e-09	6.126200e-13	4.252666e-09	5.945202e-13	9.997828e+01	
40  5298.67	2.262433e+00	1.158468e-01	1.041748e+00	5.493626e-02	2.271384e-09	2.018702e-09	6.126200e-13	4.252666e-09	5.945202e-13	9.987645e+01	
20  5298.63	2.262433e+00	1.158468e-01	1.041748e+00	5.493626e-02	2.271384e-09	2.018702e-09	6.126200e-13	4.252666e-09	5.945202e-13	1.001818e+02	
10  5300.7	2.262433e+00	1.158468e-01	1.041748e+00	5.493626e-02	2.271384e-09	2.018702e-09	6.126200e-13	4.252666e-09	5.945202e-13	1.005646e+02	
10  5299.48	2.262433e+00	1.158468e-01	1.041748e+00	5.493626e-02	2.271384e-09	2.018702e-09	6.126200e-13	4.252666e-09	5.945202e-13	1.003930e+02	
50  5300.21	2.262433e+00	1.158468e-01	1.041748e+00	5.493626e-02	2.271384e-09	2.018702e-09	6.126200e-13	4.252666e-09	5.945202e-13	1.005036e+02	
20  5298.47	2.262433e+00	1.158468e-01	1.041748e+00	5.493626e-02	2.271384e-09	2.018702e-09	6.126200e-13	4.252666e-09	5.945202e-13	1.000028e+02	
10  5299.24	2.262433e+00	1.158468e-01	1.041748e+00	5.493626e-02	2.271384e-09	2.018702e-09	6.126200e-13	4.252666e-09	5.945202e-13	1.003490e+02	
10  5298.46	2.262433e+00	1.158468e-01	1.041748e+00	5.493626e-02	2.271384e-09	2.018702e-09	6.126200e-13	4.252666e-09	5.945202e-13	1.000309e+02	
4  5298.61	2.262433e+00	1.158468e-01	1.041748e+00	5.493626e-02	2.271384e-09	2.018702e-09	6.126200e-13	4.252666e-09	5.945202e-13	1.001761e+02	
16  5292.7	2.260335e+00	1.152067e-01	1.041956e+00	5.775134e-02	2.258611e-09	2.031879e-09	1.552714e-13	4.158126e-09	4.665919e-13	1.001132e+02	
10  5292.72	2.260335e+00	1.152067e-01	1.041956e+00	5.775134e-02	2.258611e-09	2.031879e-09	1.552714e-13	4.158126e-09	4.665919e-13	1.001270e+02	
30  5295.04	2.260335e+00	1.152067e-01	1.041956e+00	5.775134e-02	2.258611e-09	2.031879e-09	1.552714e-13	4.158126e-09	4.665919e-13	9.949110e+01	
10  5293.11	2.260335e+00	1.152067e-01	1.041956e+00	5.775134e-02	2.258611e-09	2.031879e-09	1.552714e-13	4.158126e-09	4.665919e-13	9.979505e+01	
40  5293.32	2.260335e+00	1.152067e-01	1.041956e+00	5.775134e-02	2.258611e-09	2.031879e-09	1.552714e-13	4.158126e-09	4.665919e-13	9.974730e+01	
40  5292.8	2.260335e+00	1.152067e-01	1.041956e+00	5.775134e-02	2.258611e-09	2.031879e-09	1.552714e-13	4.158126e-09	4.665919e-13	9.990053e+01	
20  5293.22	2.260335e+00	1.152067e-01	1.041956e+00	5.775134e-02	2.258611e-09	2.031879e-09	1.552714e-13	4.158126e-09	4.665919e-13	1.002992e+02	
10  5293.39	2.260335e+00	1.152067e-01	1.041956e+00	5.775134e-02	2.258611e-09	2.031879e-09	1.552714e-13	4.158126e-09	4.665919e-13	1.003372e+02	
10  5293.02	2.260335e+00	1.152067e-01	1.041956e+00	5.775134e-02	2.258611e-09	2.031879e-09	1.552714e-13	4.158126e-09	4.665919e-13	1.002490e+02	
30  5293.37	2.260335e+00	1.152067e-01	1.041956e+00	5.775134e-02	2.258611e-09	2.031879e-09	1.552714e-13	4.158126e-09	4.665919e-13	1.003331e+02	
10  5292.87	2.260335e+00	1.152067e-01	1.041956e+00	5.775134e-02	2.258611e-09	2.031879e-09	1.552714e-13	4.158126e-09	4.665919e-13	1.001979e+02	
10  5292.84	2.260335e+00	1.152067e-01	1.041956e+00	5.775134e-02	2.258611e-09	2.031879e-09	1.552714e-13	4.158126e-09	4.665919e-13	1.001890e+02	
10  5292.65	2.260335e+00	1.152067e-01	1.041956e+00	5.775134e-02	2.258611e-09	2.031879e-09	1.552714e-13	4.158126e-09	4.665919e-13	1.000459e+02	
16  5292.68	2.260335e+00	1.152067e-01	1.041956e+00	5.775134e-02	2.258611e-09	2.031879e-09	1.552714e-13	4.158126e-09	4.665919e-13	9.996925e+01	
74  5293.06	2.259681e+00	1.145239e-01	1.042221e+00	6.177027e-02	2.253316e-09	2.049100e-09	7.214802e-13	4.130217e-09	1.584796e-12	9.996693e+01	
10  5294.99	2.259681e+00	1.145239e-01	1.042221e+00	6.177027e-02	2.253316e-09	2.049100e-09	7.214802e-13	4.130217e-09	1.584796e-12	1.005257e+02	
6  5293.73	2.259681e+00	1.145239e-01	1.042221e+00	6.177027e-02	2.253316e-09	2.049100e-09	7.214802e-13	4.130217e-09	1.584796e-12	1.003281e+02	
4  5294.78	2.257228e+00	1.137766e-01	1.042260e+00	6.507783e-02	2.250710e-09	2.059695e-09	8.973218e-14	4.495305e-09	4.490019e-13	1.002132e+02	
30  5294.63	2.257228e+00	1.137766e-01	1.042260e+00	6.507783e-02	2.250710e-09	2.059695e-09	8.973218e-14	4.495305e-09	4.490019e-13	9.990705e+01	
10  5294.78	2.257228e+00	1.137766e-01	1.042260e+00	6.507783e-02	2.250710e-09	2.059695e-09	8.973218e-14	4.495305e-09	4.490019e-13	1.002119e+02	
40  5294.52	2.257228e+00	1.137766e-01	1.042260e+00	6.507783e-02	2.250710e-09	2.059695e-09	8.973218e-14	4.495305e-09	4.490019e-13	1.000637e+02	
60  5294.8	2.257228e+00	1.137766e-01	1.042260e+00	6.507783e-02	2.250710e-09	2.059695e-09	8.973218e-14	4.495305e-09	4.490019e-13	1.002213e+02	
10  5294.95	2.257228e+00	1.137766e-01	1.042260e+00	6.507783e-02	2.250710e-09	2.059695e-09	8.973218e-14	4.495305e-09	4.490019e-13	1.002628e+02	
20  5296.08	2.257228e+00	1.137766e-01	1.042260e+00	6.507783e-02	2.250710e-09	2.059695e-09	8.973218e-14	4.495305e-09	4.490019e-13	1.004705e+02	
20  5294.75	2.257228e+00	1.137766e-01	1.042260e+00	6.507783e-02	2.250710e-09	2.059695e-09	8.973218e-14	4.495305e-09	4.490019e-13	9.985776e+01	
10  5294.53	2.257228e+00	1.137766e-01	1.042260e+00	6.507783e-02	2.250710e-09	2.059695e-09	8.973218e-14	4.495305e-09	4.490019e-13	1.000864e+02	
50  5294.61	2.257228e+00	1.137766e-01	1.042260e+00	6.507783e-02	2.250710e-09	2.059695e-09	8.973218e-14	4.495305e-09	4.490019e-13	1.001399e+02	
2  5295.01	2.257228e+00	1.137766e-01	1.042260e+00	6.507783e-02	2.250710e-09	2.059695e-09	8.973218e-14	4.495305e-09	4.490019e-13	9.978043e+01	
18  5285.8	2.254914e+00	1.150886e-01	1.042081e+00	6.546205e-02	2.276811e-09	2.063683e-09	4.881315e-13	4.621617e-09	-1.406929e-12	1.002349e+02	
40  5285.96	2.254914e+00	1.150886e-01	1.042081e+00	6.546205e-02	2.276811e-09	2.063683e-09	4.881315e-13	4.621617e-09	-1.406929e-12	9.978548e+01	
10  5286.46	2.254914e+00	1.150886e-01	1.042081e+00	6.546205e-02	2.276811e-09	2.063683e-09	4.881315e-13	4.621617e-09	-1.406929e-12	9.968363e+01	
10  5285.9	2.254914e+00	1.150886e-01	1.042081e+00	6.546205e-02	2.276811e-09	2.063683e-09	4.881315e-13	4.621617e-09	-1.406929e-12	1.002644e+02	
30  5286.07	2.254914e+00	1.150886e-01	1.042081e+00	6.546205e-02	2.276811e-09	2.063683e-09	4.881315e-13	4.621617e-09	-1.406929e-12	9.975970e+01	
20  5286.19	2.254914e+00	1.150886e-01	1.042081e+00	6.546205e-02	2.276811e-09	2.063683e-09	4.881315e-13	4.621617e-09	-1.406929e-12	1.003316e+02	
10  5285.61	2.254914e+00	1.150886e-01	1.042081e+00	6.546205e-02	2.276811e-09	2.063683e-09	4.881315e-13	4.621617e-09	-1.406929e-12	9.990171e+01	
20  5285.76	2.254914e+00	1.150886e-01	1.042081e+00	6.546205e-02	2.276811e-09	2.063683e-09	4.881315e-13	4.621617e-09	-1.406929e-12	1.002219e+02	
10  5285.58	2.254914e+00	1.150886e-01	1.042081e+00	6.546205e-02	2.276811e-09	2.063683e-09	4.881315e-13	4.621617e-09	-1.406929e-12	9.991597e+01	
10  5285.47	2.254914e+00	1.150886e-01	1.042081e+00	6.546205e-02	2.276811e-09	2.063683e-09	4.881315e-13	4.621617e-09	-1.406929e-12	1.000634e+02	
30  5288.48	2.254914e+00	1.150886e-01	1.042081e+00	6.546205e-02	2.276811e-09	2.063683e-09	4.881315e-13	4.621617e-09	-1.406929e-12	1.006437e+02	
80  5287.59	2.254914e+00	1.150886e-01	1.042081e+00	6.546205e-02	2.276811e-09	2.063683e-09	4.881315e-13	4.621617e-09	-1.406929e-12	1.005454e+02	
10  5285.89	2.254914e+00	1.150886e-01	1.042081e+00	6.546205e-02	2.276811e-09	2.063683e-09	4.881315e-13	4.621617e-09	-1.406929e-12	1.002616e+02	
20  5285.89	2.254914e+00	1.150886e-01	1.042081e+00	6.546205e-02	2.276811e-09	2.063683e-09	4.881315e-13	4.621617e-09	-1.406929e-12	9.980397e+01	
50  5285.71	2.254914e+00	1.150886e-01	1.042081e+00	6.546205e-02	2.276811e-09	2.063683e-09	4.881315e-13	4.621617e-09	-1.406929e-12	1.002072e+02	
20  5285.51	2.254914e+00	1.150886e-01	1.042081e+00	6.546205e-02	2.276811e-09	2.063683e-09	4.881315e-13	4.621617e-09	-1.406929e-12	9.995916e+01	
10  5285.56	2.254914e+00	1.150886e-01	1.042081e+00	6.546205e-02	2.276811e-09	2.063683e-09	4.881315e-13	4.621617e-09	-1.406929e-12	9.992522e+01	
10  5285.92	2.254914e+00	1.150886e-01	1.042081e+00	6.546205e-02	2.276811e-09	2.063683e-09	4.881315e-13	4.621617e-09	-1.406929e-12	1.002698e+02	
27  5285.49	2.254914e+00	1.150886e-01	1.042081e+00	6.546205e-02	2.276811e-09	2.063683e-09	4.881315e-13	4.621617e-09	-1.406929e-12	9.998404e+01	
3  5285.4	2.255682e+00	1.156665e-01	1.041899e+00	6.944694e-02	2.292331e-09	2.080985e-09	5.339697e-12	4.945909e-09	-1.992110e-13	1.003192e+02	
10  5286.32	2.255682e+00	1.156665e-01	1.041899e+00	6.944694e-02	2.292331e-09	2.080985e-09	5.339697e-12	4.945909e-09	-1.992110e-13	1.004760e+02	
7  5288.83	2.255682e+00	1.156665e-01	1.041899e+00	6.944694e-02	2.292331e-09	2.080985e-09	5.339697e-12	4.945909e-09	-1.992110e-13	1.007462e+02	
13  5282.76	2.250107e+00	1.167487e-01	1.041694e+00	5.970221e-02	2.274787e-09	2.042717e-09	2.516432e-12	4.488670e-09	-1.818686e-12	1.006564e+02	
20  5282.54	2.250107e+00	1.167487e-01	1.041694e+00	5.970221e-02	2.274787e-09	2.042717e-09	2.516432e-12	4.488670e-09	-1.818686e-12	1.006343e+02	
4  5280.06	2.250107e+00	1.167487e-01	1.041694e+00	5.970221e-02	2.274787e-09	2.042717e-09	2.516432e-12	4.488670e-09	-1.818686e-12	1.002632e+02	
55  5279.49	2.246802e+00	1.163276e-01	1.041837e+00	7.095766e-02	2.305870e-09	2.089967e-09	4.405306e-12	4.490883e-09	-3.091705e-12	1.007211e+02	
1  5278.72	2.249945e+00	1.159218e-01	1.041702e+00	7.438566e-02	2.307553e-09	2.101572e-09	3.714303e-12	4.822692e-09	-3.251374e-12	1.006665e+02	
10  5275.5	2.249945e+00	1.159218e-01	1.041702e+00	7.438566e-02	2.307553e-09	2.101572e-09	3.714303e-12	4.822692e-09	-3.251374e-12	9.998861e+01	
10  5281.16	2.249945e+00	1.159218e-01	1.041702e+00	7.438566e-02	2.307553e-09	2.101572e-09	3.714303e-12	4.822692e-09	-3.251374e-12	9.919649e+01	
20  5276.04	2.249945e+00	1.159218e-01	1.041702e+00	7.438566e-02	2.307553e-09	2.101572e-09	3.714303e-12	4.822692e-09	-3.251374e-12	1.002955e+02	
10  5276.32	2.249945e+00	1.159218e-01	1.041702e+00	7.438566e-02	2.307553e-09	2.101572e-09	3.714303e-12	4.822692e-09	-3.251374e-12	9.971362e+01	
20  5275.73	2.249945e+00	1.159218e-01	1.041702e+00	7.438566e-02	2.307553e-09	2.101572e-09	3.714303e-12	4.822692e-09	-3.251374e-12	1.002050e+02	
10  5275.78	2.249945e+00	1.159218e-01	1.041702e+00	7.438566e-02	2.307553e-09	2.101572e-09	3.714303e-12	4.822692e-09	-3.251374e-12	1.002236e+02	
10  5275.83	2.249945e+00	1.159218e-01	1.041702e+00	7.438566e-02	2.307553e-09	2.101572e-09	3.714303e-12	4.822692e-09	-3.251374e-12	9.982944e+01	
10  5276.04	2.249945e+00	1.159218e-01	1.041702e+00	7.438566e-02	2.307553e-09	2.101572e-09	3.714303e-12	4.822692e-09	-3.251374e-12	1.002949e+02	
3  5275.63	2.249945e+00	1.159218e-01	1.041702e+00	7.438566e-02	2.307553e-09	2.101572e-09	3.714303e-12	4.822692e-09	-3.251374e-12	1.001656e+02	
7  5275.75	2.248240e+00	1.170761e-01	1.041339e+00	7.659230e-02	2.360428e-09	2.111770e-09	9.903332e-13	4.679420e-09	-3.101734e-12	1.007190e+02	
10  5274.19	2.248240e+00	1.170761e-01	1.041339e+00	7.659230e-02	2.360428e-09	2.111770e-09	9.903332e-13	4.679420e-09	-3.101734e-12	1.005573e+02	
10  5272.92	2.248240e+00	1.170761e-01	1.041339e+00	7.659230e-02	2.360428e-09	2.111770e-09	9.903332e-13	4.679420e-09	-3.101734e-12	1.003728e+02	
20  5272.8	2.248240e+00	1.170761e-01	1.041339e+00	7.659230e-02	2.360428e-09	2.111770e-09	9.903332e-13	4.679420e-09	-3.101734e-12	1.003489e+02	
10  5272.24	2.248240e+00	1.170761e-01	1.041339e+00	7.659230e-02	2.360428e-09	2.111770e-09	9.903332e-13	4.679420e-09	-3.101734e-12	9.988064e+01	
20  5272.07	2.248240e+00	1.170761e-01	1.041339e+00	7.659230e-02	2.360428e-09	2.111770e-09	9.903332e-13	4.679420e-09	-3.101734e-12	9.997417e+01	
10  5272.04	2.248240e+00	1.170761e-01	1.041339e+00	7.659230e-02	2.360428e-09	2.111770e-09	9.903332e-13	4.679420e-09	-3.101734e-12	1.000186e+02	
30  5272.31	2.248240e+00	1.170761e-01	1.041339e+00	7.659230e-02	2.360428e-09	2.111770e-09	9.903332e-13	4.679420e-09	-3.101734e-12	1.002277e+02	
1  5272.1	2.248240e+00	1.170761e-01	1.041339e+00	7.659230e-02	2.360428e-09	2.111770e-09	9.903332e-13	4.679420e-09	-3.101734e-12	9.994995e+01	
39  5269.95	2.249890e+00	1.166286e-01	1.041710e+00	7.052855e-02	2.299634e-09	2.085237e-09	1.905171e-12	4.595571e-09	-2.853214e-12	9.944685e+01	
30  5269.21	2.249890e+00	1.166286e-01	1.041710e+00	7.052855e-02	2.299634e-09	2.085237e-09	1.905171e-12	4.595571e-09	-2.853214e-12	9.953087e+01	
10  5270.15	2.249890e+00	1.166286e-01	1.041710e+00	7.052855e-02	2.299634e-09	2.085237e-09	1.905171e-12	4.595571e-09	-2.853214e-12	9.942588e+01	
10  5267.57	2.249890e+00	1.166286e-01	1.041710e+00	7.052855e-02	2.299634e-09	2.085237e-09	1.905171e-12	4.595571e-09	-2.853214e-12	1.002562e+02	
40  5267.78	2.249890e+00	1.166286e-01	1.041710e+00	7.052855e-02	2.299634e-09	2.085237e-09	1.905171e-12	4.595571e-09	-2.853214e-12	1.003082e+02	
20  5269.22	2.249890e+00	1.166286e-01	1.041710e+00	7.052855e-02	2.299634e-09	2.085237e-09	1.905171e-12	4.595571e-09	-2.853214e-12	1.005361e+02	
10  5267.45	2.249890e+00	1.166286e-01	1.041710e+00	7.052855e-02	2.299634e-09	2.085237e-09	1.905171e-12	4.595571e-09	-2.853214e-12	1.002178e+02	
20  5267.17	2.249890e+00	1.166286e-01	1.041710e+00	7.052855e-02	2.299634e-09	2.085237e-09	1.905171e-12	4.595571e-09	-2.853214e-12	1.000318e+02	
10  5268.54	2.249890e+00	1.166286e-01	1.041710e+00	7.052855e-02	2.299634e-09	2.085237e-09	1.905171e-12	4.595571e-09	-2.853214e-12	9.962083e+01	
50  5267.18	2.249890e+00	1.166286e-01	1.041710e+00	7.052855e-02	2.299634e-09	2.085237e-09	1.905171e-12	4.595571e-09	-2.853214e-12	9.998937e+01	
10  5267.18	2.249890e+00	1.166286e-01	1.041710e+00	7.052855e-02	2.299634e-09	2.085237e-09	1.905171e-12	4.595571e-09	-2.853214e-12	1.000619e+02	
10  5267.21	2.249890e+00	1.166286e-01	1.041710e+00	7.052855e-02	2.299634e-09	2.085237e-09	1.905171e-12	4.595571e-09	-2.853214e-12	9.996206e+01	
10  5267.27	2.249890e+00	1.166286e-01	1.041710e+00	7.052855e-02	2.299634e-09	2.085237e-09	1.905171e-12	4.595571e-09	-2.853214e-12	9.992049e+01	
20  5267.27	2.249890e+00	1.166286e-01	1.041710e+00	7.052855e-02	2.299634e-09	2.085237e-09	1.905171e-12	4.595571e-09	-2.853214e-12	9.992176e+01	
20  5267.42	2.249890e+00	1.166286e-01	1.041710e+00	7.052855e-02	2.299634e-09	2.085237e-09	1.905171e-12	4.595571e-09	-2.853214e-12	9.985731e+01	
10  5267.3	2.249890e+00	1.166286e-01	1.041710e+00	7.052855e-02	2.299634e-09	2.085237e-09	1.905171e-12	4.595571e-09	-2.853214e-12	1.001587e+02	
20  5267.21	2.249890e+00	1.166286e-01	1.041710e+00	7.052855e-02	2.299634e-09	2.085237e-09	1.905171e-12	4.595571e-09	-2.853214e-12	9.996467e+01	
10  5267.17	2.249890e+00	1.166286e-01	1.041710e+00	7.052855e-02	2.299634e-09	2.085237e-09	1.905171e-12	4.595571e-09	-2.853214e-12	1.000561e+02	
10  5267.31	2.249890e+00	1.166286e-01	1.041710e+00	7.052855e-02	2.299634e-09	2.085237e-09	1.905171e-12	4.595571e-09	-2.853214e-12	1.001668e+02	
40  5267.24	2.249890e+00	1.166286e-01	1.041710e+00	7.052855e-02	2.299634e-09	2.085237e-09	1.905171e-12	4.595571e-09	-2.853214e-12	9.993925e+01	
40  5267.95	2.249890e+00	1.166286e-01	1.041710e+00	7.052855e-02	2.299634e-09	2.085237e-09	1.905171e-12	4.595571e-09	-2.853214e-12	1.003444e+02	
20  5267.47	2.249890e+00	1.166286e-01	1.041710e+00	7.052855e-02	2.299634e-09	2.085237e-09	1.905171e-12	4.595571e-09	-2.853214e-12	1.002249e+02	
10  5268.28	2.249890e+00	1.166286e-01	1.041710e+00	7.052855e-02	2.299634e-09	2.085237e-09	1.905171e-12	4.595571e-09	-2.853214e-12	1.004032e+02	
20  5267.42	2.249890e+00	1.166286e-01	1.041710e+00	7.052855e-02	2.299634e-09	2.085237e-09	1.905171e-12	4.595571e-09	-2.853214e-12	1.002081e+02	
10  5269.16	2.249890e+00	1.166286e-01	1.041710e+00	7.052855e-02	2.299634e-09	2.085237e-09	1.905171e-12	4.595571e-09	-2.853214e-12	1.005293e+02	
10  5267.17	2.249890e+00	1.166286e-01	1.041710e+00	7.052855e-02	2.299634e-09	2.085237e-09	1.905171e-12	4.595571e-09	-2.853214e-12	1.000120e+02	
10  5267.25	2.249890e+00	1.166286e-01	1.041710e+00	7.052855e-02	2.299634e-09	2.085237e-09	1.905171e-12	4.595571e-09	-2.853214e-12	9.993381e+01	
20  5267.62	2.249890e+00	1.166286e-01	1.041710e+00	7.052855e-02	2.299634e-09	2.085237e-09	1.905171e-12	4.595571e-09	-2.853214e-12	1.002682e+02	
10  5267.68	2.249890e+00	1.166286e-01	1.041710e+00	7.052855e-02	2.299634e-09	2.085237e-09	1.905171e-12	4.595571e-09	-2.853214e-12	1.002855e+02	
10  5267.21	2.249890e+00	1.166286e-01	1.041710e+00	7.052855e-02	2.299634e-09	2.085237e-09	1.905171e-12	4.595571e-09	-2.853214e-12	9.996485e+01	
10  5267.34	2.249890e+00	1.166286e-01	1.041710e+00	7.052855e-02	2.299634e-09	2.085237e-09	1.905171e-12	4.595571e-09	-2.853214e-12	1.001786e+02	
10  5268.14	2.249890e+00	1.166286e-01	1.041710e+00	7.052855e-02	2.299634e-09	2.085237e-09	1.905171e-12	4.595571e-09	-2.853214e-12	1.003797e+02	
30  5267.29	2.249890e+00	1.166286e-01	1.041710e+00	7.052855e-02	2.299634e-09	2.085237e-09	1.905171e-12	4.595571e-09	-2.853214e-12	9.991213e+01	
50  5267.48	2.249890e+00	1.166286e-01	1.041710e+00	7.052855e-02	2.299634e-09	2.085237e-09	1.905171e-12	4.595571e-09	-2.853214e-12	9.983645e+01	
10  5268.47	2.249890e+00	1.166286e-01	1.041710e+00	7.052855e-02	2.299634e-09	2.085237e-09	1.905171e-12	4.595571e-09	-2.853214e-12	9.963099e+01	
20  5267.96	2.249890e+00	1.166286e-01	1.041710e+00	7.052855e-02	2.299634e-09	2.085237e-09	1.905171e-12	4.595571e-09	-2.853214e-12	9.971982e+01	
20  5267.75	2.249890e+00	1.166286e-01	1.041710e+00	7.052855e-02	2.299634e-09	2.085237e-09	1.905171e-12	4.595571e-09	-2.853214e-12	1.003020e+02	
10  5267.53	2.249890e+00	1.166286e-01	1.041710e+00	7.052855e-02	2.299634e-09	2.085237e-09	1.905171e-12	4.595571e-09	-2.853214e-12	1.002454e+02	
10  5267.31	2.249890e+00	1.166286e-01	1.041710e+00	7.052855e-02	2.299634e-09	2.085237e-09	1.905171e-12	4.595571e-09	-2.853214e-12	1.001645e+02	
50  5268.79	2.249890e+00	1.166286e-01	1.041710e+00	7.052855e-02	2.299634e-09	2.085237e-09	1.905171e-12	4.595571e-09	-2.853214e-12	9.958502e+01	
10  5268.56	2.249890e+00	1.166286e-01	1.041710e+00	7.052855e-02	2.299634e-09	2.085237e-09	1.905171e-12	4.595571e-09	-2.853214e-12	9.961782e+01	
20  5267.34	2.249890e+00	1.166286e-01	1.041710e+00	7.052855e-02	2.299634e-09	2.085237e-09	1.905171e-12	4.595571e-09	-2.853214e-12	9.988895e+01	
10  5267.3	2.249890e+00	1.166286e-01	1.041710e+00	7.052855e-02	2.299634e-09	2.085237e-09	1.905171e-12	4.595571e-09	-2.853214e-12	9.990502e+01	
40  5267.57	2.249890e+00	1.166286e-01	1.041710e+00	7.052855e-02	2.299634e-09	2.085237e-09	1.905171e-12	4.595571e-09	-2.853214e-12	9.980926e+01	
10  5267.69	2.249890e+00	1.166286e-01	1.041710e+00	7.052855e-02	2.299634e-09	2.085237e-09	1.905171e-12	4.595571e-09	-2.853214e-12	1.002864e+02	
2  5268.09	2.249890e+00	1.166286e-01	1.041710e+00	7.052855e-02	2.299634e-09	2.085237e-09	1.905171e-12	4.595571e-09	-2.853214e-12	1.003705e+02	
28  5262.29	2.247729e+00	1.177506e-01	1.041823e+00	6.870701e-02	2.308474e-09	2.079226e-09	1.931982e-12	4.787832e-09	-2.878645e-13	1.006947e+02	
20  5260.3	2.247729e+00	1.177506e-01	1.041823e+00	6.870701e-02	2.308474e-09	2.079226e-09	1.931982e-12	4.787832e-09	-2.878645e-13	1.004699e+02	
10  5259.25	2.247729e+00	1.177506e-01	1.041823e+00	6.870701e-02	2.308474e-09	2.079226e-09	1.931982e-12	4.787832e-09	-2.878645e-13	1.002780e+02	
20  5261.28	2.247729e+00	1.177506e-01	1.041823e+00	6.870701e-02	2.308474e-09	2.079226e-09	1.931982e-12	4.787832e-09	-2.878645e-13	1.005926e+02	
10  5260.15	2.247729e+00	1.177506e-01	1.041823e+00	6.870701e-02	2.308474e-09	2.079226e-09	1.931982e-12	4.787832e-09	-2.878645e-13	1.004474e+02	
2  5259.13	2.247729e+00	1.177506e-01	1.041823e+00	6.870701e-02	2.308474e-09	2.079226e-09	1.931982e-12	4.787832e-09	-2.878645e-13	1.002467e+02	
8  5256.13	2.247507e+00	1.174642e-01	1.041884e+00	6.810369e-02	2.305060e-09	2.076156e-09	7.021377e-13	4.517889e-09	-1.101588e-13	1.001574e+02	
30  5256.22	2.247507e+00	1.174642e-01	1.041884e+00	6.810369e-02	2.305060e-09	2.076156e-09	7.021377e-13	4.517889e-09	-1.101588e-13	1.001976e+02	
20  5256.08	2.247507e+00	1.174642e-01	1.041884e+00	6.810369e-02	2.305060e-09	2.076156e-09	7.021377e-13	4.517889e-09	-1.101588e-13	1.001300e+02	
30  5256.03	2.247507e+00	1.174642e-01	1.041884e+00	6.810369e-02	2.305060e-09	2.076156e-09	7.021377e-13	4.517889e-09	-1.101588e-13	1.000895e+02	
10  5256.34	2.247507e+00	1.174642e-01	1.041884e+00	6.810369e-02	2.305060e-09	2.076156e-09	7.021377e-13	4.517889e-09	-1.101588e-13	9.983212e+01	
40  5256.2	2.247507e+00	1.174642e-01	1.041884e+00	6.810369e-02	2.305060e-09	2.076156e-09	7.021377e-13	4.517889e-09	-1.101588e-13	1.001889e+02	
10  5256.22	2.247507e+00	1.174642e-01	1.041884e+00	6.810369e-02	2.305060e-09	2.076156e-09	7.021377e-13	4.517889e-09	-1.101588e-13	9.987229e+01	
30  5256.35	2.247507e+00	1.174642e-01	1.041884e+00	6.810369e-02	2.305060e-09	2.076156e-09	7.021377e-13	4.517889e-09	-1.101588e-13	9.982954e+01	
10  5256.1	2.247507e+00	1.174642e-01	1.041884e+00	6.810369e-02	2.305060e-09	2.076156e-09	7.021377e-13	4.517889e-09	-1.101588e-13	1.001426e+02	
70  5256.21	2.247507e+00	1.174642e-01	1.041884e+00	6.810369e-02	2.305060e-09	2.076156e-09	7.021377e-13	4.517889e-09	-1.101588e-13	9.987871e+01	
50  5256.03	2.247507e+00	1.174642e-01	1.041884e+00	6.810369e-02	2.305060e-09	2.076156e-09	7.021377e-13	4.517889e-09	-1.101588e-13	1.000835e+02	
10  5256.72	2.247507e+00	1.174642e-01	1.041884e+00	6.810369e-02	2.305060e-09	2.076156e-09	7.021377e-13	4.517889e-09	-1.101588e-13	1.003315e+02	
20  5256.7	2.247507e+00	1.174642e-01	1.041884e+00	6.810369e-02	2.305060e-09	2.076156e-09	7.021377e-13	4.517889e-09	-1.101588e-13	1.003280e+02	
10  5256.19	2.247507e+00	1.174642e-01	1.041884e+00	6.810369e-02	2.305060e-09	2.076156e-09	7.021377e-13	4.517889e-09	-1.101588e-13	1.001869e+02	
50  5256.06	2.247507e+00	1.174642e-01	1.041884e+00	6.810369e-02	2.305060e-09	2.076156e-09	7.021377e-13	4.517889e-09	-1.101588e-13	1.001132e+02	
10  5256.24	2.247507e+00	1.174642e-01	1.041884e+00	6.810369e-02	2.305060e-09	2.076156e-09	7.021377e-13	4.517889e-09	-1.101588e-13	1.002053e+02	
20  5259.8	2.247507e+00	1.174642e-01	1.041884e+00	6.810369e-02	2.305060e-09	2.076156e-09	7.021377e-13	4.517889e-09	-1.101588e-13	1.007203e+02	
20  5257.91	2.247507e+00	1.174642e-01	1.041884e+00	6.810369e-02	2.305060e-09	2.076156e-09	7.021377e-13	4.517889e-09	-1.101588e-13	1.005200e+02	
40  5257.09	2.247507e+00	1.174642e-01	1.041884e+00	6.810369e-02	2.305060e-09	2.076156e-09	7.021377e-13	4.517889e-09	-1.101588e-13	1.004011e+02	
40  5256.08	2.247507e+00	1.174642e-01	1.041884e+00	6.810369e-02	2.305060e-09	2.076156e-09	7.021377e-13	4.517889e-09	-1.101588e-13	1.001289e+02	
10  5256.17	2.247507e+00	1.174642e-01	1.041884e+00	6.810369e-02	2.305060e-09	2.076156e-09	7.021377e-13	4.517889e-09	-1.101588e-13	1.001774e+02	
10  5256.02	2.247507e+00	1.174642e-01	1.041884e+00	6.810369e-02	2.305060e-09	2.076156e-09	7.021377e-13	4.517889e-09	-1.101588e-13	9.999593e+01	
10  5256.91	2.247507e+00	1.174642e-01	1.041884e+00	6.810369e-02	2.305060e-09	2.076156e-09	7.021377e-13	4.517889e-09	-1.101588e-13	9.970151e+01	
16  5256.51	2.247507e+00	1.174642e-01	1.041884e+00	6.810369e-02	2.305060e-09	2.076156e-09	7.021377e-13	4.517889e-09	-1.101588e-13	1.002843e+02	
4  5255.82	2.250605e+00	1.176988e-01	1.042017e+00	6.701111e-02	2.310157e-09	2.072308e-09	8.918934e-13	4.454763e-09	1.754977e-13	1.003337e+02	
10  5255.83	2.250605e+00	1.176988e-01	1.042017e+00	6.701111e-02	2.310157e-09	2.072308e-09	8.918934e-13	4.454763e-09	1.754977e-13	1.003362e+02	
10  5255.94	2.250605e+00	1.176988e-01	1.042017e+00	6.701111e-02	2.310157e-09	2.072308e-09	8.918934e-13	4.454763e-09	1.754977e-13	1.003586e+02	
10  5255.38	2.250605e+00	1.176988e-01	1.042017e+00	6.701111e-02	2.310157e-09	2.072308e-09	8.918934e-13	4.454763e-09	1.754977e-13	9.985235e+01	
10  5255.72	2.250605e+00	1.176988e-01	1.042017e+00	6.701111e-02	2.310157e-09	2.072308e-09	8.918934e-13	4.454763e-09	1.754977e-13	9.976169e+01	
10  5255.45	2.250605e+00	1.176988e-01	1.042017e+00	6.701111e-02	2.310157e-09	2.072308e-09	8.918934e-13	4.454763e-09	1.754977e-13	9.983056e+01	
40  5256.63	2.250605e+00	1.176988e-01	1.042017e+00	6.701111e-02	2.310157e-09	2.072308e-09	8.918934e-13	4.454763e-09	1.754977e-13	1.004706e+02	
20  5256.15	2.250605e+00	1.176988e-01	1.042017e+00	6.701111e-02	2.310157e-09	2.072308e-09	8.918934e-13	4.454763e-09	1.754977e-13	1.003955e+02	
20  5255.22	2.250605e+00	1.176988e-01	1.042017e+00	6.701111e-02	2.310157e-09	2.072308e-09	8.918934e-13	4.454763e-09	1.754977e-13	1.001553e+02	
10  5255.38	2.250605e+00	1.176988e-01	1.042017e+00	6.701111e-02	2.310157e-09	2.072308e-09	8.918934e-13	4.454763e-09	1.754977e-13	9.985418e+01	
10  5255.96	2.250605e+00	1.176988e-01	1.042017e+00	6.701111e-02	2.310157e-09	2.072308e-09	8.918934e-13	4.454763e-09	1.754977e-13	9.971294e+01	
10  5257.2	2.250605e+00	1.176988e-01	1.042017e+00	6.701111e-02	2.310157e-09	2.072308e-09	8.918934e-13	4.454763e-09	1.754977e-13	9.952756e+01	
10  5255.14	2.250605e+00	1.176988e-01	1.042017e+00	6.701111e-02	2.310157e-09	2.072308e-09	8.918934e-13	4.454763e-09	1.754977e-13	1.000993e+02	
20  5255.11	2.250605e+00	1.176988e-01	1.042017e+00	6.701111e-02	2.310157e-09	2.072308e-09	8.918934e-13	4.454763e-09	1.754977e-13	1.000390e+02	
20  5255.52	2.250605e+00	1.176988e-01	1.042017e+00	6.701111e-02	2.310157e-09	2.072308e-09	8.918934e-13	4.454763e-09	1.754977e-13	1.002635e+02	
10  5255.91	2.250605e+00	1.176988e-01	1.042017e+00	6.701111e-02	2.310157e-09	2.072308e-09	8.918934e-13	4.454763e-09	1.754977e-13	1.003515e+02	
10  5255.52	2.250605e+00	1.176988e-01	1.042017e+00	6.701111e-02	2.310157e-09	2.072308e-09	8.918934e-13	4.454763e-09	1.754977e-13	9.981052e+01	
10  5256.5	2.250605e+00	1.176988e-01	1.042017e+00	6.701111e-02	2.310157e-09	2.072308e-09	8.918934e-13	4.454763e-09	1.754977e-13	1.004524e+02	
40  5255.15	2.250605e+00	1.176988e-01	1.042017e+00	6.701111e-02	2.310157e-09	2.072308e-09	8.918934e-13	4.454763e-09	1.754977e-13	1.001096e+02	
10  5255.23	2.250605e+00	1.176988e-01	1.042017e+00	6.701111e-02	2.310157e-09	2.072308e-09	8.918934e-13	4.454763e-09	1.754977e-13	9.991431e+01	
10  5255.11	2.250605e+00	1.176988e-01	1.042017e+00	6.701111e-02	2.310157e-09	2.072308e-09	8.918934e-13	4.454763e-09	1.754977e-13	1.000431e+02	
10  5256.21	2.250605e+00	1.176988e-01	1.042017e+00	6.701111e-02	2.310157e-09	2.072308e-09	8.918934e-13	4.454763e-09	1.754977e-13	9.966735e+01	
70  5255.7	2.250605e+00	1.176988e-01	1.042017e+00	6.701111e-02	2.310157e-09	2.072308e-09	8.918934e-13	4.454763e-09	1.754977e-13	1.003079e+02	
30  5255.15	2.250605e+00	1.176988e-01	1.042017e+00	6.701111e-02	2.310157e-09	2.072308e-09	8.918934e-13	4.454763e-09	1.754977e-13	9.996825e+01	
20  5255.76	2.250605e+00	1.176988e-01	1.042017e+00	6.701111e-02	2.310157e-09	2.072308e-09	8.918934e-13	4.454763e-09	1.754977e-13	9.975374e+01	
10  5256.74	2.250605e+00	1.176988e-01	1.042017e+00	6.701111e-02	2.310157e-09	2.072308e-09	8.918934e-13	4.454763e-09	1.754977e-13	9.958812e+01	
20  5256.89	2.250605e+00	1.176988e-01	1.042017e+00	6.701111e-02	2.310157e-09	2.072308e-09	8.918934e-13	4.454763e-09	1.754977e-13	9.956733e+01	
40  5255.21	2.250605e+00	1.176988e-01	1.042017e+00	6.701111e-02	2.310157e-09	2.072308e-09	8.918934e-13	4.454763e-09	1.754977e-13	1.001480e+02	
10  5255.11	2.250605e+00	1.176988e-01	1.042017e+00	6.701111e-02	2.310157e-09	2.072308e-09	8.918934e-13	4.454763e-09	1.754977e-13	1.000422e+02	
30  5255.13	2.250605e+00	1.176988e-01	1.042017e+00	6.701111e-02	2.310157e-09	2.072308e-09	8.918934e-13	4.454763e-09	1.754977e-13	1.000875e+02	
50  5255.48	2.250605e+00	1.176988e-01	1.042017e+00	6.701111e-02	2.310157e-09	2.072308e-09	8.918934e-13	4.454763e-09	1.754977e-13	1.002505e+02	
30  5258.65	2.250605e+00	1.176988e-01	1.042017e+00	6.701111e-02	2.310157e-09	2.072308e-09	8.918934e-13	4.454763e-09	1.754977e-13	1.006992e+02	
20  5256.31	2.250605e+00	1.176988e-01	1.042017e+00	6.701111e-02	2.310157e-09	2.072308e-09	8.918934e-13	4.454763e-09	1.754977e-13	1.004232e+02	
10  5255.74	2.250605e+00	1.176988e-01	1.042017e+00	6.701111e-02	2.310157e-09	2.072308e-09	8.918934e-13	4.454763e-09	1.754977e-13	9.975737e+01	
30  5256.76	2.250605e+00	1.176988e-01	1.042017e+00	6.701111e-02	2.310157e-09	2.072308e-09	8.918934e-13	4.454763e-09	1.754977e-13	1.004892e+02	
40  5257.77	2.250605e+00	1.176988e-01	1.042017e+00	6.701111e-02	2.310157e-09	2.072308e-09	8.918934e-13	4.454763e-09	1.754977e-13	1.006104e+02	
10  5255.96	2.250605e+00	1.176988e-01	1.042017e+00	6.701111e-02	2.310157e-09	2.072308e-09	8.918934e-13	4.454763e-09	1.754977e-13	1.003614e+02	
40  5255.11	2.250605e+00	1.176988e-01	1.042017e+00	6.701111e-02	2.310157e-09	2.072308e-09	8.918934e-13	4.454763e-09	1.754977e-13	1.000612e+02	
10  5255.33	2.250605e+00	1.176988e-01	1.042017e+00	6.701111e-02	2.310157e-09	2.072308e-09	8.918934e-13	4.454763e-09	1.754977e-13	9.986942e+01	
20  5255.12	2.250605e+00	1.176988e-01	1.042017e+00	6.701111e-02	2.310157e-09	2.072308e-09	8.918934e-13	4.454763e-09	1.754977e-13	1.000698e+02	
10  5255.16	2.250605e+00	1.176988e-01	1.042017e+00	6.701111e-02	2.310157e-09	2.072308e-09	8.918934e-13	4.454763e-09	1.754977e-13	1.001197e+02	
50  5255.24	2.250605e+00	1.176988e-01	1.042017e+00	6.701111e-02	2.310157e-09	2.072308e-09	8.918934e-13	4.454763e-09	1.754977e-13	1.001632e+02	
20  5255.12	2.250605e+00	1.176988e-01	1.042017e+00	6.701111e-02	2.310157e-09	2.072308e-09	8.918934e-13	4.454763e-09	1.754977e-13	1.000795e+02	
20  5255.12	2.250605e+00	1.176988e-01	1.042017e+00	6.701111e-02	2.310157e-09	2.072308e-09	8.918934e-13	4.454763e-09	1.754977e-13	1.000784e+02	
20  5255.17	2.250605e+00	1.176988e-01	1.042017e+00	6.701111e-02	2.310157e-09	2.072308e-09	8.918934e-13	4.454763e-09	1.754977e-13	9.994935e+01	
10  5256.03	2.250605e+00	1.176988e-01	1.042017e+00	6.701111e-02	2.310157e-09	2.072308e-09	8.918934e-13	4.454763e-09	1.754977e-13	1.003740e+02	
10  5256.35	2.250605e+00	1.176988e-01	1.042017e+00	6.701111e-02	2.310157e-09	2.072308e-09	8.918934e-13	4.454763e-09	1.754977e-13	1.004295e+02	
10  5256.14	2.250605e+00	1.176988e-01	1.042017e+00	6.701111e-02	2.310157e-09	2.072308e-09	8.918934e-13	4.454763e-09	1.754977e-13	1.003934e+02	
10  5255.93	2.250605e+00	1.176988e-01	1.042017e+00	6.701111e-02	2.310157e-09	2.072308e-09	8.918934e-13	4.454763e-09	1.754977e-13	9.971731e+01	
70  5255.69	2.250605e+00	1.176988e-01	1.042017e+00	6.701111e-02	2.310157e-09	2.072308e-09	8.918934e-13	4.454763e-09	1.754977e-13	1.003055e+02	
30  5255.28	2.250605e+00	1.176988e-01	1.042017e+00	6.701111e-02	2.310157e-09	2.072308e-09	8.918934e-13	4.454763e-09	1.754977e-13	9.989204e+01	
30  5255.54	2.250605e+00	1.176988e-01	1.042017e+00	6.701111e-02	2.310157e-09	2.072308e-09	8.918934e-13	4.454763e-09	1.754977e-13	9.980531e+01	
10  5255.19	2.250605e+00	1.176988e-01	1.042017e+00	6.701111e-02	2.310157e-09	2.072308e-09	8.918934e-13	4.454763e-09	1.754977e-13	9.993522e+01	
50  5255.44	2.250605e+00	1.176988e-01	1.042017e+00	6.701111e-02	2.310157e-09	2.072308e-09	8.918934e-13	4.454763e-09	1.754977e-13	9.983483e+01	
10  5257.46	2.250605e+00	1.176988e-01	1.042017e+00	6.701111e-02	2.310157e-09	2.072308e-09	8.918934e-13	4.454763e-09	1.754977e-13	9.949708e+01	
20  5255.18	2.250605e+00	1.176988e-01	1.042017e+00	6.701111e-02	2.310157e-09	2.072308e-09	8.918934e-13	4.454763e-09	1.754977e-13	1.001299e+02	
10  5255.44	2.250605e+00	1.176988e-01	1.042017e+00	6.701111e-02	2.310157e-09	2.072308e-09	8.918934e-13	4.454763e-09	1.754977e-13	1.002403e+02	
10  5255.15	2.250605e+00	1.176988e-01	1.042017e+00	6.701111e-02	2.310157e-09	2.072308e-09	8.918934e-13	4.454763e-09	1.754977e-13	9.996421e+01	
10  5255.11	2.250605e+00	1.176988e-01	1.042017e+00	6.701111e-02	2.310157e-09	2.072308e-09	8.918934e-13	4.454763e-09	1.754977e-13	1.000131e+02	
30  5255.75	2.250605e+00	1.176988e-01	1.042017e+00	6.701111e-02	2.310157e-09	2.072308e-09	8.918934e-13	4.454763e-09	1.754977e-13	9.975485e+01	
30  5255.12	2.250605e+00	1.176988e-01	1.042017e+00	6.701111e-02	2.310157e-09	2.072308e-09	8.918934e-13	4.454763e-09	1.754977e-13	1.000683e+02	
20  5255.68	2.250605e+00	1.176988e-01	1.042017e+00	6.701111e-02	2.310157e-09	2.072308e-09	8.918934e-13	4.454763e-09	1.754977e-13	1.003040e+02	
10  5255.33	2.250605e+00	1.176988e-01	1.042017e+00	6.701111e-02	2.310157e-09	2.072308e-09	8.918934e-13	4.454763e-09	1.754977e-13	1.002038e+02	
10  5255.14	2.250605e+00	1.176988e-01	1.042017e+00	6.701111e-02	2.310157e-09	2.072308e-09	8.918934e-13	4.454763e-09	1.754977e-13	1.000971e+02	
50  5256.1	2.250605e+00	1.176988e-01	1.042017e+00	6.701111e-02	2.310157e-09	2.072308e-09	8.918934e-13	4.454763e-09	1.754977e-13	1.003873e+02	
10  5255.42	2.250605e+00	1.176988e-01	1.042017e+00	6.701111e-02	2.310157e-09	2.072308e-09	8.918934e-13	4.454763e-09	1.754977e-13	9.983967e+01	
30  5255.29	2.250605e+00	1.176988e-01	1.042017e+00	6.701111e-02	2.310157e-09	2.072308e-09	8.918934e-13	4.454763e-09	1.754977e-13	9.988860e+01	
10  5255.17	2.250605e+00	1.176988e-01	1.042017e+00	6.701111e-02	2.310157e-09	2.072308e-09	8.918934e-13	4.454763e-09	1.754977e-13	1.001253e+02	
40  5255.19	2.250605e+00	1.176988e-01	1.042017e+00	6.701111e-02	2.310157e-09	2.072308e-09	8.918934e-13	4.454763e-09	1.754977e-13	1.001364e+02	
20  5255.19	2.250605e+00	1.176988e-01	1.042017e+00	6.701111e-02	2.310157e-09	2.072308e-09	8.918934e-13	4.454763e-09	1.754977e-13	9.993468e+01	
90  5255.82	2.250605e+00	1.176988e-01	1.042017e+00	6.701111e-02	2.310157e-09	2.072308e-09	8.918934e-13	4.454763e-09	1.754977e-13	9.973946e+01	
10  5255.95	2.250605e+00	1.176988e-01	1.042017e+00	6.701111e-02	2.310157e-09	2.072308e-09	8.918934e-13	4.454763e-09	1.754977e-13	1.003590e+02	
50  5258.23	2.250605e+00	1.176988e-01	1.042017e+00	6.701111e-02	2.310157e-09	2.072308e-09	8.918934e-13	4.454763e-09	1.754977e-13	1.006588e+02	
30  5255.18	2.250605e+00	1.176988e-01	1.042017e+00	6.701111e-02	2.310157e-09	2.072308e-09	8.918934e-13	4.454763e-09	1.754977e-13	1.001308e+02	
10  5255.33	2.250605e+00	1.176988e-01	1.042017e+00	6.701111e-02	2.310157e-09	2.072308e-09	8.918934e-13	4.454763e-09	1.754977e-13	1.002041e+02	
40  5256.33	2.250605e+00	1.176988e-01	1.042017e+00	6.701111e-02	2.310157e-09	2.072308e-09	8.918934e-13	4.454763e-09	1.754977e-13	1.004258e+02	
10  5255.85	2.250605e+00	1.176988e-01	1.042017e+00	6.701111e-02	2.310157e-09	2.072308e-09	8.918934e-13	4.454763e-09	1.754977e-13	1.003396e+02	
30  5255.64	2.250605e+00	1.176988e-01	1.042017e+00	6.701111e-02	2.310157e-09	2.072308e-09	8.918934e-13	4.454763e-09	1.754977e-13	1.002924e+02	
20  5256.31	2.250605e+00	1.176988e-01	1.042017e+00	6.701111e-02	2.310157e-09	2.072308e-09	8.918934e-13	4.454763e-09	1.754977e-13	1.004233e+02	
10  5257.72	2.250605e+00	1.176988e-01	1.042017e+00	6.701111e-02	2.310157e-09	2.072308e-09	8.918934e-13	4.454763e-09	1.754977e-13	1.006056e+02	
10  5257.52	2.250605e+00	1.176988e-01	1.042017e+00	6.701111e-02	2.310157e-09	2.072308e-09	8.918934e-13	4.454763e-09	1.754977e-13	1.005830e+02	
10  5256.97	2.250605e+00	1.176988e-01	1.042017e+00	6.701111e-02	2.310157e-09	2.072308e-09	8.918934e-13	4.454763e-09	1.754977e-13	1.005172e+02	
10  5256.33	2.250605e+00	1.176988e-01	1.042017e+00	6.701111e-02	2.310157e-09	2.072308e-09	8.918934e-13	4.454763e-09	1.754977e-13	1.004259e+02	
10  5255.29	2.250605e+00	1.176988e-01	1.042017e+00	6.701111e-02	2.310157e-09	2.072308e-09	8.918934e-13	4.454763e-09	1.754977e-13	1.001881e+02	
20  5255.11	2.250605e+00	1.176988e-01	1.042017e+00	6.701111e-02	2.310157e-09	2.072308e-09	8.918934e-13	4.454763e-09	1.754977e-13	1.000349e+02	
10  5255.23	2.250605e+00	1.176988e-01	1.042017e+00	6.701111e-02	2.310157e-09	2.072308e-09	8.918934e-13	4.454763e-09	1.754977e-13	9.991273e+01	
30  5255.39	2.250605e+00	1.176988e-01	1.042017e+00	6.701111e-02	2.310157e-09	2.072308e-09	8.918934e-13	4.454763e-09	1.754977e-13	9.985088e+01	
10  5255.31	2.250605e+00	1.176988e-01	1.042017e+00	6.701111e-02	2.310157e-09	2.072308e-09	8.918934e-13	4.454763e-09	1.754977e-13	9.987999e+01	
10  5255.11	2.250605e+00	1.176988e-01	1.042017e+00	6.701111e-02	2.310157e-09	2.072308e-09	8.918934e-13	4.454763e-09	1.754977e-13	1.000534e+02	
30  5255.19	2.250605e+00	1.176988e-01	1.042017e+00	6.701111e-02	2.310157e-09	2.072308e-09	8.918934e-13	4.454763e-09	1.754977e-13	9.993493e+01	
130  5255.18	2.250605e+00	1.176988e-01	1.042017e+00	6.701111e-02	2.310157e-09	2.072308e-09	8.918934e-13	4.454763e-09	1.754977e-13	1.001334e+02	
40  5255.16	2.250605e+00	1.176988e-01	1.042017e+00	6.701111e-02	2.310157e-09	2.072308e-09	8.918934e-13	4.454763e-09	1.754977e-13	1.001195e+02	
20  5255.75	2.250605e+00	1.176988e-01	1.042017e+00	6.701111e-02	2.310157e-09	2.072308e-09	8.918934e-13	4.454763e-09	1.754977e-13	9.975576e+01	
20  5255.64	2.250605e+00	1.176988e-01	1.042017e+00	6.701111e-02	2.310157e-09	2.072308e-09	8.918934e-13	4.454763e-09	1.754977e-13	9.978056e+01	
40  5255.72	2.250605e+00	1.176988e-01	1.042017e+00	6.701111e-02	2.310157e-09	2.072308e-09	8.918934e-13	4.454763e-09	1.754977e-13	9.976171e+01	
10  5255.82	2.250605e+00	1.176988e-01	1.042017e+00	6.701111e-02	2.310157e-09	2.072308e-09	8.918934e-13	4.454763e-09	1.754977e-13	9.973940e+01	
10  5255.57	2.250605e+00	1.176988e-01	1.042017e+00	6.701111e-02	2.310157e-09	2.072308e-09	8.918934e-13	4.454763e-09	1.754977e-13	9.979886e+01	
30  5255.11	2.250605e+00	1.176988e-01	1.042017e+00	6.701111e-02	2.310157e-09	2.072308e-09	8.918934e-13	4.454763e-09	1.754977e-13	1.000361e+02	
10  5255.11	2.250605e+00	1.176988e-01	1.042017e+00	6.701111e-02	2.310157e-09	2.072308e-09	8.918934e-13	4.454763e-09	1.754977e-13	1.000129e+02	
10  5255.26	2.250605e+00	1.176988e-01	1.042017e+00	6.701111e-02	2.310157e-09	2.072308e-09	8.918934e-13	4.454763e-09	1.754977e-13	1.001751e+02	
10  5255.39	2.250605e+00	1.176988e-01	1.042017e+00	6.701111e-02	2.310157e-09	2.072308e-09	8.918934e-13	4.454763e-09	1.754977e-13	9.985076e+01	
20  5255.83	2.250605e+00	1.176988e-01	1.042017e+00	6.701111e-02	2.310157e-09	2.072308e-09	8.918934e-13	4.454763e-09	1.754977e-13	1.003354e+02	
120  5255.62	2.250605e+00	1.176988e-01	1.042017e+00	6.701111e-02	2.310157e-09	2.072308e-09	8.918934e-13	4.454763e-09	1.754977e-13	1.002897e+02	
40  5255.39	2.250605e+00	1.176988e-01	1.042017e+00	6.701111e-02	2.310157e-09	2.072308e-09	8.918934e-13	4.454763e-09	1.754977e-13	1.002226e+02	
10  5255.16	2.250605e+00	1.176988e-01	1.042017e+00	6.701111e-02	2.310157e-09	2.072308e-09	8.918934e-13	4.454763e-09	1.754977e-13	9.995474e+01	
40  5255.13	2.250605e+00	1.176988e-01	1.042017e+00	6.701111e-02	2.310157e-09	2.072308e-09	8.918934e-13	4.454763e-09	1.754977e-13	9.998012e+01	
10  5255.96	2.250605e+00	1.176988e-01	1.042017e+00	6.701111e-02	2.310157e-09	2.072308e-09	8.918934e-13	4.454763e-09	1.754977e-13	9.971237e+01	
40  5255.11	2.250605e+00	1.176988e-01	1.042017e+00	6.701111e-02	2.310157e-09	2.072308e-09	8.918934e-13	4.454763e-09	1.754977e-13	1.000547e+02	
10  5255.91	2.250605e+00	1.176988e-01	1.042017e+00	6.701111e-02	2.310157e-09	2.072308e-09	8.918934e-13	4.454763e-09	1.754977e-13	9.972214e+01	
20  5255.54	2.250605e+00	1.176988e-01	1.042017e+00	6.701111e-02	2.310157e-09	2.072308e-09	8.918934e-13	4.454763e-09	1.754977e-13	9.980673e+01	
20  5255.14	2.250605e+00	1.176988e-01	1.042017e+00	6.701111e-02	2.310157e-09	2.072308e-09	8.918934e-13	4.454763e-09	1.754977e-13	9.997781e+01	
10  5255.22	2.250605e+00	1.176988e-01	1.042017e+00	6.701111e-02	2.310157e-09	2.072308e-09	8.918934e-13	4.454763e-09	1.754977e-13	9.992112e+01	
10  5255.19	2.250605e+00	1.176988e-01	1.042017e+00	6.701111e-02	2.310157e-09	2.072308e-09	8.918934e-13	4.454763e-09	1.754977e-13	1.001370e+02	
90  5255.67	2.250605e+00	1.176988e-01	1.042017e+00	6.701111e-02	2.310157e-09	2.072308e-09	8.918934e-13	4.454763e-09	1.754977e-13	9.977227e+01	
20  5255.19	2.250605e+00	1.176988e-01	1.042017e+00	6.701111e-02	2.310157e-09	2.072308e-09	8.918934e-13	4.454763e-09	1.754977e-13	1.001388e+02	
20  5255.22	2.250605e+00	1.176988e-01	1.042017e+00	6.701111e-02	2.310157e-09	2.072308e-09	8.918934e-13	4.454763e-09	1.754977e-13	9.992050e+01	
10  5255.97	2.250605e+00	1.176988e-01	1.042017e+00	6.701111e-02	2.310157e-09	2.072308e-09	8.918934e-13	4.454763e-09	1.754977e-13	1.003634e+02	
10  5255.29	2.250605e+00	1.176988e-01	1.042017e+00	6.701111e-02	2.310157e-09	2.072308e-09	8.918934e-13	4.454763e-09	1.754977e-13	1.001855e+02	
20  5255.37	2.250605e+00	1.176988e-01	1.042017e+00	6.701111e-02	2.310157e-09	2.072308e-09	8.918934e-13	4.454763e-09	1.754977e-13	1.002165e+02	
40  5255.11	2.250605e+00	1.176988e-01	1.042017e+00	6.701111e-02	2.310157e-09	2.072308e-09	8.918934e-13	4.454763e-09	1.754977e-13	1.000105e+02	
100  5255.14	2.250605e+00	1.176988e-01	1.042017e+00	6.701111e-02	2.310157e-09	2.072308e-09	8.918934e-13	4.454763e-09	1.754977e-13	1.001015e+02	
10  5255.13	2.250605e+00	1.176988e-01	1.042017e+00	6.701111e-02	2.310157e-09	2.072308e-09	8.918934e-13	4.454763e-09	1.754977e-13	1.000917e+02	
10  5255.12	2.250605e+00	1.176988e-01	1.042017e+00	6.701111e-02	2.310157e-09	2.072308e-09	8.918934e-13	4.454763e-09	1.754977e-13	9.999183e+01	
20  5255.79	2.250605e+00	1.176988e-01	1.042017e+00	6.701111e-02	2.310157e-09	2.072308e-09	8.918934e-13	4.454763e-09	1.754977e-13	9.974726e+01	
10  5255.62	2.250605e+00	1.176988e-01	1.042017e+00	6.701111e-02	2.310157e-09	2.072308e-09	8.918934e-13	4.454763e-09	1.754977e-13	9.978454e+01	
20  5255.11	2.250605e+00	1.176988e-01	1.042017e+00	6.701111e-02	2.310157e-09	2.072308e-09	8.918934e-13	4.454763e-09	1.754977e-13	1.000303e+02	
20  5255.44	2.250605e+00	1.176988e-01	1.042017e+00	6.701111e-02	2.310157e-09	2.072308e-09	8.918934e-13	4.454763e-09	1.754977e-13	9.983342e+01	
10  5255.21	2.250605e+00	1.176988e-01	1.042017e+00	6.701111e-02	2.310157e-09	2.072308e-09	8.918934e-13	4.454763e-09	1.754977e-13	9.992592e+01	
40  5255.19	2.250605e+00	1.176988e-01	1.042017e+00	6.701111e-02	2.310157e-09	2.072308e-09	8.918934e-13	4.454763e-09	1.754977e-13	1.001389e+02	
10  5255.95	2.250605e+00	1.176988e-01	1.042017e+00	6.701111e-02	2.310157e-09	2.072308e-09	8.918934e-13	4.454763e-09	1.754977e-13	1.003607e+02	
30  5255.13	2.250605e+00	1.176988e-01	1.042017e+00	6.701111e-02	2.310157e-09	2.072308e-09	8.918934e-13	4.454763e-09	1.754977e-13	9.999002e+01	
50  5255.5	2.250605e+00	1.176988e-01	1.042017e+00	6.701111e-02	2.310157e-09	2.072308e-09	8.918934e-13	4.454763e-09	1.754977e-13	9.981581e+01	
10  5255.26	2.250605e+00	1.176988e-01	1.042017e+00	6.701111e-02	2.310157e-09	2.072308e-09	8.918934e-13	4.454763e-09	1.754977e-13	9.989934e+01	
20  5256.16	2.250605e+00	1.176988e-01	1.042017e+00	6.701111e-02	2.310157e-09	2.072308e-09	8.918934e-13	4.454763e-09	1.754977e-13	9.967552e+01	
20  5255.33	2.250605e+00	1.176988e-01	1.042017e+00	6.701111e-02	2.310157e-09	2.072308e-09	8.918934e-13	4.454763e-09	1.754977e-13	9.986992e+01	
10  5255.45	2.250605e+00	1.176988e-01	1.042017e+00	6.701111e-02	2.310157e-09	2.072308e-09	8.918934e-13	4.454763e-09	1.754977e-13	9.983201e+01	
10  5255.18	2.250605e+00	1.176988e-01	1.042017e+00	6.701111e-02	2.310157e-09	2.072308e-09	8.918934e-13	4.454763e-09	1.754977e-13	1.001291e+02	
10  5255.37	2.250605e+00	1.176988e-01	1.042017e+00	6.701111e-02	2.310157e-09	2.072308e-09	8.918934e-13	4.454763e-09	1.754977e-13	1.002181e+02	
20  5255.76	2.250605e+00	1.176988e-01	1.042017e+00	6.701111e-02	2.310157e-09	2.072308e-09	8.918934e-13	4.454763e-09	1.754977e-13	1.003218e+02	
20  5255.77	2.250605e+00	1.176988e-01	1.042017e+00	6.701111e-02	2.310157e-09	2.072308e-09	8.918934e-13	4.454763e-09	1.754977e-13	1.003232e+02	
50  5255.19	2.250605e+00	1.176988e-01	1.042017e+00	6.701111e-02	2.310157e-09	2.072308e-09	8.918934e-13	4.454763e-09	1.754977e-13	9.993704e+01	
10  5255.75	2.250605e+00	1.176988e-01	1.042017e+00	6.701111e-02	2.310157e-09	2.072308e-09	8.918934e-13	4.454763e-09	1.754977e-13	1.003194e+02	
10  5255.23	2.250605e+00	1.176988e-01	1.042017e+00	6.701111e-02	2.310157e-09	2.072308e-09	8.918934e-13	4.454763e-09	1.754977e-13	1.001601e+02	
10  5256.72	2.250605e+00	1.176988e-01	1.042017e+00	6.701111e-02	2.310157e-09	2.072308e-09	8.918934e-13	4.454763e-09	1.754977e-13	1.004837e+02	
10  5255.45	2.250605e+00	1.176988e-01	1.042017e+00	6.701111e-02	2.310157e-09	2.072308e-09	8.918934e-13	4.454763e-09	1.754977e-13	9.983047e+01	
30  5255.13	2.250605e+00	1.176988e-01	1.042017e+00	6.701111e-02	2.310157e-09	2.072308e-09	8.918934e-13	4.454763e-09	1.754977e-13	1.000933e+02	
20  5255.87	2.250605e+00	1.176988e-01	1.042017e+00	6.701111e-02	2.310157e-09	2.072308e-09	8.918934e-13	4.454763e-09	1.754977e-13	9.972989e+01	
20  5255.18	2.250605e+00	1.176988e-01	1.042017e+00	6.701111e-02	2.310157e-09	2.072308e-09	8.918934e-13	4.454763e-09	1.754977e-13	9.994048e+01	
20  5255.58	2.250605e+00	1.176988e-01	1.042017e+00	6.701111e-02	2.310157e-09	2.072308e-09	8.918934e-13	4.454763e-09	1.754977e-13	9.979450e+01	
20  5258.12	2.250605e+00	1.176988e-01	1.042017e+00	6.701111e-02	2.310157e-09	2.072308e-09	8.918934e-13	4.454763e-09	1.754977e-13	9.942651e+01	
10  5255.89	2.250605e+00	1.176988e-01	1.042017e+00	6.701111e-02	2.310157e-09	2.072308e-09	8.918934e-13	4.454763e-09	1.754977e-13	9.972490e+01	
40  5255.77	2.250605e+00	1.176988e-01	1.042017e+00	6.701111e-02	2.310157e-09	2.072308e-09	8.918934e-13	4.454763e-09	1.754977e-13	1.003240e+02	
10  5256.52	2.250605e+00	1.176988e-01	1.042017e+00	6.701111e-02	2.310157e-09	2.072308e-09	8.918934e-13	4.454763e-09	1.754977e-13	1.004542e+02	
10  5255.63	2.250605e+00	1.176988e-01	1.042017e+00	6.701111e-02	2.310157e-09	2.072308e-09	8.918934e-13	4.454763e-09	1.754977e-13	9.978189e+01	
40  5255.38	2.250605e+00	1.176988e-01	1.042017e+00	6.701111e-02	2.310157e-09	2.072308e-09	8.918934e-13	4.454763e-09	1.754977e-13	1.002196e+02	
20  5255.22	2.250605e+00	1.176988e-01	1.042017e+00	6.701111e-02	2.310157e-09	2.072308e-09	8.918934e-13	4.454763e-09	1.754977e-13	9.991927e+01	
30  5255.3	2.250605e+00	1.176988e-01	1.042017e+00	6.701111e-02	2.310157e-09	2.072308e-09	8.918934e-13	4.454763e-09	1.754977e-13	1.001916e+02	
40  5255.3	2.250605e+00	1.176988e-01	1.042017e+00	6.701111e-02	2.310157e-09	2.072308e-09	8.918934e-13	4.454763e-09	1.754977e-13	9.988390e+01	
20  5255.43	2.250605e+00	1.176988e-01	1.042017e+00	6.701111e-02	2.310157e-09	2.072308e-09	8.918934e-13	4.454763e-09	1.754977e-13	9.983676e+01	
10  5255.41	2.250605e+00	1.176988e-01	1.042017e+00	6.701111e-02	2.310157e-09	2.072308e-09	8.918934e-13	4.454763e-09	1.754977e-13	9.984308e+01	
30  5255.47	2.250605e+00	1.176988e-01	1.042017e+00	6.701111e-02	2.310157e-09	2.072308e-09	8.918934e-13	4.454763e-09	1.754977e-13	9.982554e+01	
20  5256.98	2.250605e+00	1.176988e-01	1.042017e+00	6.701111e-02	2.310157e-09	2.072308e-09	8.918934e-13	4.454763e-09	1.754977e-13	9.955542e+01	
30  5255.58	2.250605e+00	1.176988e-01	1.042017e+00	6.701111e-02	2.310157e-09	2.072308e-09	8.918934e-13	4.454763e-09	1.754977e-13	9.979441e+01	
100  5255.15	2.250605e+00	1.176988e-01	1.042017e+00	6.701111e-02	2.310157e-09	2.072308e-09	8.918934e-13	4.454763e-09	1.754977e-13	9.996735e+01	
30  5255.58	2.250605e+00	1.176988e-01	1.042017e+00	6.701111e-02	2.310157e-09	2.072308e-09	8.918934e-13	4.454763e-09	1.754977e-13	1.002787e+02	
10  5255.2	2.250605e+00	1.176988e-01	1.042017e+00	6.701111e-02	2.310157e-09	2.072308e-09	8.918934e-13	4.454763e-09	1.754977e-13	1.001457e+02	
10  5255.13	2.250605e+00	1.176988e-01	1.042017e+00	6.701111e-02	2.310157e-09	2.072308e-09	8.918934e-13	4.454763e-09	1.754977e-13	1.000878e+02	
10  5255.14	2.250605e+00	1.176988e-01	1.042017e+00	6.701111e-02	2.310157e-09	2.072308e-09	8.918934e-13	4.454763e-09	1.754977e-13	1.001035e+02	
4  5255.13	2.250605e+00	1.176988e-01	1.042017e+00	6.701111e-02	2.310157e-09	2.072308e-09	8.918934e-13	4.454763e-09	1.754977e-13	1.000864e+02	
6  5253.67	2.247108e+00	1.176030e-01	1.042158e+00	6.407997e-02	2.299019e-09	2.062167e-09	6.789795e-13	4.134925e-09	1.624089e-12	9.999049e+01	
10  5253.68	2.247108e+00	1.176030e-01	1.042158e+00	6.407997e-02	2.299019e-09	2.062167e-09	6.789795e-13	4.134925e-09	1.624089e-12	9.997452e+01	
40  5253.96	2.247108e+00	1.176030e-01	1.042158e+00	6.407997e-02	2.299019e-09	2.062167e-09	6.789795e-13	4.134925e-09	1.624089e-12	9.984193e+01	
90  5253.85	2.247108e+00	1.176030e-01	1.042158e+00	6.407997e-02	2.299019e-09	2.062167e-09	6.789795e-13	4.134925e-09	1.624089e-12	9.987819e+01	
20  5253.65	2.247108e+00	1.176030e-01	1.042158e+00	6.407997e-02	2.299019e-09	2.062167e-09	6.789795e-13	4.134925e-09	1.624089e-12	1.000490e+02	
10  5253.82	2.247108e+00	1.176030e-01	1.042158e+00	6.407997e-02	2.299019e-09	2.062167e-09	6.789795e-13	4.134925e-09	1.624089e-12	9.988984e+01	
20  5253.78	2.247108e+00	1.176030e-01	1.042158e+00	6.407997e-02	2.299019e-09	2.062167e-09	6.789795e-13	4.134925e-09	1.624089e-12	9.991207e+01	
50  5253.88	2.247108e+00	1.176030e-01	1.042158e+00	6.407997e-02	2.299019e-09	2.062167e-09	6.789795e-13	4.134925e-09	1.624089e-12	9.986681e+01	
20  5253.77	2.247108e+00	1.176030e-01	1.042158e+00	6.407997e-02	2.299019e-09	2.062167e-09	6.789795e-13	4.134925e-09	1.624089e-12	1.001610e+02	
10  5253.66	2.247108e+00	1.176030e-01	1.042158e+00	6.407997e-02	2.299019e-09	2.062167e-09	6.789795e-13	4.134925e-09	1.624089e-12	1.000698e+02	
30  5254.91	2.247108e+00	1.176030e-01	1.042158e+00	6.407997e-02	2.299019e-09	2.062167e-09	6.789795e-13	4.134925e-09	1.624089e-12	1.004324e+02	
10  5253.7	2.247108e+00	1.176030e-01	1.042158e+00	6.407997e-02	2.299019e-09	2.062167e-09	6.789795e-13	4.134925e-09	1.624089e-12	1.001181e+02	
40  5253.66	2.247108e+00	1.176030e-01	1.042158e+00	6.407997e-02	2.299019e-09	2.062167e-09	6.789795e-13	4.134925e-09	1.624089e-12	1.000761e+02	
10  5254.71	2.247108e+00	1.176030e-01	1.042158e+00	6.407997e-02	2.299019e-09	2.062167e-09	6.789795e-13	4.134925e-09	1.624089e-12	1.003988e+02	
10  5253.66	2.247108e+00	1.176030e-01	1.042158e+00	6.407997e-02	2.299019e-09	2.062167e-09	6.789795e-13	4.134925e-09	1.624089e-12	9.999803e+01	
10  5253.81	2.247108e+00	1.176030e-01	1.042158e+00	6.407997e-02	2.299019e-09	2.062167e-09	6.789795e-13	4.134925e-09	1.624089e-12	1.001786e+02	
40  5253.81	2.247108e+00	1.176030e-01	1.042158e+00	6.407997e-02	2.299019e-09	2.062167e-09	6.789795e-13	4.134925e-09	1.624089e-12	1.001763e+02	
10  5253.96	2.247108e+00	1.176030e-01	1.042158e+00	6.407997e-02	2.299019e-09	2.062167e-09	6.789795e-13	4.134925e-09	1.624089e-12	1.002340e+02	
10  5253.95	2.247108e+00	1.176030e-01	1.042158e+00	6.407997e-02	2.299019e-09	2.062167e-09	6.789795e-13	4.134925e-09	1.624089e-12	1.002300e+02	
20  5255.56	2.247108e+00	1.176030e-01	1.042158e+00	6.407997e-02	2.299019e-09	2.062167e-09	6.789795e-13	4.134925e-09	1.624089e-12	1.005229e+02	
10  5254.06	2.247108e+00	1.176030e-01	1.042158e+00	6.407997e-02	2.299019e-09	2.062167e-09	6.789795e-13	4.134925e-09	1.624089e-12	1.002628e+02	
20  5255.44	2.247108e+00	1.176030e-01	1.042158e+00	6.407997e-02	2.299019e-09	2.062167e-09	6.789795e-13	4.134925e-09	1.624089e-12	9.956615e+01	
20  5258.48	2.247108e+00	1.176030e-01	1.042158e+00	6.407997e-02	2.299019e-09	2.062167e-09	6.789795e-13	4.134925e-09	1.624089e-12	9.926412e+01	
10  5258.12	2.247108e+00	1.176030e-01	1.042158e+00	6.407997e-02	2.299019e-09	2.062167e-09	6.789795e-13	4.134925e-09	1.624089e-12	9.929288e+01	
10  5254.26	2.247108e+00	1.176030e-01	1.042158e+00	6.407997e-02	2.299019e-09	2.062167e-09	6.789795e-13	4.134925e-09	1.624089e-12	9.976140e+01	
50  5253.98	2.247108e+00	1.176030e-01	1.042158e+00	6.407997e-02	2.299019e-09	2.062167e-09	6.789795e-13	4.134925e-09	1.624089e-12	1.002382e+02	
10  5254.33	2.247108e+00	1.176030e-01	1.042158e+00	6.407997e-02	2.299019e-09	2.062167e-09	6.789795e-13	4.134925e-09	1.624089e-12	1.003269e+02	
30  5253.85	2.247108e+00	1.176030e-01	1.042158e+00	6.407997e-02	2.299019e-09	2.062167e-09	6.789795e-13	4.134925e-09	1.624089e-12	1.001942e+02	
10  5253.7	2.247108e+00	1.176030e-01	1.042158e+00	6.407997e-02	2.299019e-09	2.062167e-09	6.789795e-13	4.134925e-09	1.624089e-12	9.995910e+01	
10  5253.67	2.247108e+00	1.176030e-01	1.042158e+00	6.407997e-02	2.299019e-09	2.062167e-09	6.789795e-13	4.134925e-09	1.624089e-12	9.999109e+01	
20  5254.47	2.247108e+00	1.176030e-01	1.042158e+00	6.407997e-02	2.299019e-09	2.062167e-09	6.789795e-13	4.134925e-09	1.624089e-12	9.971758e+01	
10  5254.4	2.247108e+00	1.176030e-01	1.042158e+00	6.407997e-02	2.299019e-09	2.062167e-09	6.789795e-13	4.134925e-09	1.624089e-12	9.973131e+01	
10  5254.7	2.247108e+00	1.176030e-01	1.042158e+00	6.407997e-02	2.299019e-09	2.062167e-09	6.789795e-13	4.134925e-09	1.624089e-12	1.003976e+02	
50  5254.34	2.247108e+00	1.176030e-01	1.042158e+00	6.407997e-02	2.299019e-09	2.062167e-09	6.789795e-13	4.134925e-09	1.624089e-12	1.003288e+02	
40  5253.89	2.247108e+00	1.176030e-01	1.042158e+00	6.407997e-02	2.299019e-09	2.062167e-09	6.789795e-13	4.134925e-09	1.624089e-12	9.986412e+01	
10  5255.52	2.247108e+00	1.176030e-01	1.042158e+00	6.407997e-02	2.299019e-09	2.062167e-09	6.789795e-13	4.134925e-09	1.624089e-12	9.955617e+01	
10  5253.72	2.247108e+00	1.176030e-01	1.042158e+00	6.407997e-02	2.299019e-09	2.062167e-09	6.789795e-13	4.134925e-09	1.624089e-12	1.001299e+02	
20  5253.67	2.247108e+00	1.176030e-01	1.042158e+00	6.407997e-02	2.299019e-09	2.062167e-09	6.789795e-13	4.134925e-09	1.624089e-12	1.000921e+02	
20  5253.65	2.247108e+00	1.176030e-01	1.042158e+00	6.407997e-02	2.299019e-09	2.062167e-09	6.789795e-13	4.134925e-09	1.624089e-12	1.000512e+02	
40  5253.79	2.247108e+00	1.176030e-01	1.042158e+00	6.407997e-02	2.299019e-09	2.062167e-09	6.789795e-13	4.134925e-09	1.624089e-12	9.990623e+01	
10  5253.98	2.247108e+00	1.176030e-01	1.042158e+00	6.407997e-02	2.299019e-09	2.062167e-09	6.789795e-13	4.134925e-09	1.624089e-12	9.983383e+01	
23  5253.7	2.247108e+00	1.176030e-01	1.042158e+00	6.407997e-02	2.299019e-09	2.062167e-09	6.789795e-13	4.134925e-09	1.624089e-12	1.001157e+02	
7  5255.78	2.242523e+00	1.171075e-01	1.042251e+00	6.202763e-02	2.265078e-09	2.050370e-09	4.300957e-13	4.689386e-09	1.647971e-12	9.978440e+01	
20  5256.15	2.242523e+00	1.171075e-01	1.042251e+00	6.202763e-02	2.265078e-09	2.050370e-09	4.300957e-13	4.689386e-09	1.647971e-12	9.970468e+01	
50  5256.51	2.242523e+00	1.171075e-01	1.042251e+00	6.202763e-02	2.265078e-09	2.050370e-09	4.300957e-13	4.689386e-09	1.647971e-12	9.964284e+01	
50  5256.33	2.242523e+00	1.171075e-01	1.042251e+00	6.202763e-02	2.265078e-09	2.050370e-09	4.300957e-13	4.689386e-09	1.647971e-12	9.967366e+01	
10  5256.56	2.242523e+00	1.171075e-01	1.042251e+00	6.202763e-02	2.265078e-09	2.050370e-09	4.300957e-13	4.689386e-09	1.647971e-12	1.004274e+02	
10  5257.25	2.242523e+00	1.171075e-01	1.042251e+00	6.202763e-02	2.265078e-09	2.050370e-09	4.300957e-13	4.689386e-09	1.647971e-12	1.005242e+02	
10  5255.29	2.242523e+00	1.171075e-01	1.042251e+00	6.202763e-02	2.265078e-09	2.050370e-09	4.300957e-13	4.689386e-09	1.647971e-12	1.000451e+02	
10  5255.55	2.242523e+00	1.171075e-01	1.042251e+00	6.202763e-02	2.265078e-09	2.050370e-09	4.300957e-13	4.689386e-09	1.647971e-12	1.002121e+02	
30  5255.89	2.242523e+00	1.171075e-01	1.042251e+00	6.202763e-02	2.265078e-09	2.050370e-09	4.300957e-13	4.689386e-09	1.647971e-12	9.975828e+01	
10  5256.56	2.242523e+00	1.171075e-01	1.042251e+00	6.202763e-02	2.265078e-09	2.050370e-09	4.300957e-13	4.689386e-09	1.647971e-12	1.004280e+02	
40  5255.35	2.242523e+00	1.171075e-01	1.042251e+00	6.202763e-02	2.265078e-09	2.050370e-09	4.300957e-13	4.689386e-09	1.647971e-12	1.001202e+02	
10  5255.3	2.242523e+00	1.171075e-01	1.042251e+00	6.202763e-02	2.265078e-09	2.050370e-09	4.300957e-13	4.689386e-09	1.647971e-12	1.000664e+02	
20  5255.91	2.242523e+00	1.171075e-01	1.042251e+00	6.202763e-02	2.265078e-09	2.050370e-09	4.300957e-13	4.689386e-09	1.647971e-12	1.003088e+02	
10  5255.4	2.242523e+00	1.171075e-01	1.042251e+00	6.202763e-02	2.265078e-09	2.050370e-09	4.300957e-13	4.689386e-09	1.647971e-12	1.001473e+02	
20  5255.93	2.242523e+00	1.171075e-01	1.042251e+00	6.202763e-02	2.265078e-09	2.050370e-09	4.300957e-13	4.689386e-09	1.647971e-12	1.003126e+02	
10  5256.53	2.242523e+00	1.171075e-01	1.042251e+00	6.202763e-02	2.265078e-09	2.050370e-09	4.300957e-13	4.689386e-09	1.647971e-12	1.004231e+02	
60  5255.9	2.242523e+00	1.171075e-01	1.042251e+00	6.202763e-02	2.265078e-09	2.050370e-09	4.300957e-13	4.689386e-09	1.647971e-12	1.003066e+02	
10  5256.2	2.242523e+00	1.171075e-01	1.042251e+00	6.202763e-02	2.265078e-09	2.050370e-09	4.300957e-13	4.689386e-09	1.647971e-12	9.969628e+01	
20  5257.63	2.242523e+00	1.171075e-01	1.042251e+00	6.202763e-02	2.265078e-09	2.050370e-09	4.300957e-13	4.689386e-09	1.647971e-12	9.949349e+01	
20  5255.7	2.242523e+00	1.171075e-01	1.042251e+00	6.202763e-02	2.265078e-09	2.050370e-09	4.300957e-13	4.689386e-09	1.647971e-12	1.002559e+02	
10  5255.44	2.242523e+00	1.171075e-01	1.042251e+00	6.202763e-02	2.265078e-09	2.050370e-09	4.300957e-13	4.689386e-09	1.647971e-12	1.001696e+02	
10  5255.48	2.242523e+00	1.171075e-01	1.042251e+00	6.202763e-02	2.265078e-09	2.050370e-09	4.300957e-13	4.689386e-09	1.647971e-12	9.987697e+01	
10  5255.39	2.242523e+00	1.171075e-01	1.042251e+00	6.202763e-02	2.265078e-09	2.050370e-09	4.300957e-13	4.689386e-09	1.647971e-12	9.992278e+01	
10  5255.39	2.242523e+00	1.171075e-01	1.042251e+00	6.202763e-02	2.265078e-09	2.050370e-09	4.300957e-13	4.689386e-09	1.647971e-12	1.001417e+02	
10  5256.82	2.242523e+00	1.171075e-01	1.042251e+00	6.202763e-02	2.265078e-09	2.050370e-09	4.300957e-13	4.689386e-09	1.647971e-12	9.959605e+01	
10  5255.9	2.242523e+00	1.171075e-01	1.042251e+00	6.202763e-02	2.265078e-09	2.050370e-09	4.300957e-13	4.689386e-09	1.647971e-12	1.003070e+02	
10  5255.74	2.242523e+00	1.171075e-01	1.042251e+00	6.202763e-02	2.265078e-09	2.050370e-09	4.300957e-13	4.689386e-09	1.647971e-12	9.979459e+01	
10  5255.35	2.242523e+00	1.171075e-01	1.042251e+00	6.202763e-02	2.265078e-09	2.050370e-09	4.300957e-13	4.689386e-09	1.647971e-12	9.994439e+01	
10  5255.45	2.242523e+00	1.171075e-01	1.042251e+00	6.202763e-02	2.265078e-09	2.050370e-09	4.300957e-13	4.689386e-09	1.647971e-12	9.989281e+01	
20  5255.91	2.242523e+00	1.171075e-01	1.042251e+00	6.202763e-02	2.265078e-09	2.050370e-09	4.300957e-13	4.689386e-09	1.647971e-12	9.975356e+01	
20  5255.31	2.242523e+00	1.171075e-01	1.042251e+00	6.202763e-02	2.265078e-09	2.050370e-09	4.300957e-13	4.689386e-09	1.647971e-12	1.000764e+02	
10  5255.79	2.242523e+00	1.171075e-01	1.042251e+00	6.202763e-02	2.265078e-09	2.050370e-09	4.300957e-13	4.689386e-09	1.647971e-12	9.978234e+01	
30  5255.41	2.242523e+00	1.171075e-01	1.042251e+00	6.202763e-02	2.265078e-09	2.050370e-09	4.300957e-13	4.689386e-09	1.647971e-12	9.991190e+01	
10  5255.56	2.242523e+00	1.171075e-01	1.042251e+00	6.202763e-02	2.265078e-09	2.050370e-09	4.300957e-13	4.689386e-09	1.647971e-12	9.984858e+01	
30  5255.35	2.242523e+00	1.171075e-01	1.042251e+00	6.202763e-02	2.265078e-09	2.050370e-09	4.300957e-13	4.689386e-09	1.647971e-12	9.994687e+01	
30  5255.95	2.242523e+00	1.171075e-01	1.042251e+00	6.202763e-02	2.265078e-09	2.050370e-09	4.300957e-13	4.689386e-09	1.647971e-12	9.974523e+01	
20  5255.59	2.242523e+00	1.171075e-01	1.042251e+00	6.202763e-02	2.265078e-09	2.050370e-09	4.300957e-13	4.689386e-09	1.647971e-12	9.983771e+01	
80  5255.3	2.242523e+00	1.171075e-01	1.042251e+00	6.202763e-02	2.265078e-09	2.050370e-09	4.300957e-13	4.689386e-09	1.647971e-12	9.999422e+01	
90  5255.33	2.242523e+00	1.171075e-01	1.042251e+00	6.202763e-02	2.265078e-09	2.050370e-09	4.300957e-13	4.689386e-09	1.647971e-12	1.000998e+02	
10  5255.29	2.242523e+00	1.171075e-01	1.042251e+00	6.202763e-02	2.265078e-09	2.050370e-09	4.300957e-13	4.689386e-09	1.647971e-12	1.000383e+02	
10  5255.66	2.242523e+00	1.171075e-01	1.042251e+00	6.202763e-02	2.265078e-09	2.050370e-09	4.300957e-13	4.689386e-09	1.647971e-12	1.002449e+02	
30  5255.8	2.242523e+00	1.171075e-01	1.042251e+00	6.202763e-02	2.265078e-09	2.050370e-09	4.300957e-13	4.689386e-09	1.647971e-12	1.002826e+02	
20  5255.63	2.242523e+00	1.171075e-01	1.042251e+00	6.202763e-02	2.265078e-09	2.050370e-09	4.300957e-13	4.689386e-09	1.647971e-12	1.002371e+02	
30  5255.62	2.242523e+00	1.171075e-01	1.042251e+00	6.202763e-02	2.265078e-09	2.050370e-09	4.300957e-13	4.689386e-09	1.647971e-12	1.002344e+02	
70  5255.98	2.242523e+00	1.171075e-01	1.042251e+00	6.202763e-02	2.265078e-09	2.050370e-09	4.300957e-13	4.689386e-09	1.647971e-12	1.003229e+02	
30  5255.32	2.242523e+00	1.171075e-01	1.042251e+00	6.202763e-02	2.265078e-09	2.050370e-09	4.300957e-13	4.689386e-09	1.647971e-12	9.997050e+01	
10  5256.19	2.242523e+00	1.171075e-01	1.042251e+00	6.202763e-02	2.265078e-09	2.050370e-09	4.300957e-13	4.689386e-09	1.647971e-12	1.003651e+02	
60  5256.35	2.242523e+00	1.171075e-01	1.042251e+00	6.202763e-02	2.265078e-09	2.050370e-09	4.300957e-13	4.689386e-09	1.647971e-12	1.003934e+02	
20  5256.5	2.242523e+00	1.171075e-01	1.042251e+00	6.202763e-02	2.265078e-09	2.050370e-09	4.300957e-13	4.689386e-09	1.647971e-12	9.964529e+01	
10  5256.58	2.242523e+00	1.171075e-01	1.042251e+00	6.202763e-02	2.265078e-09	2.050370e-09	4.300957e-13	4.689386e-09	1.647971e-12	9.963210e+01	
40  5256.4	2.242523e+00	1.171075e-01	1.042251e+00	6.202763e-02	2.265078e-09	2.050370e-09	4.300957e-13	4.689386e-09	1.647971e-12	1.004023e+02	
10  5255.56	2.242523e+00	1.171075e-01	1.042251e+00	6.202763e-02	2.265078e-09	2.050370e-09	4.300957e-13	4.689386e-09	1.647971e-12	9.984902e+01	
50  5255.59	2.242523e+00	1.171075e-01	1.042251e+00	6.202763e-02	2.265078e-09	2.050370e-09	4.300957e-13	4.689386e-09	1.647971e-12	9.983819e+01	
20  5255.44	2.242523e+00	1.171075e-01	1.042251e+00	6.202763e-02	2.265078e-09	2.050370e-09	4.300957e-13	4.689386e-09	1.647971e-12	9.989333e+01	
60  5255.43	2.242523e+00	1.171075e-01	1.042251e+00	6.202763e-02	2.265078e-09	2.050370e-09	4.300957e-13	4.689386e-09	1.647971e-12	1.001625e+02	
20  5255.37	2.242523e+00	1.171075e-01	1.042251e+00	6.202763e-02	2.265078e-09	2.050370e-09	4.300957e-13	4.689386e-09	1.647971e-12	1.001332e+02	
20  5255.31	2.242523e+00	1.171075e-01	1.042251e+00	6.202763e-02	2.265078e-09	2.050370e-09	4.300957e-13	4.689386e-09	1.647971e-12	9.998545e+01	
10  5255.36	2.242523e+00	1.171075e-01	1.042251e+00	6.202763e-02	2.265078e-09	2.050370e-09	4.300957e-13	4.689386e-09	1.647971e-12	9.993719e+01	
30  5255.7	2.242523e+00	1.171075e-01	1.042251e+00	6.202763e-02	2.265078e-09	2.050370e-09	4.300957e-13	4.689386e-09	1.647971e-12	9.980680e+01	
10  5256.45	2.242523e+00	1.171075e-01	1.042251e+00	6.202763e-02	2.265078e-09	2.050370e-09	4.300957e-13	4.689386e-09	1.647971e-12	9.965216e+01	
80  5255.39	2.242523e+00	1.171075e-01	1.042251e+00	6.202763e-02	2.265078e-09	2.050370e-09	4.300957e-13	4.689386e-09	1.647971e-12	9.991934e+01	
10  5255.67	2.242523e+00	1.171075e-01	1.042251e+00	6.202763e-02	2.265078e-09	2.050370e-09	4.300957e-13	4.689386e-09	1.647971e-12	9.981351e+01	
20  5255.71	2.242523e+00	1.171075e-01	1.042251e+00	6.202763e-02	2.265078e-09	2.050370e-09	4.300957e-13	4.689386e-09	1.647971e-12	9.980299e+01	
20  5255.32	2.242523e+00	1.171075e-01	1.042251e+00	6.202763e-02	2.265078e-09	2.050370e-09	4.300957e-13	4.689386e-09	1.647971e-12	1.000885e+02	
10  5255.48	2.242523e+00	1.171075e-01	1.042251e+00	6.202763e-02	2.265078e-09	2.050370e-09	4.300957e-13	4.689386e-09	1.647971e-12	1.001838e+02	
20  5255.99	2.242523e+00	1.171075e-01	1.042251e+00	6.202763e-02	2.265078e-09	2.050370e-09	4.300957e-13	4.689386e-09	1.647971e-12	1.003249e+02	
10  5256.23	2.242523e+00	1.171075e-01	1.042251e+00	6.202763e-02	2.265078e-09	2.050370e-09	4.300957e-13	4.689386e-09	1.647971e-12	1.003725e+02	
40  5255.83	2.242523e+00	1.171075e-01	1.042251e+00	6.202763e-02	2.265078e-09	2.050370e-09	4.300957e-13	4.689386e-09	1.647971e-12	9.977217e+01	
30  5255.31	2.242523e+00	1.171075e-01	1.042251e+00	6.202763e-02	2.265078e-09	2.050370e-09	4.300957e-13	4.689386e-09	1.647971e-12	9.998238e+01	
10  5255.47	2.242523e+00	1.171075e-01	1.042251e+00	6.202763e-02	2.265078e-09	2.050370e-09	4.300957e-13	4.689386e-09	1.647971e-12	9.988054e+01	
20  5256.19	2.242523e+00	1.171075e-01	1.042251e+00	6.202763e-02	2.265078e-09	2.050370e-09	4.300957e-13	4.689386e-09	1.647971e-12	9.969803e+01	
10  5255.83	2.242523e+00	1.171075e-01	1.042251e+00	6.202763e-02	2.265078e-09	2.050370e-09	4.300957e-13	4.689386e-09	1.647971e-12	9.977291e+01	
50  5256.27	2.242523e+00	1.171075e-01	1.042251e+00	6.202763e-02	2.265078e-09	2.050370e-09	4.300957e-13	4.689386e-09	1.647971e-12	9.968279e+01	
20  5255.69	2.242523e+00	1.171075e-01	1.042251e+00	6.202763e-02	2.265078e-09	2.050370e-09	4.300957e-13	4.689386e-09	1.647971e-12	1.002535e+02	
20  5258.04	2.242523e+00	1.171075e-01	1.042251e+00	6.202763e-02	2.265078e-09	2.050370e-09	4.300957e-13	4.689386e-09	1.647971e-12	1.006151e+02	
20  5255.45	2.242523e+00	1.171075e-01	1.042251e+00	6.202763e-02	2.265078e-09	2.050370e-09	4.300957e-13	4.689386e-09	1.647971e-12	1.001738e+02	
10  5255.87	2.242523e+00	1.171075e-01	1.042251e+00	6.202763e-02	2.265078e-09	2.050370e-09	4.300957e-13	4.689386e-09	1.647971e-12	9.976332e+01	
50  5255.44	2.242523e+00	1.171075e-01	1.042251e+00	6.202763e-02	2.265078e-09	2.050370e-09	4.300957e-13	4.689386e-09	1.647971e-12	1.001685e+02	
30  5255.42	2.242523e+00	1.171075e-01	1.042251e+00	6.202763e-02	2.265078e-09	2.050370e-09	4.300957e-13	4.689386e-09	1.647971e-12	1.001598e+02	
40  5255.38	2.242523e+00	1.171075e-01	1.042251e+00	6.202763e-02	2.265078e-09	2.050370e-09	4.300957e-13	4.689386e-09	1.647971e-12	9.992388e+01	
10  5255.6	2.242523e+00	1.171075e-01	1.042251e+00	6.202763e-02	2.265078e-09	2.050370e-09	4.300957e-13	4.689386e-09	1.647971e-12	9.983451e+01	
10  5255.39	2.242523e+00	1.171075e-01	1.042251e+00	6.202763e-02	2.265078e-09	2.050370e-09	4.300957e-13	4.689386e-09	1.647971e-12	9.992107e+01	
10  5255.66	2.242523e+00	1.171075e-01	1.042251e+00	6.202763e-02	2.265078e-09	2.050370e-09	4.300957e-13	4.689386e-09	1.647971e-12	1.002457e+02	
10  5255.92	2.242523e+00	1.171075e-01	1.042251e+00	6.202763e-02	2.265078e-09	2.050370e-09	4.300957e-13	4.689386e-09	1.647971e-12	1.003115e+02	
20  5255.31	2.242523e+00	1.171075e-01	1.042251e+00	6.202763e-02	2.265078e-09	2.050370e-09	4.300957e-13	4.689386e-09	1.647971e-12	1.000751e+02	
30  5255.47	2.242523e+00	1.171075e-01	1.042251e+00	6.202763e-02	2.265078e-09	2.050370e-09	4.300957e-13	4.689386e-09	1.647971e-12	1.001797e+02	
10  5255.32	2.242523e+00	1.171075e-01	1.042251e+00	6.202763e-02	2.265078e-09	2.050370e-09	4.300957e-13	4.689386e-09	1.647971e-12	9.996847e+01	
70  5255.3	2.242523e+00	1.171075e-01	1.042251e+00	6.202763e-02	2.265078e-09	2.050370e-09	4.300957e-13	4.689386e-09	1.647971e-12	1.000701e+02	
20  5255.34	2.242523e+00	1.171075e-01	1.042251e+00	6.202763e-02	2.265078e-09	2.050370e-09	4.300957e-13	4.689386e-09	1.647971e-12	1.001072e+02	
10  5255.75	2.242523e+00	1.171075e-01	1.042251e+00	6.202763e-02	2.265078e-09	2.050370e-09	4.300957e-13	4.689386e-09	1.647971e-12	1.002706e+02	
10  5255.29	2.242523e+00	1.171075e-01	1.042251e+00	6.202763e-02	2.265078e-09	2.050370e-09	4.300957e-13	4.689386e-09	1.647971e-12	1.000323e+02	
20  5255.44	2.242523e+00	1.171075e-01	1.042251e+00	6.202763e-02	2.265078e-09	2.050370e-09	4.300957e-13	4.689386e-09	1.647971e-12	9.989403e+01	
10  5255.42	2.242523e+00	1.171075e-01	1.042251e+00	6.202763e-02	2.265078e-09	2.050370e-09	4.300957e-13	4.689386e-09	1.647971e-12	1.001579e+02	
20  5255.3	2.242523e+00	1.171075e-01	1.042251e+00	6.202763e-02	2.265078e-09	2.050370e-09	4.300957e-13	4.689386e-09	1.647971e-12	9.998953e+01	
10  5256.3	2.242523e+00	1.171075e-01	1.042251e+00	6.202763e-02	2.265078e-09	2.050370e-09	4.300957e-13	4.689386e-09	1.647971e-12	1.003844e+02	
10  5255.44	2.242523e+00	1.171075e-01	1.042251e+00	6.202763e-02	2.265078e-09	2.050370e-09	4.300957e-13	4.689386e-09	1.647971e-12	1.001684e+02	
20  5255.39	2.242523e+00	1.171075e-01	1.042251e+00	6.202763e-02	2.265078e-09	2.050370e-09	4.300957e-13	4.689386e-09	1.647971e-12	9.991920e+01	
10  5255.75	2.242523e+00	1.171075e-01	1.042251e+00	6.202763e-02	2.265078e-09	2.050370e-09	4.300957e-13	4.689386e-09	1.647971e-12	1.002707e+02	
10  5255.77	2.242523e+00	1.171075e-01	1.042251e+00	6.202763e-02	2.265078e-09	2.050370e-09	4.300957e-13	4.689386e-09	1.647971e-12	9.978814e+01	
10  5255.5	2.242523e+00	1.171075e-01	1.042251e+00	6.202763e-02	2.265078e-09	2.050370e-09	4.300957e-13	4.689386e-09	1.647971e-12	1.001942e+02	
10  5255.39	2.242523e+00	1.171075e-01	1.042251e+00	6.202763e-02	2.265078e-09	2.050370e-09	4.300957e-13	4.689386e-09	1.647971e-12	9.992090e+01	
10  5255.45	2.242523e+00	1.171075e-01	1.042251e+00	6.202763e-02	2.265078e-09	2.050370e-09	4.300957e-13	4.689386e-09	1.647971e-12	9.989042e+01	
60  5255.3	2.242523e+00	1.171075e-01	1.042251e+00	6.202763e-02	2.265078e-09	2.050370e-09	4.300957e-13	4.689386e-09	1.647971e-12	1.000686e+02	
40  5255.29	2.242523e+00	1.171075e-01	1.042251e+00	6.202763e-02	2.265078e-09	2.050370e-09	4.300957e-13	4.689386e-09	1.647971e-12	1.000157e+02	
70  5255.29	2.242523e+00	1.171075e-01	1.042251e+00	6.202763e-02	2.265078e-09	2.050370e-09	4.300957e-13	4.689386e-09	1.647971e-12	1.000300e+02	
40  5255.3	2.242523e+00	1.171075e-01	1.042251e+00	6.202763e-02	2.265078e-09	2.050370e-09	4.300957e-13	4.689386e-09	1.647971e-12	1.000589e+02	
60  5255.34	2.242523e+00	1.171075e-01	1.042251e+00	6.202763e-02	2.265078e-09	2.050370e-09	4.300957e-13	4.689386e-09	1.647971e-12	1.001066e+02	
10  5255.38	2.242523e+00	1.171075e-01	1.042251e+00	6.202763e-02	2.265078e-09	2.050370e-09	4.300957e-13	4.689386e-09	1.647971e-12	9.992516e+01	
10  5256.25	2.242523e+00	1.171075e-01	1.042251e+00	6.202763e-02	2.265078e-09	2.050370e-09	4.300957e-13	4.689386e-09	1.647971e-12	1.003755e+02	
10  5256.31	2.242523e+00	1.171075e-01	1.042251e+00	6.202763e-02	2.265078e-09	2.050370e-09	4.300957e-13	4.689386e-09	1.647971e-12	1.003871e+02	
20  5255.3	2.242523e+00	1.171075e-01	1.042251e+00	6.202763e-02	2.265078e-09	2.050370e-09	4.300957e-13	4.689386e-09	1.647971e-12	9.999802e+01	
10  5255.29	2.242523e+00	1.171075e-01	1.042251e+00	6.202763e-02	2.265078e-09	2.050370e-09	4.300957e-13	4.689386e-09	1.647971e-12	1.000466e+02	
10  5256	2.242523e+00	1.171075e-01	1.042251e+00	6.202763e-02	2.265078e-09	2.050370e-09	4.300957e-13	4.689386e-09	1.647971e-12	1.003274e+02	
50  5255.32	2.242523e+00	1.171075e-01	1.042251e+00	6.202763e-02	2.265078e-09	2.050370e-09	4.300957e-13	4.689386e-09	1.647971e-12	1.000944e+02	
40  5255.31	2.242523e+00	1.171075e-01	1.042251e+00	6.202763e-02	2.265078e-09	2.050370e-09	4.300957e-13	4.689386e-09	1.647971e-12	1.000854e+02	
70  5255.52	2.242523e+00	1.171075e-01	1.042251e+00	6.202763e-02	2.265078e-09	2.050370e-09	4.300957e-13	4.689386e-09	1.647971e-12	9.986249e+01	
30  5257.68	2.242523e+00	1.171075e-01	1.042251e+00	6.202763e-02	2.265078e-09	2.050370e-09	4.300957e-13	4.689386e-09	1.647971e-12	9.948742e+01	
20  5255.34	2.242523e+00	1.171075e-01	1.042251e+00	6.202763e-02	2.265078e-09	2.050370e-09	4.300957e-13	4.689386e-09	1.647971e-12	1.001106e+02	
30  5255.5	2.242523e+00	1.171075e-01	1.042251e+00	6.202763e-02	2.265078e-09	2.050370e-09	4.300957e-13	4.689386e-09	1.647971e-12	9.986886e+01	
10  5258.38	2.242523e+00	1.171075e-01	1.042251e+00	6.202763e-02	2.265078e-09	2.050370e-09	4.300957e-13	4.689386e-09	1.647971e-12	9.941307e+01	
10  5256.79	2.242523e+00	1.171075e-01	1.042251e+00	6.202763e-02	2.265078e-09	2.050370e-09	4.300957e-13	4.689386e-09	1.647971e-12	9.960082e+01	
50  5255.29	2.242523e+00	1.171075e-01	1.042251e+00	6.202763e-02	2.265078e-09	2.050370e-09	4.300957e-13	4.689386e-09	1.647971e-12	1.000204e+02	
10  5255.95	2.242523e+00	1.171075e-01	1.042251e+00	6.202763e-02	2.265078e-09	2.050370e-09	4.300957e-13	4.689386e-09	1.647971e-12	1.003177e+02	
50  5255.76	2.242523e+00	1.171075e-01	1.042251e+00	6.202763e-02	2.265078e-09	2.050370e-09	4.300957e-13	4.689386e-09	1.647971e-12	1.002717e+02	
10  5255.44	2.242523e+00	1.171075e-01	1.042251e+00	6.202763e-02	2.265078e-09	2.050370e-09	4.300957e-13	4.689386e-09	1.647971e-12	1.001659e+02	
10  5256.35	2.242523e+00	1.171075e-01	1.042251e+00	6.202763e-02	2.265078e-09	2.050370e-09	4.300957e-13	4.689386e-09	1.647971e-12	9.967025e+01	
10  5256.61	2.242523e+00	1.171075e-01	1.042251e+00	6.202763e-02	2.265078e-09	2.050370e-09	4.300957e-13	4.689386e-09	1.647971e-12	9.962675e+01	
40  5255.42	2.242523e+00	1.171075e-01	1.042251e+00	6.202763e-02	2.265078e-09	2.050370e-09	4.300957e-13	4.689386e-09	1.647971e-12	9.990382e+01	
30  5255.77	2.242523e+00	1.171075e-01	1.042251e+00	6.202763e-02	2.265078e-09	2.050370e-09	4.300957e-13	4.689386e-09	1.647971e-12	9.978889e+01	
10  5256.35	2.242523e+00	1.171075e-01	1.042251e+00	6.202763e-02	2.265078e-09	2.050370e-09	4.300957e-13	4.689386e-09	1.647971e-12	9.966955e+01	
20  5256.18	2.242523e+00	1.171075e-01	1.042251e+00	6.202763e-02	2.265078e-09	2.050370e-09	4.300957e-13	4.689386e-09	1.647971e-12	9.969933e+01	
20  5255.68	2.242523e+00	1.171075e-01	1.042251e+00	6.202763e-02	2.265078e-09	2.050370e-09	4.300957e-13	4.689386e-09	1.647971e-12	9.981263e+01	
10  5256.19	2.242523e+00	1.171075e-01	1.042251e+00	6.202763e-02	2.265078e-09	2.050370e-09	4.300957e-13	4.689386e-09	1.647971e-12	9.969853e+01	
30  5255.3	2.242523e+00	1.171075e-01	1.042251e+00	6.202763e-02	2.265078e-09	2.050370e-09	4.300957e-13	4.689386e-09	1.647971e-12	9.999039e+01	
20  5255.46	2.242523e+00	1.171075e-01	1.042251e+00	6.202763e-02	2.265078e-09	2.050370e-09	4.300957e-13	4.689386e-09	1.647971e-12	9.988731e+01	
10  5255.39	2.242523e+00	1.171075e-01	1.042251e+00	6.202763e-02	2.265078e-09	2.050370e-09	4.300957e-13	4.689386e-09	1.647971e-12	9.992019e+01	
40  5255.51	2.242523e+00	1.171075e-01	1.042251e+00	6.202763e-02	2.265078e-09	2.050370e-09	4.300957e-13	4.689386e-09	1.647971e-12	1.001963e+02	
10  5255.38	2.242523e+00	1.171075e-01	1.042251e+00	6.202763e-02	2.265078e-09	2.050370e-09	4.300957e-13	4.689386e-09	1.647971e-12	9.992738e+01	
30  5255.68	2.242523e+00	1.171075e-01	1.042251e+00	6.202763e-02	2.265078e-09	2.050370e-09	4.300957e-13	4.689386e-09	1.647971e-12	1.002515e+02	
10  5255.38	2.242523e+00	1.171075e-01	1.042251e+00	6.202763e-02	2.265078e-09	2.050370e-09	4.300957e-13	4.689386e-09	1.647971e-12	9.992875e+01	
40  5255.4	2.242523e+00	1.171075e-01	1.042251e+00	6.202763e-02	2.265078e-09	2.050370e-09	4.300957e-13	4.689386e-09	1.647971e-12	1.001465e+02	
30  5255.82	2.242523e+00	1.171075e-01	1.042251e+00	6.202763e-02	2.265078e-09	2.050370e-09	4.300957e-13	4.689386e-09	1.647971e-12	9.977535e+01	
20  5256.02	2.242523e+00	1.171075e-01	1.042251e+00	6.202763e-02	2.265078e-09	2.050370e-09	4.300957e-13	4.689386e-09	1.647971e-12	9.973122e+01	
90  5255.31	2.242523e+00	1.171075e-01	1.042251e+00	6.202763e-02	2.265078e-09	2.050370e-09	4.300957e-13	4.689386e-09	1.647971e-12	9.997826e+01	
10  5255.35	2.242523e+00	1.171075e-01	1.042251e+00	6.202763e-02	2.265078e-09	2.050370e-09	4.300957e-13	4.689386e-09	1.647971e-12	1.001163e+02	
90  5255.89	2.242523e+00	1.171075e-01	1.042251e+00	6.202763e-02	2.265078e-09	2.050370e-09	4.300957e-13	4.689386e-09	1.647971e-12	9.976004e+01	
20  5255.58	2.242523e+00	1.171075e-01	1.042251e+00	6.202763e-02	2.265078e-09	2.050370e-09	4.300957e-13	4.689386e-09	1.647971e-12	9.984178e+01	
30  5255.78	2.242523e+00	1.171075e-01	1.042251e+00	6.202763e-02	2.265078e-09	2.050370e-09	4.300957e-13	4.689386e-09	1.647971e-12	9.978647e+01	
20  5255.73	2.242523e+00	1.171075e-01	1.042251e+00	6.202763e-02	2.265078e-09	2.050370e-09	4.300957e-13	4.689386e-09	1.647971e-12	9.979767e+01	
20  5255.41	2.242523e+00	1.171075e-01	1.042251e+00	6.202763e-02	2.265078e-09	2.050370e-09	4.300957e-13	4.689386e-09	1.647971e-12	1.001536e+02	
30  5255.82	2.242523e+00	1.171075e-01	1.042251e+00	6.202763e-02	2.265078e-09	2.050370e-09	4.300957e-13	4.689386e-09	1.647971e-12	1.002877e+02	
10  5257.11	2.242523e+00	1.171075e-01	1.042251e+00	6.202763e-02	2.265078e-09	2.050370e-09	4.300957e-13	4.689386e-09	1.647971e-12	9.955691e+01	
30  5255.34	2.242523e+00	1.171075e-01	1.042251e+00	6.202763e-02	2.265078e-09	2.050370e-09	4.300957e-13	4.689386e-09	1.647971e-12	1.001081e+02	
20  5256.33	2.242523e+00	1.171075e-01	1.042251e+00	6.202763e-02	2.265078e-09	2.050370e-09	4.300957e-13	4.689386e-09	1.647971e-12	1.003906e+02	
40  5256.08	2.242523e+00	1.171075e-01	1.042251e+00	6.202763e-02	2.265078e-09	2.050370e-09	4.300957e-13	4.689386e-09	1.647971e-12	9.971902e+01	
30  5255.96	2.242523e+00	1.171075e-01	1.042251e+00	6.202763e-02	2.265078e-09	2.050370e-09	4.300957e-13	4.689386e-09	1.647971e-12	9.974436e+01	
40  5256.24	2.242523e+00	1.171075e-01	1.042251e+00	6.202763e-02	2.265078e-09	2.050370e-09	4.300957e-13	4.689386e-09	1.647971e-12	9.968910e+01	
100  5255.29	2.242523e+00	1.171075e-01	1.042251e+00	6.202763e-02	2.265078e-09	2.050370e-09	4.300957e-13	4.689386e-09	1.647971e-12	1.000530e+02	
10  5255.36	2.242523e+00	1.171075e-01	1.042251e+00	6.202763e-02	2.265078e-09	2.050370e-09	4.300957e-13	4.689386e-09	1.647971e-12	9.994007e+01	
20  5255.77	2.242523e+00	1.171075e-01	1.042251e+00	6.202763e-02	2.265078e-09	2.050370e-09	4.300957e-13	4.689386e-09	1.647971e-12	9.978881e+01	
20  5255.96	2.242523e+00	1.171075e-01	1.042251e+00	6.202763e-02	2.265078e-09	2.050370e-09	4.300957e-13	4.689386e-09	1.647971e-12	9.974269e+01	
70  5255.51	2.242523e+00	1.171075e-01	1.042251e+00	6.202763e-02	2.265078e-09	2.050370e-09	4.300957e-13	4.689386e-09	1.647971e-12	9.986573e+01	
20  5255.5	2.242523e+00	1.171075e-01	1.042251e+00	6.202763e-02	2.265078e-09	2.050370e-09	4.300957e-13	4.689386e-09	1.647971e-12	9.986915e+01	
10  5256.12	2.242523e+00	1.171075e-01	1.042251e+00	6.202763e-02	2.265078e-09	2.050370e-09	4.300957e-13	4.689386e-09	1.647971e-12	9.971141e+01	
40  5255.44	2.242523e+00	1.171075e-01	1.042251e+00	6.202763e-02	2.265078e-09	2.050370e-09	4.300957e-13	4.689386e-09	1.647971e-12	1.001679e+02	
10  5256.26	2.242523e+00	1.171075e-01	1.042251e+00	6.202763e-02	2.265078e-09	2.050370e-09	4.300957e-13	4.689386e-09	1.647971e-12	9.968573e+01	
20  5255.83	2.242523e+00	1.171075e-01	1.042251e+00	6.202763e-02	2.265078e-09	2.050370e-09	4.300957e-13	4.689386e-09	1.647971e-12	1.002901e+02	
20  5255.39	2.242523e+00	1.171075e-01	1.042251e+00	6.202763e-02	2.265078e-09	2.050370e-09	4.300957e-13	4.689386e-09	1.647971e-12	1.001398e+02	
10  5255.71	2.242523e+00	1.171075e-01	1.042251e+00	6.202763e-02	2.265078e-09	2.050370e-09	4.300957e-13	4.689386e-09	1.647971e-12	1.002590e+02	
10  5255.36	2.242523e+00	1.171075e-01	1.042251e+00	6.202763e-02	2.265078e-09	2.050370e-09	4.300957e-13	4.689386e-09	1.647971e-12	1.001269e+02	
20  5256.85	2.242523e+00	1.171075e-01	1.042251e+00	6.202763e-02	2.265078e-09	2.050370e-09	4.300957e-13	4.689386e-09	1.647971e-12	1.004707e+02	
10  5255.42	2.242523e+00	1.171075e-01	1.042251e+00	6.202763e-02	2.265078e-09	2.050370e-09	4.300957e-13	4.689386e-09	1.647971e-12	9.990264e+01	
10  5255.36	2.242523e+00	1.171075e-01	1.042251e+00	6.202763e-02	2.265078e-09	2.050370e-09	4.300957e-13	4.689386e-09	1.647971e-12	1.001258e+02	
30  5255.29	2.242523e+00	1.171075e-01	1.042251e+00	6.202763e-02	2.265078e-09	2.050370e-09	4.300957e-13	4.689386e-09	1.647971e-12	1.000314e+02	
10  5255.52	2.242523e+00	1.171075e-01	1.042251e+00	6.202763e-02	2.265078e-09	2.050370e-09	4.300957e-13	4.689386e-09	1.647971e-12	1.002009e+02	
20  5257.92	2.242523e+00	1.171075e-01	1.042251e+00	6.202763e-02	2.265078e-09	2.050370e-09	4.300957e-13	4.689386e-09	1.647971e-12	1.006012e+02	
10  5256.39	2.242523e+00	1.171075e-01	1.042251e+00	6.202763e-02	2.265078e-09	2.050370e-09	4.300957e-13	4.689386e-09	1.647971e-12	1.003997e+02	
30  5256.33	2.242523e+00	1.171075e-01	1.042251e+00	6.202763e-02	2.265078e-09	2.050370e-09	4.300957e-13	4.689386e-09	1.647971e-12	9.967229e+01	
10  5256.04	2.242523e+00	1.171075e-01	1.042251e+00	6.202763e-02	2.265078e-09	2.050370e-09	4.300957e-13	4.689386e-09	1.647971e-12	1.003368e+02	
10  5256.99	2.242523e+00	1.171075e-01	1.042251e+00	6.202763e-02	2.265078e-09	2.050370e-09	4.300957e-13	4.689386e-09	1.647971e-12	9.957352e+01	
10  5256.67	2.242523e+00	1.171075e-01	1.042251e+00	6.202763e-02	2.265078e-09	2.050370e-09	4.300957e-13	4.689386e-09	1.647971e-12	1.004446e+02	
10  5256.23	2.242523e+00	1.171075e-01	1.042251e+00	6.202763e-02	2.265078e-09	2.050370e-09	4.300957e-13	4.689386e-09	1.647971e-12	9.969137e+01	
20  5255.32	2.242523e+00	1.171075e-01	1.042251e+00	6.202763e-02	2.265078e-09	2.050370e-09	4.300957e-13	4.689386e-09	1.647971e-12	1.000905e+02	
10  5255.36	2.242523e+00	1.171075e-01	1.042251e+00	6.202763e-02	2.265078e-09	2.050370e-09	4.300957e-13	4.689386e-09	1.647971e-12	1.001251e+02	
30  5255.29	2.242523e+00	1.171075e-01	1.042251e+00	6.202763e-02	2.265078e-09	2.050370e-09	4.300957e-13	4.689386e-09	1.647971e-12	1.000368e+02	
10  5255.91	2.242523e+00	1.171075e-01	1.042251e+00	6.202763e-02	2.265078e-09	2.050370e-09	4.300957e-13	4.689386e-09	1.647971e-12	9.975486e+01	
10  5255.43	2.242523e+00	1.171075e-01	1.042251e+00	6.202763e-02	2.265078e-09	2.050370e-09	4.300957e-13	4.689386e-09	1.647971e-12	9.990083e+01	
10  5255.34	2.242523e+00	1.171075e-01	1.042251e+00	6.202763e-02	2.265078e-09	2.050370e-09	4.300957e-13	4.689386e-09	1.647971e-12	1.001109e+02	
30  5255.31	2.242523e+00	1.171075e-01	1.042251e+00	6.202763e-02	2.265078e-09	2.050370e-09	4.300957e-13	4.689386e-09	1.647971e-12	1.000740e+02	
10  5255.93	2.242523e+00	1.171075e-01	1.042251e+00	6.202763e-02	2.265078e-09	2.050370e-09	4.300957e-13	4.689386e-09	1.647971e-12	9.974943e+01	
30  5255.63	2.242523e+00	1.171075e-01	1.042251e+00	6.202763e-02	2.265078e-09	2.050370e-09	4.300957e-13	4.689386e-09	1.647971e-12	9.982598e+01	
10  5256	2.242523e+00	1.171075e-01	1.042251e+00	6.202763e-02	2.265078e-09	2.050370e-09	4.300957e-13	4.689386e-09	1.647971e-12	9.973583e+01	
20  5256.05	2.242523e+00	1.171075e-01	1.042251e+00	6.202763e-02	2.265078e-09	2.050370e-09	4.300957e-13	4.689386e-09	1.647971e-12	9.972531e+01	
10  5255.96	2.242523e+00	1.171075e-01	1.042251e+00	6.202763e-02	2.265078e-09	2.050370e-09	4.300957e-13	4.689386e-09	1.647971e-12	9.974260e+01	
10  5255.29	2.242523e+00	1.171075e-01	1.042251e+00	6.202763e-02	2.265078e-09	2.050370e-09	4.300957e-13	4.689386e-09	1.647971e-12	1.000172e+02	
30  5255.4	2.242523e+00	1.171075e-01	1.042251e+00	6.202763e-02	2.265078e-09	2.050370e-09	4.300957e-13	4.689386e-09	1.647971e-12	9.991354e+01	
30  5255.35	2.242523e+00	1.171075e-01	1.042251e+00	6.202763e-02	2.265078e-09	2.050370e-09	4.300957e-13	4.689386e-09	1.647971e-12	1.001176e+02	
10  5255.29	2.242523e+00	1.171075e-01	1.042251e+00	6.202763e-02	2.265078e-09	2.050370e-09	4.300957e-13	4.689386e-09	1.647971e-12	1.000373e+02	
20  5255.57	2.242523e+00	1.171075e-01	1.042251e+00	6.202763e-02	2.265078e-09	2.050370e-09	4.300957e-13	4.689386e-09	1.647971e-12	1.002162e+02	
10  5255.37	2.242523e+00	1.171075e-01	1.042251e+00	6.202763e-02	2.265078e-09	2.050370e-09	4.300957e-13	4.689386e-09	1.647971e-12	9.993060e+01	
60  5256.12	2.242523e+00	1.171075e-01	1.042251e+00	6.202763e-02	2.265078e-09	2.050370e-09	4.300957e-13	4.689386e-09	1.647971e-12	9.971103e+01	
50  5255.29	2.242523e+00	1.171075e-01	1.042251e+00	6.202763e-02	2.265078e-09	2.050370e-09	4.300957e-13	4.689386e-09	1.647971e-12	1.000217e+02	
10  5255.37	2.242523e+00	1.171075e-01	1.042251e+00	6.202763e-02	2.265078e-09	2.050370e-09	4.300957e-13	4.689386e-09	1.647971e-12	9.993307e+01	
20  5255.46	2.242523e+00	1.171075e-01	1.042251e+00	6.202763e-02	2.265078e-09	2.050370e-09	4.300957e-13	4.689386e-09	1.647971e-12	9.988750e+01	
30  5255.3	2.242523e+00	1.171075e-01	1.042251e+00	6.202763e-02	2.265078e-09	2.050370e-09	4.300957e-13	4.689386e-09	1.647971e-12	1.000709e+02	
20  5255.29	2.242523e+00	1.171075e-01	1.042251e+00	6.202763e-02	2.265078e-09	2.050370e-09	4.300957e-13	4.689386e-09	1.647971e-12	1.000161e+02	
10  5255.75	2.242523e+00	1.171075e-01	1.042251e+00	6.202763e-02	2.265078e-09	2.050370e-09	4.300957e-13	4.689386e-09	1.647971e-12	1.002699e+02	
60  5255.7	2.242523e+00	1.171075e-01	1.042251e+00	6.202763e-02	2.265078e-09	2.050370e-09	4.300957e-13	4.689386e-09	1.647971e-12	9.980722e+01	
10  5255.3	2.242523e+00	1.171075e-01	1.042251e+00	6.202763e-02	2.265078e-09	2.050370e-09	4.300957e-13	4.689386e-09	1.647971e-12	1.000035e+02	
10  5255.34	2.242523e+00	1.171075e-01	1.042251e+00	6.202763e-02	2.265078e-09	2.050370e-09	4.300957e-13	4.689386e-09	1.647971e-12	9.995444e+01	
20  5255.73	2.242523e+00	1.171075e-01	1.042251e+00	6.202763e-02	2.265078e-09	2.050370e-09	4.300957e-13	4.689386e-09	1.647971e-12	9.979910e+01	
10  5255.62	2.242523e+00	1.171075e-01	1.042251e+00	6.202763e-02	2.265078e-09	2.050370e-09	4.300957e-13	4.689386e-09	1.647971e-12	9.983021e+01	
20  5255.56	2.242523e+00	1.171075e-01	1.042251e+00	6.202763e-02	2.265078e-09	2.050370e-09	4.300957e-13	4.689386e-09	1.647971e-12	1.002145e+02	
20  5255.47	2.242523e+00	1.171075e-01	1.042251e+00	6.202763e-02	2.265078e-09	2.050370e-09	4.300957e-13	4.689386e-09	1.647971e-12	1.001815e+02	
10  5255.43	2.242523e+00	1.171075e-01	1.042251e+00	6.202763e-02	2.265078e-09	2.050370e-09	4.300957e-13	4.689386e-09	1.647971e-12	1.001642e+02	
10  5255.68	2.242523e+00	1.171075e-01	1.042251e+00	6.202763e-02	2.265078e-09	2.050370e-09	4.300957e-13	4.689386e-09	1.647971e-12	9.981114e+01	
10  5255.33	2.242523e+00	1.171075e-01	1.042251e+00	6.202763e-02	2.265078e-09	2.050370e-09	4.300957e-13	4.689386e-09	1.647971e-12	9.995876e+01	
10  5255.49	2.242523e+00	1.171075e-01	1.042251e+00	6.202763e-02	2.265078e-09	2.050370e-09	4.300957e-13	4.689386e-09	1.647971e-12	1.001890e+02	
