4  5357.53	2.276627e+00	1.113019e-01	1.043493e+00	7.350400e-02	2.189615e-09	2.090493e-09	1.979651e-11	4.144404e-09	-1.966912e-11	9.760489e+01	
3  5350.06	2.300212e+00	1.097887e-01	1.043668e+00	9.836209e-02	2.287825e-09	2.192361e-09	3.431781e-11	4.526610e-09	-2.592943e-11	9.826258e+01	
1  5324.11	2.286870e+00	1.145004e-01	1.043223e+00	9.841642e-02	2.366681e-09	2.200944e-09	6.561465e-11	3.480471e-09	-4.609003e-11	9.995995e+01	
9  5302.79	2.267924e+00	1.157172e-01	1.043401e+00	9.063537e-02	2.303161e-09	2.163670e-09	3.701931e-11	4.503913e-09	3.753046e-11	1.003472e+02	
2  5297.5	2.276469e+00	1.110771e-01	1.043989e+00	9.995697e-02	2.193086e-09	2.196487e-09	2.602132e-11	5.031195e-09	2.426318e-11	9.888189e+01	
10  5295.58	2.276469e+00	1.110771e-01	1.043989e+00	9.995697e-02	2.193086e-09	2.196487e-09	2.602132e-11	5.031195e-09	2.426318e-11	9.899120e+01	
10  5292.6	2.276469e+00	1.110771e-01	1.043989e+00	9.995697e-02	2.193086e-09	2.196487e-09	2.602132e-11	5.031195e-09	2.426318e-11	9.918933e+01	
6  5289.78	2.276469e+00	1.110771e-01	1.043989e+00	9.995697e-02	2.193086e-09	2.196487e-09	2.602132e-11	5.031195e-09	2.426318e-11	1.006058e+02	
4  5286.34	2.272360e+00	1.120611e-01	1.044083e+00	9.625082e-02	2.213511e-09	2.184079e-09	2.119760e-11	4.910328e-09	2.942296e-11	1.008925e+02	
9  5282.58	2.272360e+00	1.120611e-01	1.044083e+00	9.625082e-02	2.213511e-09	2.184079e-09	2.119760e-11	4.910328e-09	2.942296e-11	1.005609e+02	
1  5278.1	2.235062e+00	1.142255e-01	1.044006e+00	7.950479e-02	2.179185e-09	2.121902e-09	2.337309e-11	3.324311e-09	2.903038e-11	1.008195e+02	
10  5273.29	2.235062e+00	1.142255e-01	1.044006e+00	7.950479e-02	2.179185e-09	2.121902e-09	2.337309e-11	3.324311e-09	2.903038e-11	9.983174e+01	
7  5273.75	2.235062e+00	1.142255e-01	1.044006e+00	7.950479e-02	2.179185e-09	2.121902e-09	2.337309e-11	3.324311e-09	2.903038e-11	1.003310e+02	
3  5269.94	2.248570e+00	1.146809e-01	1.044048e+00	9.396028e-02	2.303259e-09	2.193123e-09	1.090226e-12	1.724127e-09	1.272786e-11	1.013166e+02	
40  5257.17	2.248570e+00	1.146809e-01	1.044048e+00	9.396028e-02	2.303259e-09	2.193123e-09	1.090226e-12	1.724127e-09	1.272786e-11	1.003014e+02	
40  5257	2.248570e+00	1.146809e-01	1.044048e+00	9.396028e-02	2.303259e-09	2.193123e-09	1.090226e-12	1.724127e-09	1.272786e-11	9.980346e+01	
20  5257.85	2.248570e+00	1.146809e-01	1.044048e+00	9.396028e-02	2.303259e-09	2.193123e-09	1.090226e-12	1.724127e-09	1.272786e-11	9.963535e+01	
140  5257.22	2.248570e+00	1.146809e-01	1.044048e+00	9.396028e-02	2.303259e-09	2.193123e-09	1.090226e-12	1.724127e-09	1.272786e-11	9.974900e+01	
80  5256.91	2.248570e+00	1.146809e-01	1.044048e+00	9.396028e-02	2.303259e-09	2.193123e-09	1.090226e-12	1.724127e-09	1.272786e-11	9.983008e+01	
130  5257.02	2.248570e+00	1.146809e-01	1.044048e+00	9.396028e-02	2.303259e-09	2.193123e-09	1.090226e-12	1.724127e-09	1.272786e-11	1.002640e+02	
20  5256.95	2.248570e+00	1.146809e-01	1.044048e+00	9.396028e-02	2.303259e-09	2.193123e-09	1.090226e-12	1.724127e-09	1.272786e-11	1.002463e+02	
10  5256.66	2.248570e+00	1.146809e-01	1.044048e+00	9.396028e-02	2.303259e-09	2.193123e-09	1.090226e-12	1.724127e-09	1.272786e-11	9.993214e+01	
50  5257.73	2.248570e+00	1.146809e-01	1.044048e+00	9.396028e-02	2.303259e-09	2.193123e-09	1.090226e-12	1.724127e-09	1.272786e-11	9.965470e+01	
60  5258.55	2.248570e+00	1.146809e-01	1.044048e+00	9.396028e-02	2.303259e-09	2.193123e-09	1.090226e-12	1.724127e-09	1.272786e-11	1.005251e+02	
40  5256.64	2.248570e+00	1.146809e-01	1.044048e+00	9.396028e-02	2.303259e-09	2.193123e-09	1.090226e-12	1.724127e-09	1.272786e-11	9.994149e+01	
10  5256.59	2.248570e+00	1.146809e-01	1.044048e+00	9.396028e-02	2.303259e-09	2.193123e-09	1.090226e-12	1.724127e-09	1.272786e-11	1.000035e+02	
20  5256.69	2.248570e+00	1.146809e-01	1.044048e+00	9.396028e-02	2.303259e-09	2.193123e-09	1.090226e-12	1.724127e-09	1.272786e-11	1.001494e+02	
70  5256.63	2.248570e+00	1.146809e-01	1.044048e+00	9.396028e-02	2.303259e-09	2.193123e-09	1.090226e-12	1.724127e-09	1.272786e-11	9.995518e+01	
17  5256.58	2.248570e+00	1.146809e-01	1.044048e+00	9.396028e-02	2.303259e-09	2.193123e-09	1.090226e-12	1.724127e-09	1.272786e-11	1.000289e+02	
38  5255.39	2.238339e+00	1.152240e-01	1.043135e+00	9.502186e-02	2.336543e-09	2.203835e-09	1.977896e-11	6.672657e-10	2.008923e-11	1.004325e+02	
13  5255.32	2.234870e+00	1.156818e-01	1.043354e+00	7.999789e-02	2.286835e-09	2.138335e-09	1.291888e-11	1.590002e-09	2.780201e-11	9.984125e+01	
2  5254.42	2.265210e+00	1.170320e-01	1.041961e+00	7.345431e-02	2.336968e-09	2.110020e-09	4.305776e-11	6.617421e-10	-4.478681e-12	9.963581e+01	
2  5253.18	2.265210e+00	1.170320e-01	1.041961e+00	7.345431e-02	2.336968e-09	2.110020e-09	4.305776e-11	6.617421e-10	-4.478681e-12	1.001855e+02	
88  5251.61	2.240819e+00	1.172364e-01	1.042092e+00	6.666399e-02	2.300471e-09	2.082641e-09	3.941468e-11	6.941444e-10	6.828975e-12	1.001195e+02	
40  5251.97	2.240819e+00	1.172364e-01	1.042092e+00	6.666399e-02	2.300471e-09	2.082641e-09	3.941468e-11	6.941444e-10	6.828975e-12	9.982709e+01	
80  5251.91	2.240819e+00	1.172364e-01	1.042092e+00	6.666399e-02	2.300471e-09	2.082641e-09	3.941468e-11	6.941444e-10	6.828975e-12	1.002548e+02	
10  5251.61	2.240819e+00	1.172364e-01	1.042092e+00	6.666399e-02	2.300471e-09	2.082641e-09	3.941468e-11	6.941444e-10	6.828975e-12	1.001146e+02	
20  5251.58	2.240819e+00	1.172364e-01	1.042092e+00	6.666399e-02	2.300471e-09	2.082641e-09	3.941468e-11	6.941444e-10	6.828975e-12	1.000083e+02	
60  5251.86	2.240819e+00	1.172364e-01	1.042092e+00	6.666399e-02	2.300471e-09	2.082641e-09	3.941468e-11	6.941444e-10	6.828975e-12	1.002375e+02	
60  5251.95	2.240819e+00	1.172364e-01	1.042092e+00	6.666399e-02	2.300471e-09	2.082641e-09	3.941468e-11	6.941444e-10	6.828975e-12	1.002658e+02	
130  5251.71	2.240819e+00	1.172364e-01	1.042092e+00	6.666399e-02	2.300471e-09	2.082641e-09	3.941468e-11	6.941444e-10	6.828975e-12	9.991836e+01	
24  5251.59	2.240819e+00	1.172364e-01	1.042092e+00	6.666399e-02	2.300471e-09	2.082641e-09	3.941468e-11	6.941444e-10	6.828975e-12	9.999507e+01	
46  5254.76	2.233459e+00	1.165779e-01	1.042353e+00	7.193998e-02	2.255130e-09	2.107910e-09	4.744467e-11	8.047005e-10	1.610958e-11	1.000304e+02	
19  5254.78	2.233459e+00	1.165779e-01	1.042353e+00	7.193998e-02	2.255130e-09	2.107910e-09	4.744467e-11	8.047005e-10	1.610958e-11	1.000966e+02	
41  5253.99	2.262027e+00	1.156584e-01	1.041848e+00	8.721741e-02	2.351897e-09	2.169470e-09	1.014383e-11	9.412496e-10	8.381008e-12	1.003021e+02	
10  5255.7	2.262027e+00	1.156584e-01	1.041848e+00	8.721741e-02	2.351897e-09	2.169470e-09	1.014383e-11	9.412496e-10	8.381008e-12	9.951469e+01	
60  5253.96	2.262027e+00	1.156584e-01	1.041848e+00	8.721741e-02	2.351897e-09	2.169470e-09	1.014383e-11	9.412496e-10	8.381008e-12	9.979099e+01	
60  5253.46	2.262027e+00	1.156584e-01	1.041848e+00	8.721741e-02	2.351897e-09	2.169470e-09	1.014383e-11	9.412496e-10	8.381008e-12	9.999291e+01	
48  5253.49	2.262027e+00	1.156584e-01	1.041848e+00	8.721741e-02	2.351897e-09	2.169470e-09	1.014383e-11	9.412496e-10	8.381008e-12	1.001227e+02	
52  5253.33	2.268009e+00	1.162322e-01	1.041883e+00	7.919556e-02	2.339208e-09	2.135870e-09	2.992303e-11	3.216768e-10	-1.410819e-11	9.985250e+01	
11  5253.15	2.268009e+00	1.162322e-01	1.041883e+00	7.919556e-02	2.339208e-09	2.135870e-09	2.992303e-11	3.216768e-10	-1.410819e-11	1.001552e+02	
19  5253.78	2.257359e+00	1.163647e-01	1.041872e+00	6.924599e-02	2.312126e-09	2.097448e-09	3.262941e-11	2.019722e-11	2.310187e-12	9.992467e+01	
26  5253.67	2.257359e+00	1.163647e-01	1.041872e+00	6.924599e-02	2.312126e-09	2.097448e-09	3.262941e-11	2.019722e-11	2.310187e-12	1.000941e+02	
114  5253.59	2.247463e+00	1.160514e-01	1.041680e+00	7.183700e-02	2.292130e-09	2.106317e-09	2.238334e-11	6.225718e-10	-3.919541e-12	9.997276e+01	
60  5253.65	2.247463e+00	1.160514e-01	1.041680e+00	7.183700e-02	2.292130e-09	2.106317e-09	2.238334e-11	6.225718e-10	-3.919541e-12	9.993101e+01	
70  5253.57	2.247463e+00	1.160514e-01	1.041680e+00	7.183700e-02	2.292130e-09	2.106317e-09	2.238334e-11	6.225718e-10	-3.919541e-12	1.000657e+02	
40  5253.71	2.247463e+00	1.160514e-01	1.041680e+00	7.183700e-02	2.292130e-09	2.106317e-09	2.238334e-11	6.225718e-10	-3.919541e-12	1.001744e+02	
20  5253.7	2.247463e+00	1.160514e-01	1.041680e+00	7.183700e-02	2.292130e-09	2.106317e-09	2.238334e-11	6.225718e-10	-3.919541e-12	9.990692e+01	
80  5253.65	2.247463e+00	1.160514e-01	1.041680e+00	7.183700e-02	2.292130e-09	2.106317e-09	2.238334e-11	6.225718e-10	-3.919541e-12	9.993412e+01	
50  5253.67	2.247463e+00	1.160514e-01	1.041680e+00	7.183700e-02	2.292130e-09	2.106317e-09	2.238334e-11	6.225718e-10	-3.919541e-12	9.992099e+01	
13  5256.74	2.247463e+00	1.160514e-01	1.041680e+00	7.183700e-02	2.292130e-09	2.106317e-09	2.238334e-11	6.225718e-10	-3.919541e-12	1.006634e+02	
1  5256.94	2.232648e+00	1.166546e-01	1.041341e+00	6.351685e-02	2.308533e-09	2.068663e-09	2.244771e-11	5.741064e-10	-1.924653e-11	1.005228e+02	
18  5256.97	2.244087e+00	1.157051e-01	1.042178e+00	7.261160e-02	2.292662e-09	2.102416e-09	4.689333e-12	1.888694e-09	-6.870168e-12	1.005373e+02	
28  5256.18	2.228416e+00	1.181388e-01	1.042155e+00	4.906837e-02	2.209480e-09	2.004714e-09	3.851141e-12	2.902823e-09	1.085061e-11	1.002101e+02	
1  5256.72	2.228416e+00	1.181388e-01	1.042155e+00	4.906837e-02	2.209480e-09	2.004714e-09	3.851141e-12	2.902823e-09	1.085061e-11	1.003448e+02	
9  5256.78	2.246713e+00	1.152625e-01	1.041939e+00	5.809209e-02	2.262149e-09	2.038598e-09	2.052832e-11	1.192905e-09	-1.007260e-11	9.988147e+01	
5  5256.81	2.246713e+00	1.152625e-01	1.041939e+00	5.809209e-02	2.262149e-09	2.038598e-09	2.052832e-11	1.192905e-09	-1.007260e-11	1.002026e+02	
5  5256.87	2.259878e+00	1.144298e-01	1.042093e+00	6.683006e-02	2.276430e-09	2.073052e-09	3.135219e-11	1.134916e-09	-6.108781e-13	1.003592e+02	
40  5256.53	2.259878e+00	1.144298e-01	1.042093e+00	6.683006e-02	2.276430e-09	2.073052e-09	3.135219e-11	1.134916e-09	-6.108781e-13	9.979914e+01	
35  5256.34	2.259878e+00	1.144298e-01	1.042093e+00	6.683006e-02	2.276430e-09	2.073052e-09	3.135219e-11	1.134916e-09	-6.108781e-13	9.985559e+01	
17  5256.37	2.268202e+00	1.164491e-01	1.042018e+00	5.412906e-02	2.303195e-09	2.028632e-09	5.575942e-12	4.073166e-10	-4.583741e-12	9.995006e+01	
22  5256.78	2.249454e+00	1.149913e-01	1.041631e+00	6.467273e-02	2.276104e-09	2.065093e-09	4.805614e-11	8.501303e-10	-1.652946e-12	9.998773e+01	
5  5257.39	2.259460e+00	1.159427e-01	1.041144e+00	5.991245e-02	2.271246e-09	2.048497e-09	1.487813e-11	1.128248e-09	1.641039e-12	9.984856e+01	
31  5255.85	2.247681e+00	1.182993e-01	1.041444e+00	4.681926e-02	2.278881e-09	2.001140e-09	5.469009e-11	2.465061e-10	-7.738375e-12	1.002890e+02	
230  5255.43	2.247681e+00	1.182993e-01	1.041444e+00	4.681926e-02	2.278881e-09	2.001140e-09	5.469009e-11	2.465061e-10	-7.738375e-12	1.000013e+02	
90  5256.39	2.247681e+00	1.182993e-01	1.041444e+00	4.681926e-02	2.278881e-09	2.001140e-09	5.469009e-11	2.465061e-10	-7.738375e-12	9.970511e+01	
2  5255.47	2.247681e+00	1.182993e-01	1.041444e+00	4.681926e-02	2.278881e-09	2.001140e-09	5.469009e-11	2.465061e-10	-7.738375e-12	9.996228e+01	
148  5258.06	2.243766e+00	1.181236e-01	1.042430e+00	4.525576e-02	2.238194e-09	1.997436e-09	4.860334e-11	4.640230e-11	3.088205e-11	1.001505e+02	
20  5258.02	2.243766e+00	1.181236e-01	1.042430e+00	4.525576e-02	2.238194e-09	1.997436e-09	4.860334e-11	4.640230e-11	3.088205e-11	1.000021e+02	
30  5260.12	2.243766e+00	1.181236e-01	1.042430e+00	4.525576e-02	2.238194e-09	1.997436e-09	4.860334e-11	4.640230e-11	3.088205e-11	1.005749e+02	
30  5259.61	2.243766e+00	1.181236e-01	1.042430e+00	4.525576e-02	2.238194e-09	1.997436e-09	4.860334e-11	4.640230e-11	3.088205e-11	1.005088e+02	
40  5258	2.243766e+00	1.181236e-01	1.042430e+00	4.525576e-02	2.238194e-09	1.997436e-09	4.860334e-11	4.640230e-11	3.088205e-11	1.000379e+02	
50  5258.52	2.243766e+00	1.181236e-01	1.042430e+00	4.525576e-02	2.238194e-09	1.997436e-09	4.860334e-11	4.640230e-11	3.088205e-11	1.003171e+02	
9  5259.64	2.243766e+00	1.181236e-01	1.042430e+00	4.525576e-02	2.238194e-09	1.997436e-09	4.860334e-11	4.640230e-11	3.088205e-11	1.005129e+02	
6  5261.4	2.256115e+00	1.177863e-01	1.042374e+00	4.753225e-02	2.234182e-09	2.006543e-09	7.714225e-11	4.544861e-10	1.785481e-11	1.003434e+02	
5  5259.66	2.251171e+00	1.171095e-01	1.041296e+00	4.477359e-02	2.267282e-09	1.988649e-09	4.809807e-11	5.688816e-10	-1.671455e-11	9.970952e+01	
40  5261.23	2.251171e+00	1.171095e-01	1.041296e+00	4.477359e-02	2.267282e-09	1.988649e-09	4.809807e-11	5.688816e-10	-1.671455e-11	9.949304e+01	
10  5258.91	2.251171e+00	1.171095e-01	1.041296e+00	4.477359e-02	2.267282e-09	1.988649e-09	4.809807e-11	5.688816e-10	-1.671455e-11	1.001990e+02	
50  5259.67	2.251171e+00	1.171095e-01	1.041296e+00	4.477359e-02	2.267282e-09	1.988649e-09	4.809807e-11	5.688816e-10	-1.671455e-11	1.003897e+02	
1  5258.89	2.251171e+00	1.171095e-01	1.041296e+00	4.477359e-02	2.267282e-09	1.988649e-09	4.809807e-11	5.688816e-10	-1.671455e-11	9.991029e+01	
2  5258.63	2.255767e+00	1.161115e-01	1.040936e+00	5.671824e-02	2.272835e-09	2.031387e-09	3.349437e-11	1.340938e-09	-1.330555e-11	9.993518e+01	
35  5258.39	2.249517e+00	1.163318e-01	1.041364e+00	5.783497e-02	2.286639e-09	2.041164e-09	2.739609e-11	7.528361e-10	6.096270e-12	1.003563e+02	
32  5259.12	2.221446e+00	1.169602e-01	1.041414e+00	5.142960e-02	2.217858e-09	2.014837e-09	1.456731e-11	9.372824e-10	1.714040e-11	1.003108e+02	
1  5258.78	2.221446e+00	1.169602e-01	1.041414e+00	5.142960e-02	2.217858e-09	2.014837e-09	1.456731e-11	9.372824e-10	1.714040e-11	1.002194e+02	
29  5253.43	2.246487e+00	1.174337e-01	1.041748e+00	4.642698e-02	2.247961e-09	1.998488e-09	2.770304e-11	3.008287e-10	-1.908363e-11	9.999172e+01	
1  5253.82	2.246487e+00	1.174337e-01	1.041748e+00	4.642698e-02	2.247961e-09	1.998488e-09	2.770304e-11	3.008287e-10	-1.908363e-11	9.981280e+01	
49  5252.53	2.242060e+00	1.178923e-01	1.041681e+00	4.958666e-02	2.272198e-09	2.012408e-09	1.913318e-11	1.328737e-10	-1.663897e-11	1.001791e+02	
30  5253.34	2.242060e+00	1.178923e-01	1.041681e+00	4.958666e-02	2.272198e-09	2.012408e-09	1.913318e-11	1.328737e-10	-1.663897e-11	1.003857e+02	
110  5252.66	2.242060e+00	1.178923e-01	1.041681e+00	4.958666e-02	2.272198e-09	2.012408e-09	1.913318e-11	1.328737e-10	-1.663897e-11	9.984701e+01	
120  5252.37	2.242060e+00	1.178923e-01	1.041681e+00	4.958666e-02	2.272198e-09	2.012408e-09	1.913318e-11	1.328737e-10	-1.663897e-11	1.000220e+02	
200  5252.7	2.242060e+00	1.178923e-01	1.041681e+00	4.958666e-02	2.272198e-09	2.012408e-09	1.913318e-11	1.328737e-10	-1.663897e-11	1.002417e+02	
38  5252.98	2.242060e+00	1.178923e-01	1.041681e+00	4.958666e-02	2.272198e-09	2.012408e-09	1.913318e-11	1.328737e-10	-1.663897e-11	9.976270e+01	
12  5252.68	2.229028e+00	1.176766e-01	1.041979e+00	4.957255e-02	2.227241e-09	2.008898e-09	1.504641e-11	1.310540e-09	-5.670043e-13	9.969549e+01	
30  5252.88	2.229028e+00	1.176766e-01	1.041979e+00	4.957255e-02	2.227241e-09	2.008898e-09	1.504641e-11	1.310540e-09	-5.670043e-13	9.965976e+01	
130  5252.74	2.229028e+00	1.176766e-01	1.041979e+00	4.957255e-02	2.227241e-09	2.008898e-09	1.504641e-11	1.310540e-09	-5.670043e-13	9.968486e+01	
20  5252.39	2.229028e+00	1.176766e-01	1.041979e+00	4.957255e-02	2.227241e-09	2.008898e-09	1.504641e-11	1.310540e-09	-5.670043e-13	1.003144e+02	
231  5252.32	2.229028e+00	1.176766e-01	1.041979e+00	4.957255e-02	2.227241e-09	2.008898e-09	1.504641e-11	1.310540e-09	-5.670043e-13	1.002982e+02	
19  5252.18	2.237967e+00	1.166223e-01	1.042295e+00	5.093294e-02	2.230921e-09	2.016626e-09	1.430018e-11	1.117904e-09	7.120610e-12	1.001005e+02	
20  5253.64	2.237967e+00	1.166223e-01	1.042295e+00	5.093294e-02	2.230921e-09	2.016626e-09	1.430018e-11	1.117904e-09	7.120610e-12	1.004678e+02	
10  5253.62	2.237967e+00	1.166223e-01	1.042295e+00	5.093294e-02	2.230921e-09	2.016626e-09	1.430018e-11	1.117904e-09	7.120610e-12	9.960970e+01	
10  5252.25	2.237967e+00	1.166223e-01	1.042295e+00	5.093294e-02	2.230921e-09	2.016626e-09	1.430018e-11	1.117904e-09	7.120610e-12	1.001524e+02	
70  5252.43	2.237967e+00	1.166223e-01	1.042295e+00	5.093294e-02	2.230921e-09	2.016626e-09	1.430018e-11	1.117904e-09	7.120610e-12	1.002250e+02	
50  5252.32	2.237967e+00	1.166223e-01	1.042295e+00	5.093294e-02	2.230921e-09	2.016626e-09	1.430018e-11	1.117904e-09	7.120610e-12	9.989026e+01	
10  5252.16	2.237967e+00	1.166223e-01	1.042295e+00	5.093294e-02	2.230921e-09	2.016626e-09	1.430018e-11	1.117904e-09	7.120610e-12	1.000770e+02	
100  5252.66	2.237967e+00	1.166223e-01	1.042295e+00	5.093294e-02	2.230921e-09	2.016626e-09	1.430018e-11	1.117904e-09	7.120610e-12	9.978394e+01	
30  5254.7	2.237967e+00	1.166223e-01	1.042295e+00	5.093294e-02	2.230921e-09	2.016626e-09	1.430018e-11	1.117904e-09	7.120610e-12	1.005996e+02	
28  5253.72	2.237967e+00	1.166223e-01	1.042295e+00	5.093294e-02	2.230921e-09	2.016626e-09	1.430018e-11	1.117904e-09	7.120610e-12	9.959605e+01	
22  5254.43	2.267955e+00	1.171292e-01	1.041918e+00	5.907853e-02	2.302260e-09	2.048990e-09	1.346338e-11	1.442448e-09	-1.314265e-11	9.986229e+01	
10  5254.73	2.267955e+00	1.171292e-01	1.041918e+00	5.907853e-02	2.302260e-09	2.048990e-09	1.346338e-11	1.442448e-09	-1.314265e-11	9.977982e+01	
50  5254.22	2.267955e+00	1.171292e-01	1.041918e+00	5.907853e-02	2.302260e-09	2.048990e-09	1.346338e-11	1.442448e-09	-1.314265e-11	9.997288e+01	
10  5254.33	2.267955e+00	1.171292e-01	1.041918e+00	5.907853e-02	2.302260e-09	2.048990e-09	1.346338e-11	1.442448e-09	-1.314265e-11	9.990207e+01	
34  5254.64	2.267955e+00	1.171292e-01	1.041918e+00	5.907853e-02	2.302260e-09	2.048990e-09	1.346338e-11	1.442448e-09	-1.314265e-11	9.980078e+01	
46  5255.23	2.262215e+00	1.167369e-01	1.041936e+00	6.005833e-02	2.303278e-09	2.050531e-09	2.864803e-11	1.116965e-09	-1.288835e-11	9.982632e+01	
5  5255.17	2.262215e+00	1.167369e-01	1.041936e+00	6.005833e-02	2.303278e-09	2.050531e-09	2.864803e-11	1.116965e-09	-1.288835e-11	1.002441e+02	
65  5255.53	2.272934e+00	1.159628e-01	1.041642e+00	7.056732e-02	2.325424e-09	2.090290e-09	2.873460e-11	8.962824e-10	-1.867687e-11	1.003515e+02	
60  5255.26	2.272934e+00	1.159628e-01	1.041642e+00	7.056732e-02	2.325424e-09	2.090290e-09	2.873460e-11	8.962824e-10	-1.867687e-11	9.978962e+01	
58  5255.28	2.272934e+00	1.159628e-01	1.041642e+00	7.056732e-02	2.325424e-09	2.090290e-09	2.873460e-11	8.962824e-10	-1.867687e-11	9.978580e+01	
40  5257.77	2.250433e+00	1.147928e-01	1.041981e+00	6.500648e-02	2.252835e-09	2.066321e-09	1.987565e-11	3.965512e-10	2.628325e-11	9.950311e+01	
2  5257.04	2.258430e+00	1.142076e-01	1.041931e+00	7.684700e-02	2.341393e-09	2.119445e-09	4.097184e-11	2.500377e-10	-2.083616e-12	9.989239e+01	
10  5257.22	2.258430e+00	1.142076e-01	1.041931e+00	7.684700e-02	2.341393e-09	2.119445e-09	4.097184e-11	2.500377e-10	-2.083616e-12	1.002708e+02	
16  5257.2	2.258430e+00	1.142076e-01	1.041931e+00	7.684700e-02	2.341393e-09	2.119445e-09	4.097184e-11	2.500377e-10	-2.083616e-12	1.002640e+02	
14  5261.26	2.248827e+00	1.136952e-01	1.041744e+00	7.554670e-02	2.334328e-09	2.108836e-09	1.151350e-11	2.313170e-10	1.630846e-11	1.001228e+02	
43  5261.98	2.248827e+00	1.136952e-01	1.041744e+00	7.554670e-02	2.334328e-09	2.108836e-09	1.151350e-11	2.313170e-10	1.630846e-11	9.974157e+01	
17  5260.59	2.246639e+00	1.159781e-01	1.041491e+00	6.015200e-02	2.321351e-09	2.044890e-09	3.322008e-12	1.362554e-09	3.612553e-12	9.956452e+01	
50  5259.1	2.246639e+00	1.159781e-01	1.041491e+00	6.015200e-02	2.321351e-09	2.044890e-09	3.322008e-12	1.362554e-09	3.612553e-12	9.982765e+01	
30  5258.71	2.246639e+00	1.159781e-01	1.041491e+00	6.015200e-02	2.321351e-09	2.044890e-09	3.322008e-12	1.362554e-09	3.612553e-12	1.000488e+02	
100  5258.74	2.246639e+00	1.159781e-01	1.041491e+00	6.015200e-02	2.321351e-09	2.044890e-09	3.322008e-12	1.362554e-09	3.612553e-12	9.998347e+01	
17  5259.67	2.246639e+00	1.159781e-01	1.041491e+00	6.015200e-02	2.321351e-09	2.044890e-09	3.322008e-12	1.362554e-09	3.612553e-12	1.003916e+02	
13  5260.55	2.255429e+00	1.176684e-01	1.041021e+00	5.552634e-02	2.345373e-09	2.031903e-09	8.206842e-11	9.585997e-11	-5.808308e-11	1.005409e+02	
20  5258.63	2.255429e+00	1.176684e-01	1.041021e+00	5.552634e-02	2.345373e-09	2.031903e-09	8.206842e-11	9.585997e-11	-5.808308e-11	1.000347e+02	
10  5259.23	2.255429e+00	1.176684e-01	1.041021e+00	5.552634e-02	2.345373e-09	2.031903e-09	8.206842e-11	9.585997e-11	-5.808308e-11	1.003252e+02	
20  5259.01	2.255429e+00	1.176684e-01	1.041021e+00	5.552634e-02	2.345373e-09	2.031903e-09	8.206842e-11	9.585997e-11	-5.808308e-11	9.983455e+01	
106  5258.84	2.255429e+00	1.176684e-01	1.041021e+00	5.552634e-02	2.345373e-09	2.031903e-09	8.206842e-11	9.585997e-11	-5.808308e-11	9.989131e+01	
16  5255.07	2.249543e+00	1.188753e-01	1.041582e+00	4.686794e-02	2.263154e-09	1.999894e-09	2.975075e-11	6.372722e-10	-1.662517e-11	9.988948e+01	
23  5257.37	2.238140e+00	1.160063e-01	1.041355e+00	5.720917e-02	2.250777e-09	2.036944e-09	2.144172e-11	6.139483e-10	1.094083e-11	9.959945e+01	
265  5252.34	2.237985e+00	1.170772e-01	1.041200e+00	6.128488e-02	2.285584e-09	2.055182e-09	7.407613e-12	6.393218e-10	-1.388918e-13	1.000627e+02	
30  5252.39	2.237985e+00	1.170772e-01	1.041200e+00	6.128488e-02	2.285584e-09	2.055182e-09	7.407613e-12	6.393218e-10	-1.388918e-13	1.001211e+02	
30  5252.88	2.237985e+00	1.170772e-01	1.041200e+00	6.128488e-02	2.285584e-09	2.055182e-09	7.407613e-12	6.393218e-10	-1.388918e-13	9.977769e+01	
100  5252.44	2.237985e+00	1.170772e-01	1.041200e+00	6.128488e-02	2.285584e-09	2.055182e-09	7.407613e-12	6.393218e-10	-1.388918e-13	1.001505e+02	
190  5252.41	2.237985e+00	1.170772e-01	1.041200e+00	6.128488e-02	2.285584e-09	2.055182e-09	7.407613e-12	6.393218e-10	-1.388918e-13	9.994174e+01	
50  5252.54	2.237985e+00	1.170772e-01	1.041200e+00	6.128488e-02	2.285584e-09	2.055182e-09	7.407613e-12	6.393218e-10	-1.388918e-13	9.987536e+01	
10  5252.34	2.237985e+00	1.170772e-01	1.041200e+00	6.128488e-02	2.285584e-09	2.055182e-09	7.407613e-12	6.393218e-10	-1.388918e-13	1.000105e+02	
80  5252.42	2.237985e+00	1.170772e-01	1.041200e+00	6.128488e-02	2.285584e-09	2.055182e-09	7.407613e-12	6.393218e-10	-1.388918e-13	1.001398e+02	
30  5252.48	2.237985e+00	1.170772e-01	1.041200e+00	6.128488e-02	2.285584e-09	2.055182e-09	7.407613e-12	6.393218e-10	-1.388918e-13	1.001722e+02	
40  5253.35	2.237985e+00	1.170772e-01	1.041200e+00	6.128488e-02	2.285584e-09	2.055182e-09	7.407613e-12	6.393218e-10	-1.388918e-13	1.003915e+02	
70  5253.33	2.237985e+00	1.170772e-01	1.041200e+00	6.128488e-02	2.285584e-09	2.055182e-09	7.407613e-12	6.393218e-10	-1.388918e-13	9.968508e+01	
50  5255.38	2.237985e+00	1.170772e-01	1.041200e+00	6.128488e-02	2.285584e-09	2.055182e-09	7.407613e-12	6.393218e-10	-1.388918e-13	1.006507e+02	
26  5255.09	2.237985e+00	1.170772e-01	1.041200e+00	6.128488e-02	2.285584e-09	2.055182e-09	7.407613e-12	6.393218e-10	-1.388918e-13	1.006204e+02	
15  5254.12	2.266460e+00	1.140085e-01	1.041612e+00	7.241162e-02	2.271502e-09	2.097291e-09	2.025597e-11	7.735064e-10	-5.962487e-12	9.994756e+01	
4  5259.11	2.243189e+00	1.162463e-01	1.041253e+00	5.022659e-02	2.235304e-09	2.003232e-09	3.026334e-11	6.309766e-10	-5.140925e-12	9.976757e+01	
4  5260.57	2.261425e+00	1.177080e-01	1.041527e+00	5.114148e-02	2.246723e-09	2.009445e-09	4.134969e-11	1.332891e-09	-1.668798e-11	1.000886e+02	
25  5258.08	2.260099e+00	1.178098e-01	1.041534e+00	5.385474e-02	2.239770e-09	2.025334e-09	3.118056e-11	9.084667e-10	2.470919e-13	1.003334e+02	
16  5258.28	2.264723e+00	1.164366e-01	1.042416e+00	6.685705e-02	2.290119e-09	2.083859e-09	4.748395e-11	4.297425e-10	-5.613455e-12	1.007442e+02	
13  5257.62	2.264723e+00	1.164366e-01	1.042416e+00	6.685705e-02	2.290119e-09	2.083859e-09	4.748395e-11	4.297425e-10	-5.613455e-12	1.006827e+02	
17  5258.43	2.255987e+00	1.142568e-01	1.042329e+00	5.952965e-02	2.202324e-09	2.047690e-09	4.928171e-11	8.592196e-10	2.361447e-11	9.966831e+01	
10  5259.22	2.255987e+00	1.142568e-01	1.042329e+00	5.952965e-02	2.202324e-09	2.047690e-09	4.928171e-11	8.592196e-10	2.361447e-11	1.005343e+02	
40  5258.19	2.255987e+00	1.142568e-01	1.042329e+00	5.952965e-02	2.202324e-09	2.047690e-09	4.928171e-11	8.592196e-10	2.361447e-11	1.003803e+02	
10  5257.56	2.255987e+00	1.142568e-01	1.042329e+00	5.952965e-02	2.202324e-09	2.047690e-09	4.928171e-11	8.592196e-10	2.361447e-11	1.002305e+02	
40  5258.29	2.255987e+00	1.142568e-01	1.042329e+00	5.952965e-02	2.202324e-09	2.047690e-09	4.928171e-11	8.592196e-10	2.361447e-11	9.969161e+01	
33  5258.22	2.255987e+00	1.142568e-01	1.042329e+00	5.952965e-02	2.202324e-09	2.047690e-09	4.928171e-11	8.592196e-10	2.361447e-11	9.970487e+01	
28  5259.24	2.247720e+00	1.150307e-01	1.041802e+00	7.167883e-02	2.319152e-09	2.100347e-09	6.622265e-11	2.297943e-10	-3.788495e-11	1.004588e+02	
3  5256.89	2.266019e+00	1.147453e-01	1.041807e+00	7.595818e-02	2.331530e-09	2.117202e-09	6.537698e-11	1.671786e-10	-2.939943e-11	1.005060e+02	
6  5255.37	2.262601e+00	1.166310e-01	1.041961e+00	6.083961e-02	2.284127e-09	2.055440e-09	3.558927e-11	1.061471e-10	-2.046774e-14	1.004930e+02	
91  5253.92	2.262601e+00	1.166310e-01	1.041961e+00	6.083961e-02	2.284127e-09	2.055440e-09	3.558927e-11	1.061471e-10	-2.046774e-14	9.990219e+01	
79  5252.61	2.249577e+00	1.147313e-01	1.042188e+00	6.916803e-02	2.263213e-09	2.091934e-09	2.178778e-11	2.887268e-10	1.177622e-11	9.976234e+01	
50  5252.15	2.249577e+00	1.147313e-01	1.042188e+00	6.916803e-02	2.263213e-09	2.091934e-09	2.178778e-11	2.887268e-10	1.177622e-11	1.001790e+02	
80  5251.99	2.249577e+00	1.147313e-01	1.042188e+00	6.916803e-02	2.263213e-09	2.091934e-09	2.178778e-11	2.887268e-10	1.177622e-11	1.000481e+02	
50  5252.52	2.249577e+00	1.147313e-01	1.042188e+00	6.916803e-02	2.263213e-09	2.091934e-09	2.178778e-11	2.887268e-10	1.177622e-11	1.002945e+02	
40  5253.33	2.249577e+00	1.147313e-01	1.042188e+00	6.916803e-02	2.263213e-09	2.091934e-09	2.178778e-11	2.887268e-10	1.177622e-11	9.963334e+01	
50  5252.04	2.249577e+00	1.147313e-01	1.042188e+00	6.916803e-02	2.263213e-09	2.091934e-09	2.178778e-11	2.887268e-10	1.177622e-11	1.001171e+02	
177  5252.34	2.249577e+00	1.147313e-01	1.042188e+00	6.916803e-02	2.263213e-09	2.091934e-09	2.178778e-11	2.887268e-10	1.177622e-11	9.983248e+01	
13  5252.34	2.240731e+00	1.163705e-01	1.041784e+00	6.157355e-02	2.303575e-09	2.061047e-09	3.020677e-12	8.288064e-10	-2.563396e-13	9.998748e+01	
80  5254.89	2.240731e+00	1.163705e-01	1.041784e+00	6.157355e-02	2.303575e-09	2.061047e-09	3.020677e-12	8.288064e-10	-2.563396e-13	1.006051e+02	
10  5254.23	2.240731e+00	1.163705e-01	1.041784e+00	6.157355e-02	2.303575e-09	2.061047e-09	3.020677e-12	8.288064e-10	-2.563396e-13	1.005272e+02	
102  5253.41	2.240731e+00	1.163705e-01	1.041784e+00	6.157355e-02	2.303575e-09	2.061047e-09	3.020677e-12	8.288064e-10	-2.563396e-13	1.004089e+02	
32  5256.4	2.227663e+00	1.135371e-01	1.042331e+00	7.013924e-02	2.223947e-09	2.090316e-09	2.728526e-11	7.154250e-10	2.165639e-11	1.000291e+02	
14  5256.59	2.244124e+00	1.133533e-01	1.042622e+00	7.178703e-02	2.251787e-09	2.099288e-09	3.526685e-11	3.116748e-10	3.258474e-11	1.001728e+02	
2  5253.87	2.239088e+00	1.142767e-01	1.042033e+00	7.094763e-02	2.248442e-09	2.093281e-09	3.224999e-11	8.974435e-10	2.633886e-12	1.001068e+02	
10  5253.85	2.239088e+00	1.142767e-01	1.042033e+00	7.094763e-02	2.248442e-09	2.093281e-09	3.224999e-11	8.974435e-10	2.633886e-12	9.997546e+01	
40  5254.57	2.239088e+00	1.142767e-01	1.042033e+00	7.094763e-02	2.248442e-09	2.093281e-09	3.224999e-11	8.974435e-10	2.633886e-12	1.003396e+02	
50  5254.48	2.239088e+00	1.142767e-01	1.042033e+00	7.094763e-02	2.248442e-09	2.093281e-09	3.224999e-11	8.974435e-10	2.633886e-12	9.974984e+01	
10  5255.83	2.239088e+00	1.142767e-01	1.042033e+00	7.094763e-02	2.248442e-09	2.093281e-09	3.224999e-11	8.974435e-10	2.633886e-12	9.953686e+01	
20  5254.03	2.239088e+00	1.142767e-01	1.042033e+00	7.094763e-02	2.248442e-09	2.093281e-09	3.224999e-11	8.974435e-10	2.633886e-12	9.987659e+01	
123  5254.38	2.239088e+00	1.142767e-01	1.042033e+00	7.094763e-02	2.248442e-09	2.093281e-09	3.224999e-11	8.974435e-10	2.633886e-12	1.002969e+02	
57  5252.66	2.257259e+00	1.143415e-01	1.042047e+00	6.688955e-02	2.253830e-09	2.074377e-09	9.582822e-12	4.325033e-10	9.707536e-12	1.000745e+02	
30  5256.45	2.257259e+00	1.143415e-01	1.042047e+00	6.688955e-02	2.253830e-09	2.074377e-09	9.582822e-12	4.325033e-10	9.707536e-12	1.007210e+02	
90  5252.68	2.257259e+00	1.143415e-01	1.042047e+00	6.688955e-02	2.253830e-09	2.074377e-09	9.582822e-12	4.325033e-10	9.707536e-12	1.001035e+02	
112  5252.71	2.257259e+00	1.143415e-01	1.042047e+00	6.688955e-02	2.253830e-09	2.074377e-09	9.582822e-12	4.325033e-10	9.707536e-12	9.994251e+01	
88  5253.27	2.257853e+00	1.138805e-01	1.042211e+00	6.643693e-02	2.236796e-09	2.072651e-09	1.347508e-11	9.927928e-10	1.227831e-11	9.973902e+01	
10  5252.85	2.257853e+00	1.138805e-01	1.042211e+00	6.643693e-02	2.236796e-09	2.072651e-09	1.347508e-11	9.927928e-10	1.227831e-11	1.002242e+02	
190  5252.62	2.257853e+00	1.138805e-01	1.042211e+00	6.643693e-02	2.236796e-09	2.072651e-09	1.347508e-11	9.927928e-10	1.227831e-11	1.001210e+02	
30  5253.24	2.257853e+00	1.138805e-01	1.042211e+00	6.643693e-02	2.236796e-09	2.072651e-09	1.347508e-11	9.927928e-10	1.227831e-11	1.003227e+02	
60  5253.01	2.257853e+00	1.138805e-01	1.042211e+00	6.643693e-02	2.236796e-09	2.072651e-09	1.347508e-11	9.927928e-10	1.227831e-11	9.980054e+01	
60  5254.1	2.257853e+00	1.138805e-01	1.042211e+00	6.643693e-02	2.236796e-09	2.072651e-09	1.347508e-11	9.927928e-10	1.227831e-11	1.004700e+02	
60  5254.09	2.257853e+00	1.138805e-01	1.042211e+00	6.643693e-02	2.236796e-09	2.072651e-09	1.347508e-11	9.927928e-10	1.227831e-11	9.960007e+01	
10  5252.6	2.257853e+00	1.138805e-01	1.042211e+00	6.643693e-02	2.236796e-09	2.072651e-09	1.347508e-11	9.927928e-10	1.227831e-11	1.000988e+02	
50  5253.35	2.257853e+00	1.138805e-01	1.042211e+00	6.643693e-02	2.236796e-09	2.072651e-09	1.347508e-11	9.927928e-10	1.227831e-11	1.003458e+02	
30  5252.73	2.257853e+00	1.138805e-01	1.042211e+00	6.643693e-02	2.236796e-09	2.072651e-09	1.347508e-11	9.927928e-10	1.227831e-11	9.989174e+01	
120  5253.26	2.257853e+00	1.138805e-01	1.042211e+00	6.643693e-02	2.236796e-09	2.072651e-09	1.347508e-11	9.927928e-10	1.227831e-11	1.003285e+02	
130  5252.62	2.257853e+00	1.138805e-01	1.042211e+00	6.643693e-02	2.236796e-09	2.072651e-09	1.347508e-11	9.927928e-10	1.227831e-11	1.001200e+02	
20  5253.72	2.257853e+00	1.138805e-01	1.042211e+00	6.643693e-02	2.236796e-09	2.072651e-09	1.347508e-11	9.927928e-10	1.227831e-11	1.004128e+02	
210  5252.8	2.257853e+00	1.138805e-01	1.042211e+00	6.643693e-02	2.236796e-09	2.072651e-09	1.347508e-11	9.927928e-10	1.227831e-11	1.002066e+02	
70  5252.57	2.257853e+00	1.138805e-01	1.042211e+00	6.643693e-02	2.236796e-09	2.072651e-09	1.347508e-11	9.927928e-10	1.227831e-11	1.000496e+02	
20  5253.01	2.257853e+00	1.138805e-01	1.042211e+00	6.643693e-02	2.236796e-09	2.072651e-09	1.347508e-11	9.927928e-10	1.227831e-11	1.002693e+02	
40  5253.18	2.257853e+00	1.138805e-01	1.042211e+00	6.643693e-02	2.236796e-09	2.072651e-09	1.347508e-11	9.927928e-10	1.227831e-11	9.975737e+01	
70  5252.57	2.257853e+00	1.138805e-01	1.042211e+00	6.643693e-02	2.236796e-09	2.072651e-09	1.347508e-11	9.927928e-10	1.227831e-11	1.000130e+02	
20  5252.59	2.257853e+00	1.138805e-01	1.042211e+00	6.643693e-02	2.236796e-09	2.072651e-09	1.347508e-11	9.927928e-10	1.227831e-11	1.000939e+02	
20  5254.69	2.257853e+00	1.138805e-01	1.042211e+00	6.643693e-02	2.236796e-09	2.072651e-09	1.347508e-11	9.927928e-10	1.227831e-11	9.952173e+01	
10  5253.61	2.257853e+00	1.138805e-01	1.042211e+00	6.643693e-02	2.236796e-09	2.072651e-09	1.347508e-11	9.927928e-10	1.227831e-11	9.967551e+01	
30  5253.68	2.257853e+00	1.138805e-01	1.042211e+00	6.643693e-02	2.236796e-09	2.072651e-09	1.347508e-11	9.927928e-10	1.227831e-11	1.004060e+02	
27  5254.65	2.257853e+00	1.138805e-01	1.042211e+00	6.643693e-02	2.236796e-09	2.072651e-09	1.347508e-11	9.927928e-10	1.227831e-11	9.952647e+01	
3  5251.67	2.263464e+00	1.151812e-01	1.042405e+00	6.467574e-02	2.224264e-09	2.067034e-09	7.488025e-12	2.031812e-09	3.989174e-12	9.965371e+01	
40  5251.84	2.263464e+00	1.151812e-01	1.042405e+00	6.467574e-02	2.224264e-09	2.067034e-09	7.488025e-12	2.031812e-09	3.989174e-12	1.004273e+02	
214  5250.88	2.263464e+00	1.151812e-01	1.042405e+00	6.467574e-02	2.224264e-09	2.067034e-09	7.488025e-12	2.031812e-09	3.989174e-12	1.002323e+02	
106  5251.55	2.255079e+00	1.140802e-01	1.042894e+00	6.808283e-02	2.182745e-09	2.080790e-09	5.610307e-12	2.399188e-09	1.123149e-11	1.000618e+02	
30  5251.64	2.255079e+00	1.140802e-01	1.042894e+00	6.808283e-02	2.182745e-09	2.080790e-09	5.610307e-12	2.399188e-09	1.123149e-11	1.001363e+02	
30  5251.77	2.255079e+00	1.140802e-01	1.042894e+00	6.808283e-02	2.182745e-09	2.080790e-09	5.610307e-12	2.399188e-09	1.123149e-11	1.001891e+02	
90  5251.69	2.255079e+00	1.140802e-01	1.042894e+00	6.808283e-02	2.182745e-09	2.080790e-09	5.610307e-12	2.399188e-09	1.123149e-11	1.001570e+02	
70  5252.11	2.255079e+00	1.140802e-01	1.042894e+00	6.808283e-02	2.182745e-09	2.080790e-09	5.610307e-12	2.399188e-09	1.123149e-11	1.002860e+02	
70  5251.8	2.255079e+00	1.140802e-01	1.042894e+00	6.808283e-02	2.182745e-09	2.080790e-09	5.610307e-12	2.399188e-09	1.123149e-11	1.002013e+02	
10  5252.07	2.255079e+00	1.140802e-01	1.042894e+00	6.808283e-02	2.182745e-09	2.080790e-09	5.610307e-12	2.399188e-09	1.123149e-11	1.002773e+02	
140  5251.97	2.255079e+00	1.140802e-01	1.042894e+00	6.808283e-02	2.182745e-09	2.080790e-09	5.610307e-12	2.399188e-09	1.123149e-11	1.002521e+02	
40  5252.5	2.255079e+00	1.140802e-01	1.042894e+00	6.808283e-02	2.182745e-09	2.080790e-09	5.610307e-12	2.399188e-09	1.123149e-11	1.003652e+02	
270  5251.85	2.255079e+00	1.140802e-01	1.042894e+00	6.808283e-02	2.182745e-09	2.080790e-09	5.610307e-12	2.399188e-09	1.123149e-11	1.002171e+02	
20  5252.1	2.255079e+00	1.140802e-01	1.042894e+00	6.808283e-02	2.182745e-09	2.080790e-09	5.610307e-12	2.399188e-09	1.123149e-11	1.002837e+02	
220  5251.78	2.255079e+00	1.140802e-01	1.042894e+00	6.808283e-02	2.182745e-09	2.080790e-09	5.610307e-12	2.399188e-09	1.123149e-11	1.001927e+02	
20  5251.64	2.255079e+00	1.140802e-01	1.042894e+00	6.808283e-02	2.182745e-09	2.080790e-09	5.610307e-12	2.399188e-09	1.123149e-11	9.990344e+01	
90  5251.57	2.255079e+00	1.140802e-01	1.042894e+00	6.808283e-02	2.182745e-09	2.080790e-09	5.610307e-12	2.399188e-09	1.123149e-11	1.000856e+02	
380  5251.59	2.255079e+00	1.140802e-01	1.042894e+00	6.808283e-02	2.182745e-09	2.080790e-09	5.610307e-12	2.399188e-09	1.123149e-11	1.001009e+02	
20  5251.54	2.255079e+00	1.140802e-01	1.042894e+00	6.808283e-02	2.182745e-09	2.080790e-09	5.610307e-12	2.399188e-09	1.123149e-11	9.998994e+01	
20  5252.56	2.255079e+00	1.140802e-01	1.042894e+00	6.808283e-02	2.182745e-09	2.080790e-09	5.610307e-12	2.399188e-09	1.123149e-11	1.003758e+02	
20  5251.75	2.255079e+00	1.140802e-01	1.042894e+00	6.808283e-02	2.182745e-09	2.080790e-09	5.610307e-12	2.399188e-09	1.123149e-11	9.985707e+01	
100  5251.86	2.255079e+00	1.140802e-01	1.042894e+00	6.808283e-02	2.182745e-09	2.080790e-09	5.610307e-12	2.399188e-09	1.123149e-11	1.002209e+02	
130  5251.64	2.255079e+00	1.140802e-01	1.042894e+00	6.808283e-02	2.182745e-09	2.080790e-09	5.610307e-12	2.399188e-09	1.123149e-11	9.990594e+01	
100  5251.55	2.255079e+00	1.140802e-01	1.042894e+00	6.808283e-02	2.182745e-09	2.080790e-09	5.610307e-12	2.399188e-09	1.123149e-11	9.997341e+01	
290  5251.55	2.255079e+00	1.140802e-01	1.042894e+00	6.808283e-02	2.182745e-09	2.080790e-09	5.610307e-12	2.399188e-09	1.123149e-11	1.000570e+02	
20  5251.71	2.255079e+00	1.140802e-01	1.042894e+00	6.808283e-02	2.182745e-09	2.080790e-09	5.610307e-12	2.399188e-09	1.123149e-11	9.987170e+01	
10  5253.02	2.255079e+00	1.140802e-01	1.042894e+00	6.808283e-02	2.182745e-09	2.080790e-09	5.610307e-12	2.399188e-09	1.123149e-11	1.004489e+02	
90  5253.73	2.255079e+00	1.140802e-01	1.042894e+00	6.808283e-02	2.182745e-09	2.080790e-09	5.610307e-12	2.399188e-09	1.123149e-11	1.005402e+02	
39  5253.83	2.255079e+00	1.140802e-01	1.042894e+00	6.808283e-02	2.182745e-09	2.080790e-09	5.610307e-12	2.399188e-09	1.123149e-11	9.948688e+01	
11  5255.25	2.242569e+00	1.161423e-01	1.042691e+00	6.457254e-02	2.207379e-09	2.074462e-09	6.395403e-12	1.389569e-09	2.158633e-11	1.002423e+02	
40  5255.55	2.242569e+00	1.161423e-01	1.042691e+00	6.457254e-02	2.207379e-09	2.074462e-09	6.395403e-12	1.389569e-09	2.158633e-11	9.974089e+01	
60  5255.01	2.242569e+00	1.161423e-01	1.042691e+00	6.457254e-02	2.207379e-09	2.074462e-09	6.395403e-12	1.389569e-09	2.158633e-11	9.990229e+01	
4  5254.94	2.242569e+00	1.161423e-01	1.042691e+00	6.457254e-02	2.207379e-09	2.074462e-09	6.395403e-12	1.389569e-09	2.158633e-11	1.001141e+02	
45  5255.79	2.270075e+00	1.164775e-01	1.041953e+00	7.099921e-02	2.291498e-09	2.103096e-09	3.564775e-11	4.700796e-10	-1.179502e-11	1.003437e+02	
35  5255.81	2.260686e+00	1.164176e-01	1.041778e+00	5.903866e-02	2.254905e-09	2.045629e-09	4.415805e-11	3.368470e-10	1.397225e-11	9.995811e+01	
6  5254.96	2.252044e+00	1.154200e-01	1.041877e+00	6.932050e-02	2.274044e-09	2.090224e-09	1.105411e-11	2.398610e-11	4.737256e-11	1.003633e+02	
40  5255.41	2.252044e+00	1.154200e-01	1.041877e+00	6.932050e-02	2.274044e-09	2.090224e-09	1.105411e-11	2.398610e-11	4.737256e-11	9.965987e+01	
13  5254.33	2.252044e+00	1.154200e-01	1.041877e+00	6.932050e-02	2.274044e-09	2.090224e-09	1.105411e-11	2.398610e-11	4.737256e-11	9.991172e+01	
17  5254.63	2.255425e+00	1.144629e-01	1.042477e+00	7.376732e-02	2.264595e-09	2.112424e-09	2.634369e-11	1.205652e-10	4.975509e-11	9.989035e+01	
60  5255.51	2.255425e+00	1.144629e-01	1.042477e+00	7.376732e-02	2.264595e-09	2.112424e-09	2.634369e-11	1.205652e-10	4.975509e-11	9.968499e+01	
54  5254.85	2.255425e+00	1.144629e-01	1.042477e+00	7.376732e-02	2.264595e-09	2.112424e-09	2.634369e-11	1.205652e-10	4.975509e-11	9.982124e+01	
6  5254.84	2.253409e+00	1.149769e-01	1.043139e+00	7.488769e-02	2.293784e-09	2.119844e-09	9.647267e-12	5.638109e-10	2.055961e-11	9.998381e+01	
18  5256.28	2.253409e+00	1.149769e-01	1.043139e+00	7.488769e-02	2.293784e-09	2.119844e-09	9.647267e-12	5.638109e-10	2.055961e-11	1.004701e+02	
82  5252.99	2.243677e+00	1.174765e-01	1.042538e+00	5.934382e-02	2.272180e-09	2.054167e-09	5.916016e-13	1.549161e-09	-1.675457e-13	1.002812e+02	
80  5252.52	2.243677e+00	1.174765e-01	1.042538e+00	5.934382e-02	2.272180e-09	2.054167e-09	5.916016e-13	1.549161e-09	-1.675457e-13	1.000946e+02	
43  5254.01	2.243677e+00	1.174765e-01	1.042538e+00	5.934382e-02	2.272180e-09	2.054167e-09	5.916016e-13	1.549161e-09	-1.675457e-13	9.960011e+01	
66  5254.86	2.240572e+00	1.187318e-01	1.041773e+00	5.259563e-02	2.335302e-09	2.030029e-09	2.446038e-11	2.461963e-11	-4.038343e-11	9.972617e+01	
1  5254.29	2.213449e+00	1.174820e-01	1.042450e+00	6.500427e-02	2.307379e-09	2.078492e-09	1.072340e-11	4.577714e-10	8.343247e-12	1.002920e+02	
52  5257.97	2.213449e+00	1.174820e-01	1.042450e+00	6.500427e-02	2.307379e-09	2.078492e-09	1.072340e-11	4.577714e-10	8.343247e-12	1.007623e+02	
68  5257.75	2.219423e+00	1.147575e-01	1.042342e+00	6.019826e-02	2.229389e-09	2.053531e-09	1.090619e-11	9.687400e-11	3.724375e-11	9.966424e+01	
32  5256.68	2.219423e+00	1.147575e-01	1.042342e+00	6.019826e-02	2.229389e-09	2.053531e-09	1.090619e-11	9.687400e-11	3.724375e-11	9.993497e+01	
49  5260.25	2.236466e+00	1.137760e-01	1.042695e+00	6.348739e-02	2.197080e-09	2.069706e-09	3.812824e-11	2.059717e-10	6.491205e-11	9.983097e+01	
7  5260.65	2.249623e+00	1.143767e-01	1.042337e+00	6.083806e-02	2.196853e-09	2.060805e-09	6.356622e-11	2.891445e-10	3.783432e-11	9.963751e+01	
2  5263.36	2.225485e+00	1.161599e-01	1.042678e+00	6.299651e-02	2.207454e-09	2.070789e-09	1.079306e-11	1.879465e-10	6.592352e-11	1.005776e+02	
35  5261.1	2.225485e+00	1.161599e-01	1.042678e+00	6.299651e-02	2.207454e-09	2.070789e-09	1.079306e-11	1.879465e-10	6.592352e-11	9.999348e+01	
25  5259.92	2.207870e+00	1.176726e-01	1.042467e+00	6.511898e-02	2.281624e-09	2.083056e-09	3.034798e-11	2.137437e-11	2.504909e-11	1.006541e+02	
60  5258.22	2.207870e+00	1.176726e-01	1.042467e+00	6.511898e-02	2.281624e-09	2.083056e-09	3.034798e-11	2.137437e-11	2.504909e-11	1.004436e+02	
30  5258.8	2.207870e+00	1.176726e-01	1.042467e+00	6.511898e-02	2.281624e-09	2.083056e-09	3.034798e-11	2.137437e-11	2.504909e-11	1.005259e+02	
117  5257.25	2.207870e+00	1.176726e-01	1.042467e+00	6.511898e-02	2.281624e-09	2.083056e-09	3.034798e-11	2.137437e-11	2.504909e-11	9.986756e+01	
23  5256.2	2.219625e+00	1.181608e-01	1.041606e+00	6.096639e-02	2.328011e-09	2.064912e-09	4.530714e-11	2.626975e-11	-2.802996e-12	9.963066e+01	
130  5254.99	2.219625e+00	1.181608e-01	1.041606e+00	6.096639e-02	2.328011e-09	2.064912e-09	4.530714e-11	2.626975e-11	-2.802996e-12	1.002295e+02	
50  5254.76	2.219625e+00	1.181608e-01	1.041606e+00	6.096639e-02	2.328011e-09	2.064912e-09	4.530714e-11	2.626975e-11	-2.802996e-12	1.000217e+02	
10  5255.44	2.219625e+00	1.181608e-01	1.041606e+00	6.096639e-02	2.328011e-09	2.064912e-09	4.530714e-11	2.626975e-11	-2.802996e-12	9.976208e+01	
30  5256.11	2.219625e+00	1.181608e-01	1.041606e+00	6.096639e-02	2.328011e-09	2.064912e-09	4.530714e-11	2.626975e-11	-2.802996e-12	1.004664e+02	
70  5254.79	2.219625e+00	1.181608e-01	1.041606e+00	6.096639e-02	2.328011e-09	2.064912e-09	4.530714e-11	2.626975e-11	-2.802996e-12	9.998478e+01	
27  5254.84	2.219625e+00	1.181608e-01	1.041606e+00	6.096639e-02	2.328011e-09	2.064912e-09	4.530714e-11	2.626975e-11	-2.802996e-12	1.001623e+02	
11  5255.99	2.241426e+00	1.164439e-01	1.042161e+00	6.488594e-02	2.266864e-09	2.074829e-09	7.671109e-11	1.501159e-10	-1.533717e-11	9.952784e+01	
132  5258.72	2.244183e+00	1.171455e-01	1.041222e+00	7.146743e-02	2.346886e-09	2.109021e-09	4.342288e-11	1.466857e-10	-1.768429e-11	9.999357e+01	
10  5258.76	2.244183e+00	1.171455e-01	1.041222e+00	7.146743e-02	2.346886e-09	2.109021e-09	4.342288e-11	1.466857e-10	-1.768429e-11	1.001346e+02	
38  5259.12	2.244183e+00	1.171455e-01	1.041222e+00	7.146743e-02	2.346886e-09	2.109021e-09	4.342288e-11	1.466857e-10	-1.768429e-11	9.981805e+01	
2  5257.03	2.255460e+00	1.166672e-01	1.041345e+00	8.354382e-02	2.395373e-09	2.156524e-09	5.465648e-11	2.301536e-10	-6.009332e-12	1.003282e+02	
10  5257.69	2.255460e+00	1.166672e-01	1.041345e+00	8.354382e-02	2.395373e-09	2.156524e-09	5.465648e-11	2.301536e-10	-6.009332e-12	9.966545e+01	
10  5256.62	2.255460e+00	1.166672e-01	1.041345e+00	8.354382e-02	2.395373e-09	2.156524e-09	5.465648e-11	2.301536e-10	-6.009332e-12	9.991061e+01	
18  5258.14	2.255460e+00	1.166672e-01	1.041345e+00	8.354382e-02	2.395373e-09	2.156524e-09	5.465648e-11	2.301536e-10	-6.009332e-12	1.005168e+02	
32  5253.88	2.231584e+00	1.179632e-01	1.041236e+00	7.157214e-02	2.362783e-09	2.103312e-09	2.995326e-11	5.785791e-10	-2.953320e-11	1.002535e+02	
64  5254.02	2.231584e+00	1.179632e-01	1.041236e+00	7.157214e-02	2.362783e-09	2.103312e-09	2.995326e-11	5.785791e-10	-2.953320e-11	1.002891e+02	
66  5255.91	2.241037e+00	1.184102e-01	1.041378e+00	6.558593e-02	2.340616e-09	2.077476e-09	1.792584e-11	2.888920e-10	-3.698849e-11	1.000227e+02	
90  5255.91	2.241037e+00	1.184102e-01	1.041378e+00	6.558593e-02	2.340616e-09	2.077476e-09	1.792584e-11	2.888920e-10	-3.698849e-11	1.000199e+02	
1  5256.54	2.241037e+00	1.184102e-01	1.041378e+00	6.558593e-02	2.340616e-09	2.077476e-09	1.792584e-11	2.888920e-10	-3.698849e-11	9.975355e+01	
19  5252.88	2.229778e+00	1.168749e-01	1.042008e+00	7.879305e-02	2.355873e-09	2.130123e-09	9.970056e-12	4.772890e-10	2.116768e-11	1.003696e+02	
100  5252.31	2.229778e+00	1.168749e-01	1.042008e+00	7.879305e-02	2.355873e-09	2.130123e-09	9.970056e-12	4.772890e-10	2.116768e-11	1.002270e+02	
40  5252.62	2.229778e+00	1.168749e-01	1.042008e+00	7.879305e-02	2.355873e-09	2.130123e-09	9.970056e-12	4.772890e-10	2.116768e-11	1.003160e+02	
1  5252.69	2.229778e+00	1.168749e-01	1.042008e+00	7.879305e-02	2.355873e-09	2.130123e-09	9.970056e-12	4.772890e-10	2.116768e-11	1.003299e+02	
39  5252.68	2.243216e+00	1.164660e-01	1.042241e+00	7.017296e-02	2.319005e-09	2.099548e-09	1.902216e-11	9.646164e-11	4.998498e-13	9.962459e+01	
9  5253.97	2.243216e+00	1.164660e-01	1.042241e+00	7.017296e-02	2.319005e-09	2.099548e-09	1.902216e-11	9.646164e-11	4.998498e-13	1.006230e+02	
41  5255.03	2.266009e+00	1.163504e-01	1.042244e+00	6.226508e-02	2.308277e-09	2.063329e-09	2.981663e-11	8.374061e-11	1.118284e-11	1.001687e+02	
90  5255.35	2.266009e+00	1.163504e-01	1.042244e+00	6.226508e-02	2.308277e-09	2.063329e-09	2.981663e-11	8.374061e-11	1.118284e-11	1.002833e+02	
21  5255.7	2.266009e+00	1.163504e-01	1.042244e+00	6.226508e-02	2.308277e-09	2.063329e-09	2.981663e-11	8.374061e-11	1.118284e-11	9.974198e+01	
19  5255.61	2.240259e+00	1.170659e-01	1.041367e+00	6.056164e-02	2.305885e-09	2.056255e-09	7.790330e-11	3.257162e-10	-3.369789e-11	9.973088e+01	
20  5255.17	2.240259e+00	1.170659e-01	1.041367e+00	6.056164e-02	2.305885e-09	2.056255e-09	7.790330e-11	3.257162e-10	-3.369789e-11	9.983072e+01	
39  5254.91	2.240259e+00	1.170659e-01	1.041367e+00	6.056164e-02	2.305885e-09	2.056255e-09	7.790330e-11	3.257162e-10	-3.369789e-11	9.992660e+01	
36  5255.69	2.237632e+00	1.177903e-01	1.041589e+00	5.166457e-02	2.297822e-09	2.025093e-09	6.882384e-11	5.577072e-11	-4.128994e-11	9.978093e+01	
15  5255.76	2.253304e+00	1.166569e-01	1.042227e+00	6.307315e-02	2.322796e-09	2.070787e-09	7.460286e-11	4.595844e-11	-1.770734e-11	1.001190e+02	
170  5256.6	2.253304e+00	1.166569e-01	1.042227e+00	6.307315e-02	2.322796e-09	2.070787e-09	7.460286e-11	4.595844e-11	-1.770734e-11	1.003871e+02	
40  5256.67	2.253304e+00	1.166569e-01	1.042227e+00	6.307315e-02	2.322796e-09	2.070787e-09	7.460286e-11	4.595844e-11	-1.770734e-11	1.004006e+02	
72  5255.95	2.253304e+00	1.166569e-01	1.042227e+00	6.307315e-02	2.322796e-09	2.070787e-09	7.460286e-11	4.595844e-11	-1.770734e-11	9.989470e+01	
129  5255.9	2.255517e+00	1.153029e-01	1.042053e+00	7.386350e-02	2.308426e-09	2.113939e-09	5.928784e-11	4.489888e-10	-5.692372e-12	9.983843e+01	
19  5255.13	2.260764e+00	1.147788e-01	1.042637e+00	7.174109e-02	2.269909e-09	2.102648e-09	4.135605e-11	3.368306e-11	4.511029e-11	9.983861e+01	
20  5254.81	2.260764e+00	1.147788e-01	1.042637e+00	7.174109e-02	2.269909e-09	2.102648e-09	4.135605e-11	3.368306e-11	4.511029e-11	9.996285e+01	
58  5254.93	2.260764e+00	1.147788e-01	1.042637e+00	7.174109e-02	2.269909e-09	2.102648e-09	4.135605e-11	3.368306e-11	4.511029e-11	9.990495e+01	
11  5257.48	2.259164e+00	1.157876e-01	1.042431e+00	7.685490e-02	2.374139e-09	2.121969e-09	2.459880e-11	1.605368e-11	1.786424e-11	1.005032e+02	
31  5263.23	2.274882e+00	1.174352e-01	1.041645e+00	7.761799e-02	2.447578e-09	2.122749e-09	1.098998e-10	5.093735e-11	-9.651998e-11	1.004886e+02	
100  5261.91	2.274882e+00	1.174352e-01	1.041645e+00	7.761799e-02	2.447578e-09	2.122749e-09	1.098998e-10	5.093735e-11	-9.651998e-11	9.990340e+01	
50  5261.84	2.274882e+00	1.174352e-01	1.041645e+00	7.761799e-02	2.447578e-09	2.122749e-09	1.098998e-10	5.093735e-11	-9.651998e-11	1.001811e+02	
90  5261.86	2.274882e+00	1.174352e-01	1.041645e+00	7.761799e-02	2.447578e-09	2.122749e-09	1.098998e-10	5.093735e-11	-9.651998e-11	9.992614e+01	
69  5263.23	2.274882e+00	1.174352e-01	1.041645e+00	7.761799e-02	2.447578e-09	2.122749e-09	1.098998e-10	5.093735e-11	-9.651998e-11	1.004890e+02	
55  5262.9	2.261743e+00	1.169768e-01	1.042036e+00	7.890089e-02	2.424430e-09	2.127746e-09	5.239838e-11	9.558877e-11	-4.699118e-11	1.006644e+02	
10  5257.58	2.257918e+00	1.147697e-01	1.042155e+00	9.633169e-02	2.385690e-09	2.201143e-09	3.080562e-11	5.090683e-10	7.127500e-12	1.008775e+02	
20  5257.65	2.266576e+00	1.143552e-01	1.042598e+00	8.874037e-02	2.334817e-09	2.167060e-09	2.516262e-11	1.295496e-09	2.664762e-11	1.003526e+02	
29  5256.26	2.262541e+00	1.145519e-01	1.043101e+00	7.583765e-02	2.272089e-09	2.118115e-09	2.556278e-11	1.234594e-09	1.370034e-11	9.974907e+01	
43  5257.58	2.258648e+00	1.164306e-01	1.042260e+00	7.202940e-02	2.312785e-09	2.101567e-09	4.061388e-11	8.541667e-11	-2.786893e-11	1.000391e+02	
158  5254.71	2.242266e+00	1.170436e-01	1.042241e+00	6.773541e-02	2.312828e-09	2.081837e-09	1.413720e-11	2.015913e-10	1.256137e-11	1.003447e+02	
36  5256.23	2.259602e+00	1.165012e-01	1.041869e+00	8.096782e-02	2.356098e-09	2.130188e-09	1.731050e-11	3.194241e-09	-7.468417e-12	1.003050e+02	
20  5255.78	2.259602e+00	1.165012e-01	1.041869e+00	8.096782e-02	2.356098e-09	2.130188e-09	1.731050e-11	3.194241e-09	-7.468417e-12	1.001559e+02	
15  5256.56	2.259602e+00	1.165012e-01	1.041869e+00	8.096782e-02	2.356098e-09	2.130188e-09	1.731050e-11	3.194241e-09	-7.468417e-12	9.971073e+01	
15  5254.96	2.263625e+00	1.163211e-01	1.041624e+00	8.452461e-02	2.342556e-09	2.153386e-09	4.747421e-11	8.624676e-10	-2.365128e-12	9.996984e+01	
88  5254.92	2.263625e+00	1.163211e-01	1.041624e+00	8.452461e-02	2.342556e-09	2.153386e-09	4.747421e-11	8.624676e-10	-2.365128e-12	1.000256e+02	
2  5257.68	2.262349e+00	1.150636e-01	1.041140e+00	9.202473e-02	2.397296e-09	2.178633e-09	3.455520e-11	1.416096e-09	-2.510876e-11	9.983425e+01	
82  5257.49	2.262349e+00	1.150636e-01	1.041140e+00	9.202473e-02	2.397296e-09	2.178633e-09	3.455520e-11	1.416096e-09	-2.510876e-11	9.990106e+01	
17  5253.38	2.258441e+00	1.171090e-01	1.041494e+00	8.424715e-02	2.439588e-09	2.154436e-09	1.290293e-11	8.152180e-10	-1.464111e-11	1.004883e+02	
11  5253.85	2.250455e+00	1.176364e-01	1.042102e+00	6.370586e-02	2.309093e-09	2.064691e-09	1.264114e-11	1.934785e-09	3.935052e-12	9.960884e+01	
14  5252.55	2.250455e+00	1.176364e-01	1.042102e+00	6.370586e-02	2.309093e-09	2.064691e-09	1.264114e-11	1.934785e-09	3.935052e-12	1.002124e+02	
155  5252.38	2.230295e+00	1.166248e-01	1.042178e+00	6.552635e-02	2.248935e-09	2.072099e-09	1.084059e-11	2.729761e-09	1.557317e-12	9.987424e+01	
41  5252.48	2.257089e+00	1.150376e-01	1.042038e+00	7.783072e-02	2.275651e-09	2.125461e-09	4.058734e-11	6.355653e-10	6.789808e-13	9.997922e+01	
70  5252.49	2.257089e+00	1.150376e-01	1.042038e+00	7.783072e-02	2.275651e-09	2.125461e-09	4.058734e-11	6.355653e-10	6.789808e-13	9.997624e+01	
40  5252.54	2.257089e+00	1.150376e-01	1.042038e+00	7.783072e-02	2.275651e-09	2.125461e-09	4.058734e-11	6.355653e-10	6.789808e-13	1.001428e+02	
20  5253	2.257089e+00	1.150376e-01	1.042038e+00	7.783072e-02	2.275651e-09	2.125461e-09	4.058734e-11	6.355653e-10	6.789808e-13	1.002985e+02	
62  5252.95	2.257089e+00	1.150376e-01	1.042038e+00	7.783072e-02	2.275651e-09	2.125461e-09	4.058734e-11	6.355653e-10	6.789808e-13	9.979074e+01	
188  5253.83	2.247523e+00	1.161380e-01	1.042556e+00	6.155490e-02	2.238267e-09	2.059704e-09	3.285201e-11	4.576915e-10	1.460183e-11	9.959534e+01	
20  5252.27	2.247523e+00	1.161380e-01	1.042556e+00	6.155490e-02	2.238267e-09	2.059704e-09	3.285201e-11	4.576915e-10	1.460183e-11	9.996574e+01	
35  5252.25	2.247523e+00	1.161380e-01	1.042556e+00	6.155490e-02	2.238267e-09	2.059704e-09	3.285201e-11	4.576915e-10	1.460183e-11	1.001040e+02	
15  5253.42	2.228398e+00	1.157760e-01	1.042219e+00	5.922916e-02	2.228643e-09	2.053274e-09	2.682422e-11	4.253384e-10	1.910385e-11	9.997724e+01	
40  5253.49	2.228398e+00	1.157760e-01	1.042219e+00	5.922916e-02	2.228643e-09	2.053274e-09	2.682422e-11	4.253384e-10	1.910385e-11	1.001499e+02	
23  5253.47	2.228398e+00	1.157760e-01	1.042219e+00	5.922916e-02	2.228643e-09	2.053274e-09	2.682422e-11	4.253384e-10	1.910385e-11	9.994011e+01	
18  5257.6	2.215328e+00	1.155725e-01	1.042307e+00	6.334865e-02	2.244167e-09	2.070472e-09	2.414042e-11	1.256838e-10	5.934990e-12	1.001339e+02	
7  5258.26	2.204216e+00	1.173583e-01	1.042226e+00	5.996169e-02	2.224843e-09	2.053605e-09	2.142434e-11	1.488774e-09	4.437490e-12	1.004134e+02	
32  5255.62	2.211964e+00	1.169982e-01	1.041799e+00	5.514905e-02	2.237335e-09	2.032130e-09	2.374972e-11	9.921724e-10	1.302249e-11	1.001261e+02	
43  5255.6	2.211964e+00	1.169982e-01	1.041799e+00	5.514905e-02	2.237335e-09	2.032130e-09	2.374972e-11	9.921724e-10	1.302249e-11	9.997352e+01	
47  5255.99	2.228273e+00	1.156976e-01	1.042323e+00	6.118633e-02	2.250534e-09	2.062968e-09	2.244896e-11	4.293902e-10	1.436612e-11	9.988968e+01	
10  5255.82	2.228273e+00	1.156976e-01	1.042323e+00	6.118633e-02	2.250534e-09	2.062968e-09	2.244896e-11	4.293902e-10	1.436612e-11	9.998982e+01	
90  5256.12	2.228273e+00	1.156976e-01	1.042323e+00	6.118633e-02	2.250534e-09	2.062968e-09	2.244896e-11	4.293902e-10	1.436612e-11	1.002387e+02	
120  5256.05	2.228273e+00	1.156976e-01	1.042323e+00	6.118633e-02	2.250534e-09	2.062968e-09	2.244896e-11	4.293902e-10	1.436612e-11	1.002157e+02	
10  5255.96	2.228273e+00	1.156976e-01	1.042323e+00	6.118633e-02	2.250534e-09	2.062968e-09	2.244896e-11	4.293902e-10	1.436612e-11	1.001802e+02	
10  5255.89	2.228273e+00	1.156976e-01	1.042323e+00	6.118633e-02	2.250534e-09	2.062968e-09	2.244896e-11	4.293902e-10	1.436612e-11	9.993666e+01	
20  5255.88	2.228273e+00	1.156976e-01	1.042323e+00	6.118633e-02	2.250534e-09	2.062968e-09	2.244896e-11	4.293902e-10	1.436612e-11	1.001381e+02	
26  5256.14	2.228273e+00	1.156976e-01	1.042323e+00	6.118633e-02	2.250534e-09	2.062968e-09	2.244896e-11	4.293902e-10	1.436612e-11	1.002468e+02	
54  5255.99	2.244119e+00	1.168320e-01	1.041755e+00	5.986569e-02	2.225846e-09	2.056197e-09	3.522347e-11	1.129869e-09	-1.111713e-11	1.000671e+02	
28  5256.03	2.244119e+00	1.168320e-01	1.041755e+00	5.986569e-02	2.225846e-09	2.056197e-09	3.522347e-11	1.129869e-09	-1.111713e-11	9.994976e+01	
2  5255.32	2.236977e+00	1.178599e-01	1.041506e+00	4.959746e-02	2.227791e-09	2.016410e-09	2.947924e-11	4.634128e-10	1.102856e-11	1.000434e+02	
140  5255.92	2.236977e+00	1.178599e-01	1.041506e+00	4.959746e-02	2.227791e-09	2.016410e-09	2.947924e-11	4.634128e-10	1.102856e-11	9.977006e+01	
142  5256.13	2.236977e+00	1.178599e-01	1.041506e+00	4.959746e-02	2.227791e-09	2.016410e-09	2.947924e-11	4.634128e-10	1.102856e-11	1.003594e+02	
8  5257.99	2.237199e+00	1.178600e-01	1.041519e+00	5.207691e-02	2.222974e-09	2.026853e-09	3.852048e-11	1.171652e-10	-3.024264e-11	1.002364e+02	
7  5257.66	2.237199e+00	1.178600e-01	1.041519e+00	5.207691e-02	2.222974e-09	2.026853e-09	3.852048e-11	1.171652e-10	-3.024264e-11	9.996309e+01	
1  5257.5	2.236576e+00	1.163363e-01	1.041634e+00	7.143743e-02	2.295187e-09	2.101857e-09	8.671453e-11	4.881586e-11	-4.669113e-11	1.005231e+02	
178  5255.55	2.222766e+00	1.160541e-01	1.042326e+00	6.329301e-02	2.227424e-09	2.065729e-09	5.897100e-11	2.880588e-10	1.612443e-11	1.004225e+02	
141  5252.21	2.237122e+00	1.155295e-01	1.041649e+00	6.738229e-02	2.259701e-09	2.078673e-09	2.939542e-11	7.001007e-10	4.462671e-12	1.001469e+02	
33  5253.76	2.250679e+00	1.155891e-01	1.042143e+00	7.293235e-02	2.251701e-09	2.103323e-09	2.233316e-11	1.859057e-09	1.213202e-11	1.002865e+02	
30  5253.44	2.250679e+00	1.155891e-01	1.042143e+00	7.293235e-02	2.251701e-09	2.103323e-09	2.233316e-11	1.859057e-09	1.213202e-11	1.001876e+02	
50  5253.48	2.250679e+00	1.155891e-01	1.042143e+00	7.293235e-02	2.251701e-09	2.103323e-09	2.233316e-11	1.859057e-09	1.213202e-11	1.002020e+02	
60  5253.41	2.250679e+00	1.155891e-01	1.042143e+00	7.293235e-02	2.251701e-09	2.103323e-09	2.233316e-11	1.859057e-09	1.213202e-11	1.001747e+02	
1  5253.25	2.250679e+00	1.155891e-01	1.042143e+00	7.293235e-02	2.251701e-09	2.103323e-09	2.233316e-11	1.859057e-09	1.213202e-11	1.000546e+02	
59  5252.15	2.255184e+00	1.163348e-01	1.042274e+00	7.109385e-02	2.287558e-09	2.098328e-09	2.984862e-11	7.609471e-10	8.491042e-12	1.003836e+02	
8  5251.92	2.255184e+00	1.163348e-01	1.042274e+00	7.109385e-02	2.287558e-09	2.098328e-09	2.984862e-11	7.609471e-10	8.491042e-12	1.003398e+02	
2  5253.93	2.242615e+00	1.167677e-01	1.042547e+00	5.615572e-02	2.219523e-09	2.038201e-09	3.892890e-11	6.906934e-10	2.020859e-11	9.990063e+01	
2  5253.85	2.242615e+00	1.167677e-01	1.042547e+00	5.615572e-02	2.219523e-09	2.038201e-09	3.892890e-11	6.906934e-10	2.020859e-11	1.001455e+02	
48  5253.08	2.241520e+00	1.155347e-01	1.042885e+00	6.254190e-02	2.221310e-09	2.066108e-09	2.679513e-11	4.923068e-10	2.011059e-11	1.000896e+02	
26  5253.37	2.241520e+00	1.155347e-01	1.042885e+00	6.254190e-02	2.221310e-09	2.066108e-09	2.679513e-11	4.923068e-10	2.011059e-11	9.984108e+01	
14  5253.47	2.242055e+00	1.161874e-01	1.042718e+00	6.299860e-02	2.257496e-09	2.068626e-09	3.348084e-11	3.274431e-10	1.144199e-11	1.001084e+02	
23  5253.46	2.242055e+00	1.161874e-01	1.042718e+00	6.299860e-02	2.257496e-09	2.068626e-09	3.348084e-11	3.274431e-10	1.144199e-11	9.998838e+01	
12  5253.45	2.234739e+00	1.142733e-01	1.042575e+00	6.966242e-02	2.216093e-09	2.088681e-09	6.206831e-12	1.254720e-09	1.550054e-11	9.947228e+01	
15  5253.85	2.226599e+00	1.145312e-01	1.042728e+00	7.436470e-02	2.224187e-09	2.105923e-09	4.196924e-12	1.670891e-09	1.866268e-11	9.982235e+01	
23  5254.89	2.226599e+00	1.145312e-01	1.042728e+00	7.436470e-02	2.224187e-09	2.105923e-09	4.196924e-12	1.670891e-09	1.866268e-11	9.961388e+01	
67  5253.56	2.241612e+00	1.140696e-01	1.042992e+00	7.950354e-02	2.231394e-09	2.128596e-09	1.145115e-11	1.073170e-09	2.604585e-11	9.974537e+01	
40  5252.95	2.241612e+00	1.140696e-01	1.042992e+00	7.950354e-02	2.231394e-09	2.128596e-09	1.145115e-11	1.073170e-09	2.604585e-11	1.001041e+02	
30  5252.91	2.241612e+00	1.140696e-01	1.042992e+00	7.950354e-02	2.231394e-09	2.128596e-09	1.145115e-11	1.073170e-09	2.604585e-11	1.000506e+02	
80  5253.78	2.241612e+00	1.140696e-01	1.042992e+00	7.950354e-02	2.231394e-09	2.128596e-09	1.145115e-11	1.073170e-09	2.604585e-11	1.003593e+02	
60  5253.42	2.241612e+00	1.140696e-01	1.042992e+00	7.950354e-02	2.231394e-09	2.128596e-09	1.145115e-11	1.073170e-09	2.604585e-11	1.002843e+02	
120  5253.94	2.241612e+00	1.140696e-01	1.042992e+00	7.950354e-02	2.231394e-09	2.128596e-09	1.145115e-11	1.073170e-09	2.604585e-11	1.003888e+02	
10  5257.58	2.241612e+00	1.140696e-01	1.042992e+00	7.950354e-02	2.231394e-09	2.128596e-09	1.145115e-11	1.073170e-09	2.604585e-11	9.927029e+01	
30  5255.96	2.241612e+00	1.140696e-01	1.042992e+00	7.950354e-02	2.231394e-09	2.128596e-09	1.145115e-11	1.073170e-09	2.604585e-11	9.941575e+01	
20  5256.15	2.241612e+00	1.140696e-01	1.042992e+00	7.950354e-02	2.231394e-09	2.128596e-09	1.145115e-11	1.073170e-09	2.604585e-11	1.006645e+02	
5  5253.03	2.241612e+00	1.140696e-01	1.042992e+00	7.950354e-02	2.231394e-09	2.128596e-09	1.145115e-11	1.073170e-09	2.604585e-11	1.001544e+02	
5  5252.31	2.242098e+00	1.150148e-01	1.042930e+00	7.879082e-02	2.272026e-09	2.130830e-09	4.866127e-12	1.476512e-09	1.959387e-11	1.004397e+02	
60  5251.05	2.242098e+00	1.150148e-01	1.042930e+00	7.879082e-02	2.272026e-09	2.130830e-09	4.866127e-12	1.476512e-09	1.959387e-11	9.993970e+01	
50  5251.26	2.242098e+00	1.150148e-01	1.042930e+00	7.879082e-02	2.272026e-09	2.130830e-09	4.866127e-12	1.476512e-09	1.959387e-11	9.984767e+01	
50  5251.8	2.242098e+00	1.150148e-01	1.042930e+00	7.879082e-02	2.272026e-09	2.130830e-09	4.866127e-12	1.476512e-09	1.959387e-11	9.971693e+01	
100  5251.3	2.242098e+00	1.150148e-01	1.042930e+00	7.879082e-02	2.272026e-09	2.130830e-09	4.866127e-12	1.476512e-09	1.959387e-11	1.002324e+02	
3  5251.02	2.242098e+00	1.150148e-01	1.042930e+00	7.879082e-02	2.272026e-09	2.130830e-09	4.866127e-12	1.476512e-09	1.959387e-11	1.001067e+02	
37  5250.44	2.237189e+00	1.175779e-01	1.042018e+00	6.624155e-02	2.287544e-09	2.076232e-09	1.139175e-11	1.587574e-09	1.289249e-12	1.001989e+02	
10  5250.27	2.237189e+00	1.175779e-01	1.042018e+00	6.624155e-02	2.287544e-09	2.076232e-09	1.139175e-11	1.587574e-09	1.289249e-12	9.995675e+01	
90  5250.38	2.237189e+00	1.175779e-01	1.042018e+00	6.624155e-02	2.287544e-09	2.076232e-09	1.139175e-11	1.587574e-09	1.289249e-12	1.001753e+02	
110  5250.72	2.237189e+00	1.175779e-01	1.042018e+00	6.624155e-02	2.287544e-09	2.076232e-09	1.139175e-11	1.587574e-09	1.289249e-12	1.002837e+02	
10  5252.25	2.237189e+00	1.175779e-01	1.042018e+00	6.624155e-02	2.287544e-09	2.076232e-09	1.139175e-11	1.587574e-09	1.289249e-12	1.005371e+02	
20  5251.3	2.237189e+00	1.175779e-01	1.042018e+00	6.624155e-02	2.287544e-09	2.076232e-09	1.139175e-11	1.587574e-09	1.289249e-12	1.004006e+02	
50  5250.76	2.237189e+00	1.175779e-01	1.042018e+00	6.624155e-02	2.287544e-09	2.076232e-09	1.139175e-11	1.587574e-09	1.289249e-12	1.002948e+02	
10  5250.22	2.237189e+00	1.175779e-01	1.042018e+00	6.624155e-02	2.287544e-09	2.076232e-09	1.139175e-11	1.587574e-09	1.289249e-12	1.000511e+02	
20  5250.46	2.237189e+00	1.175779e-01	1.042018e+00	6.624155e-02	2.287544e-09	2.076232e-09	1.139175e-11	1.587574e-09	1.289249e-12	1.002062e+02	
50  5250.26	2.237189e+00	1.175779e-01	1.042018e+00	6.624155e-02	2.287544e-09	2.076232e-09	1.139175e-11	1.587574e-09	1.289249e-12	1.001045e+02	
10  5250.56	2.237189e+00	1.175779e-01	1.042018e+00	6.624155e-02	2.287544e-09	2.076232e-09	1.139175e-11	1.587574e-09	1.289249e-12	9.983256e+01	
28  5252.06	2.237189e+00	1.175779e-01	1.042018e+00	6.624155e-02	2.287544e-09	2.076232e-09	1.139175e-11	1.587574e-09	1.289249e-12	1.005128e+02	
13  5251.64	2.236882e+00	1.158841e-01	1.042118e+00	7.089853e-02	2.267377e-09	2.096061e-09	1.798547e-11	6.726472e-10	-1.244836e-13	1.002262e+02	
69  5252.31	2.249692e+00	1.158831e-01	1.041809e+00	7.444218e-02	2.281381e-09	2.105723e-09	1.305786e-11	1.295215e-09	3.704682e-12	1.002282e+02	
20  5253.74	2.249692e+00	1.158831e-01	1.041809e+00	7.444218e-02	2.281381e-09	2.105723e-09	1.305786e-11	1.295215e-09	3.704682e-12	1.004967e+02	
20  5253.61	2.249692e+00	1.158831e-01	1.041809e+00	7.444218e-02	2.281381e-09	2.105723e-09	1.305786e-11	1.295215e-09	3.704682e-12	9.958753e+01	
50  5252.2	2.249692e+00	1.158831e-01	1.041809e+00	7.444218e-02	2.281381e-09	2.105723e-09	1.305786e-11	1.295215e-09	3.704682e-12	1.001895e+02	
110  5252.36	2.249692e+00	1.158831e-01	1.041809e+00	7.444218e-02	2.281381e-09	2.105723e-09	1.305786e-11	1.295215e-09	3.704682e-12	1.002443e+02	
10  5252.39	2.249692e+00	1.158831e-01	1.041809e+00	7.444218e-02	2.281381e-09	2.105723e-09	1.305786e-11	1.295215e-09	3.704682e-12	9.981280e+01	
130  5253.41	2.249692e+00	1.158831e-01	1.041809e+00	7.444218e-02	2.281381e-09	2.105723e-09	1.305786e-11	1.295215e-09	3.704682e-12	9.961653e+01	
30  5252.8	2.249692e+00	1.158831e-01	1.041809e+00	7.444218e-02	2.281381e-09	2.105723e-09	1.305786e-11	1.295215e-09	3.704682e-12	1.003471e+02	
103  5252.37	2.249692e+00	1.158831e-01	1.041809e+00	7.444218e-02	2.281381e-09	2.105723e-09	1.305786e-11	1.295215e-09	3.704682e-12	1.002478e+02	
17  5253.66	2.243731e+00	1.134130e-01	1.042055e+00	8.556484e-02	2.279262e-09	2.152076e-09	1.069298e-11	6.531232e-10	9.204238e-12	1.001072e+02	
30  5254.14	2.243731e+00	1.134130e-01	1.042055e+00	8.556484e-02	2.279262e-09	2.152076e-09	1.069298e-11	6.531232e-10	9.204238e-12	9.977760e+01	
38  5253.62	2.243731e+00	1.134130e-01	1.042055e+00	8.556484e-02	2.279262e-09	2.152076e-09	1.069298e-11	6.531232e-10	9.204238e-12	1.000539e+02	
42  5254.94	2.250718e+00	1.129904e-01	1.041968e+00	9.029655e-02	2.301441e-09	2.174606e-09	2.762614e-11	3.279058e-10	1.005245e-11	1.001894e+02	
133  5254.78	2.250718e+00	1.129904e-01	1.041968e+00	9.029655e-02	2.301441e-09	2.174606e-09	2.762614e-11	3.279058e-10	1.005245e-11	1.000983e+02	
17  5254.15	2.249013e+00	1.145302e-01	1.041802e+00	7.203859e-02	2.251111e-09	2.098259e-09	2.214071e-11	7.104980e-10	1.450469e-11	9.965054e+01	
10  5253.02	2.249013e+00	1.145302e-01	1.041802e+00	7.203859e-02	2.251111e-09	2.098259e-09	2.214071e-11	7.104980e-10	1.450469e-11	1.001359e+02	
20  5253.05	2.249013e+00	1.145302e-01	1.041802e+00	7.203859e-02	2.251111e-09	2.098259e-09	2.214071e-11	7.104980e-10	1.450469e-11	9.992419e+01	
40  5253.22	2.249013e+00	1.145302e-01	1.041802e+00	7.203859e-02	2.251111e-09	2.098259e-09	2.214071e-11	7.104980e-10	1.450469e-11	9.985031e+01	
70  5252.94	2.249013e+00	1.145302e-01	1.041802e+00	7.203859e-02	2.251111e-09	2.098259e-09	2.214071e-11	7.104980e-10	1.450469e-11	1.000412e+02	
10  5252.95	2.249013e+00	1.145302e-01	1.041802e+00	7.203859e-02	2.251111e-09	2.098259e-09	2.214071e-11	7.104980e-10	1.450469e-11	1.000229e+02	
30  5252.99	2.249013e+00	1.145302e-01	1.041802e+00	7.203859e-02	2.251111e-09	2.098259e-09	2.214071e-11	7.104980e-10	1.450469e-11	9.995832e+01	
20  5253.68	2.249013e+00	1.145302e-01	1.041802e+00	7.203859e-02	2.251111e-09	2.098259e-09	2.214071e-11	7.104980e-10	1.450469e-11	1.003375e+02	
80  5254.69	2.249013e+00	1.145302e-01	1.041802e+00	7.203859e-02	2.251111e-09	2.098259e-09	2.214071e-11	7.104980e-10	1.450469e-11	1.005016e+02	
30  5253.66	2.249013e+00	1.145302e-01	1.041802e+00	7.203859e-02	2.251111e-09	2.098259e-09	2.214071e-11	7.104980e-10	1.450469e-11	9.973939e+01	
29  5255.46	2.249013e+00	1.145302e-01	1.041802e+00	7.203859e-02	2.251111e-09	2.098259e-09	2.214071e-11	7.104980e-10	1.450469e-11	9.947881e+01	
11  5255.8	2.247328e+00	1.157717e-01	1.041754e+00	7.491846e-02	2.283990e-09	2.107191e-09	4.789558e-11	7.920585e-10	-9.312685e-12	9.996618e+01	
4  5255.8	2.247328e+00	1.157717e-01	1.041754e+00	7.491846e-02	2.283990e-09	2.107191e-09	4.789558e-11	7.920585e-10	-9.312685e-12	9.996164e+01	
188  5254.67	2.240320e+00	1.138533e-01	1.041935e+00	8.890615e-02	2.281479e-09	2.164317e-09	1.080502e-11	1.579500e-09	7.111899e-12	9.997527e+01	
198  5254.81	2.261275e+00	1.138605e-01	1.042242e+00	9.822804e-02	2.316697e-09	2.202587e-09	5.118429e-12	3.539373e-09	6.805330e-12	1.001900e+02	
10  5255.56	2.261275e+00	1.138605e-01	1.042242e+00	9.822804e-02	2.316697e-09	2.202587e-09	5.118429e-12	3.539373e-09	6.805330e-12	1.003748e+02	
10  5255.15	2.261275e+00	1.138605e-01	1.042242e+00	9.822804e-02	2.316697e-09	2.202587e-09	5.118429e-12	3.539373e-09	6.805330e-12	9.977139e+01	
30  5254.66	2.261275e+00	1.138605e-01	1.042242e+00	9.822804e-02	2.316697e-09	2.202587e-09	5.118429e-12	3.539373e-09	6.805330e-12	1.001099e+02	
50  5254.65	2.261275e+00	1.138605e-01	1.042242e+00	9.822804e-02	2.316697e-09	2.202587e-09	5.118429e-12	3.539373e-09	6.805330e-12	1.001073e+02	
50  5256.08	2.261275e+00	1.138605e-01	1.042242e+00	9.822804e-02	2.316697e-09	2.202587e-09	5.118429e-12	3.539373e-09	6.805330e-12	1.004585e+02	
100  5256.04	2.261275e+00	1.138605e-01	1.042242e+00	9.822804e-02	2.316697e-09	2.202587e-09	5.118429e-12	3.539373e-09	6.805330e-12	9.961032e+01	
20  5256.87	2.261275e+00	1.138605e-01	1.042242e+00	9.822804e-02	2.316697e-09	2.202587e-09	5.118429e-12	3.539373e-09	6.805330e-12	1.005600e+02	
90  5254.62	2.261275e+00	1.138605e-01	1.042242e+00	9.822804e-02	2.316697e-09	2.202587e-09	5.118429e-12	3.539373e-09	6.805330e-12	1.000625e+02	
23  5254.62	2.261275e+00	1.138605e-01	1.042242e+00	9.822804e-02	2.316697e-09	2.202587e-09	5.118429e-12	3.539373e-09	6.805330e-12	9.998726e+01	
54  5254.75	2.236876e+00	1.150165e-01	1.042143e+00	9.043093e-02	2.312221e-09	2.170384e-09	1.298304e-11	3.216906e-09	5.935484e-12	1.002024e+02	
93  5253.47	2.263447e+00	1.152423e-01	1.041969e+00	8.830608e-02	2.332405e-09	2.162975e-09	4.772078e-12	2.033362e-09	7.228688e-12	1.001137e+02	
10  5254.31	2.263447e+00	1.152423e-01	1.041969e+00	8.830608e-02	2.332405e-09	2.162975e-09	4.772078e-12	2.033362e-09	7.228688e-12	9.970557e+01	
130  5254.65	2.263447e+00	1.152423e-01	1.041969e+00	8.830608e-02	2.332405e-09	2.162975e-09	4.772078e-12	2.033362e-09	7.228688e-12	1.004267e+02	
112  5253.67	2.263447e+00	1.152423e-01	1.041969e+00	8.830608e-02	2.332405e-09	2.162975e-09	4.772078e-12	2.033362e-09	7.228688e-12	9.986419e+01	
68  5252	2.254487e+00	1.151027e-01	1.042276e+00	9.608624e-02	2.384720e-09	2.202639e-09	1.415538e-11	7.455833e-10	1.087759e-11	1.005526e+02	
30  5251.16	2.254487e+00	1.151027e-01	1.042276e+00	9.608624e-02	2.384720e-09	2.202639e-09	1.415538e-11	7.455833e-10	1.087759e-11	9.965939e+01	
80  5250.32	2.254487e+00	1.151027e-01	1.042276e+00	9.608624e-02	2.384720e-09	2.202639e-09	1.415538e-11	7.455833e-10	1.087759e-11	9.983104e+01	
4  5251.52	2.254487e+00	1.151027e-01	1.042276e+00	9.608624e-02	2.384720e-09	2.202639e-09	1.415538e-11	7.455833e-10	1.087759e-11	1.004887e+02	
6  5255.29	2.236961e+00	1.192334e-01	1.041254e+00	7.444735e-02	2.397530e-09	2.113200e-09	1.704283e-11	1.122387e-09	-1.521455e-11	1.006780e+02	
80  5255.15	2.236961e+00	1.192334e-01	1.041254e+00	7.444735e-02	2.397530e-09	2.113200e-09	1.704283e-11	1.122387e-09	-1.521455e-11	9.942957e+01	
190  5252.9	2.236961e+00	1.192334e-01	1.041254e+00	7.444735e-02	2.397530e-09	2.113200e-09	1.704283e-11	1.122387e-09	-1.521455e-11	9.972666e+01	
10  5252.07	2.236961e+00	1.192334e-01	1.041254e+00	7.444735e-02	2.397530e-09	2.113200e-09	1.704283e-11	1.122387e-09	-1.521455e-11	1.000710e+02	
90  5252.33	2.236961e+00	1.192334e-01	1.041254e+00	7.444735e-02	2.397530e-09	2.113200e-09	1.704283e-11	1.122387e-09	-1.521455e-11	9.986696e+01	
14  5252.27	2.236961e+00	1.192334e-01	1.041254e+00	7.444735e-02	2.397530e-09	2.113200e-09	1.704283e-11	1.122387e-09	-1.521455e-11	9.989033e+01	
16  5252.6	2.240549e+00	1.182543e-01	1.041242e+00	7.834668e-02	2.383609e-09	2.130063e-09	1.953913e-11	1.271620e-09	-9.831053e-12	9.971080e+01	
130  5252.15	2.240549e+00	1.182543e-01	1.041242e+00	7.834668e-02	2.383609e-09	2.130063e-09	1.953913e-11	1.271620e-09	-9.831053e-12	9.980904e+01	
80  5251.75	2.240549e+00	1.182543e-01	1.041242e+00	7.834668e-02	2.383609e-09	2.130063e-09	1.953913e-11	1.271620e-09	-9.831053e-12	9.996224e+01	
30  5252.27	2.240549e+00	1.182543e-01	1.041242e+00	7.834668e-02	2.383609e-09	2.130063e-09	1.953913e-11	1.271620e-09	-9.831053e-12	9.977886e+01	
70  5251.83	2.240549e+00	1.182543e-01	1.041242e+00	7.834668e-02	2.383609e-09	2.130063e-09	1.953913e-11	1.271620e-09	-9.831053e-12	9.991564e+01	
20  5252	2.240549e+00	1.182543e-01	1.041242e+00	7.834668e-02	2.383609e-09	2.130063e-09	1.953913e-11	1.271620e-09	-9.831053e-12	9.985092e+01	
40  5251.95	2.240549e+00	1.182543e-01	1.041242e+00	7.834668e-02	2.383609e-09	2.130063e-09	1.953913e-11	1.271620e-09	-9.831053e-12	9.986654e+01	
10  5251.99	2.240549e+00	1.182543e-01	1.041242e+00	7.834668e-02	2.383609e-09	2.130063e-09	1.953913e-11	1.271620e-09	-9.831053e-12	9.985255e+01	
34  5253.03	2.240549e+00	1.182543e-01	1.041242e+00	7.834668e-02	2.383609e-09	2.130063e-09	1.953913e-11	1.271620e-09	-9.831053e-12	1.004526e+02	
46  5253.55	2.263528e+00	1.150559e-01	1.041820e+00	9.858364e-02	2.400452e-09	2.215528e-09	1.567040e-11	8.447674e-10	-1.092924e-11	1.003032e+02	
6  5253.04	2.263528e+00	1.150559e-01	1.041820e+00	9.858364e-02	2.400452e-09	2.215528e-09	1.567040e-11	8.447674e-10	-1.092924e-11	9.997414e+01	
4  5252.17	2.255400e+00	1.147921e-01	1.042013e+00	9.768610e-02	2.404657e-09	2.210182e-09	2.010346e-11	4.860317e-10	1.712432e-11	1.001693e+02	
50  5252.37	2.255400e+00	1.147921e-01	1.042013e+00	9.768610e-02	2.404657e-09	2.210182e-09	2.010346e-11	4.860317e-10	1.712432e-11	1.002486e+02	
270  5252.19	2.255400e+00	1.147921e-01	1.042013e+00	9.768610e-02	2.404657e-09	2.210182e-09	2.010346e-11	4.860317e-10	1.712432e-11	1.001787e+02	
20  5252.07	2.255400e+00	1.147921e-01	1.042013e+00	9.768610e-02	2.404657e-09	2.210182e-09	2.010346e-11	4.860317e-10	1.712432e-11	1.000208e+02	
41  5254.47	2.255400e+00	1.147921e-01	1.042013e+00	9.768610e-02	2.404657e-09	2.210182e-09	2.010346e-11	4.860317e-10	1.712432e-11	1.006003e+02	
11  5257.25	2.247245e+00	1.135546e-01	1.042236e+00	8.121553e-02	2.252035e-09	2.138065e-09	4.433975e-11	1.753597e-10	4.448230e-11	9.944524e+01	
79  5256.45	2.239206e+00	1.153894e-01	1.041767e+00	7.460973e-02	2.272013e-09	2.112292e-09	5.346725e-11	6.782257e-10	1.779857e-11	9.959161e+01	
19  5252.7	2.244632e+00	1.169518e-01	1.041412e+00	7.620115e-02	2.319107e-09	2.117528e-09	2.184977e-11	1.267314e-09	1.157513e-12	9.995144e+01	
3  5252.65	2.244632e+00	1.169518e-01	1.041412e+00	7.620115e-02	2.319107e-09	2.117528e-09	2.184977e-11	1.267314e-09	1.157513e-12	1.000769e+02	
7  5252.14	2.251685e+00	1.163068e-01	1.041396e+00	7.554160e-02	2.337353e-09	2.116714e-09	3.069533e-11	6.504908e-10	-1.547396e-11	9.983022e+01	
130  5252.16	2.251685e+00	1.163068e-01	1.041396e+00	7.554160e-02	2.337353e-09	2.116714e-09	3.069533e-11	6.504908e-10	-1.547396e-11	1.002584e+02	
70  5251.79	2.251685e+00	1.163068e-01	1.041396e+00	7.554160e-02	2.337353e-09	2.116714e-09	3.069533e-11	6.504908e-10	-1.547396e-11	1.000823e+02	
159  5251.86	2.251685e+00	1.163068e-01	1.041396e+00	7.554160e-02	2.337353e-09	2.116714e-09	3.069533e-11	6.504908e-10	-1.547396e-11	9.994156e+01	
21  5253.97	2.229307e+00	1.171763e-01	1.041936e+00	6.979031e-02	2.311524e-09	2.093770e-09	1.772609e-11	1.272878e-09	-1.189580e-11	1.000859e+02	
10  5255.32	2.229307e+00	1.171763e-01	1.041936e+00	6.979031e-02	2.311524e-09	2.093770e-09	1.772609e-11	1.272878e-09	-1.189580e-11	9.962385e+01	
30  5254.03	2.229307e+00	1.171763e-01	1.041936e+00	6.979031e-02	2.311524e-09	2.093770e-09	1.772609e-11	1.272878e-09	-1.189580e-11	1.001407e+02	
10  5256.7	2.229307e+00	1.171763e-01	1.041936e+00	6.979031e-02	2.311524e-09	2.093770e-09	1.772609e-11	1.272878e-09	-1.189580e-11	9.945247e+01	
5  5257.39	2.229307e+00	1.171763e-01	1.041936e+00	6.979031e-02	2.311524e-09	2.093770e-09	1.772609e-11	1.272878e-09	-1.189580e-11	9.938355e+01	
20  5257.49	2.226325e+00	1.170746e-01	1.042940e+00	7.905517e-02	2.318117e-09	2.137726e-09	3.582106e-11	8.439483e-10	9.262345e-12	1.001280e+02	
9  5257.8	2.235519e+00	1.155968e-01	1.043534e+00	9.975764e-02	2.381943e-09	2.226335e-09	4.224103e-12	1.010618e-09	2.584847e-11	1.007575e+02	
86  5257.99	2.243156e+00	1.155366e-01	1.043403e+00	8.843120e-02	2.292495e-09	2.171287e-09	1.332181e-11	3.125250e-09	1.922797e-11	9.975039e+01	
35  5259.55	2.243156e+00	1.155366e-01	1.043403e+00	8.843120e-02	2.292495e-09	2.171287e-09	1.332181e-11	3.125250e-09	1.922797e-11	1.005601e+02	
