9  5286.75	2.200533e+00	1.157026e-01	1.042560e+00	7.064947e-02	2.299947e-09	2.093011e-09	7.597547e-12	3.000245e-09	2.637912e-11	9.988531e+01	
44  5286.79	2.200533e+00	1.157026e-01	1.042560e+00	7.064947e-02	2.299947e-09	2.093011e-09	7.597547e-12	3.000245e-09	2.637912e-11	9.986982e+01	
2  5280.37	2.228332e+00	1.141250e-01	1.042778e+00	6.883421e-02	2.262611e-09	2.083557e-09	3.264505e-11	1.948292e-09	3.044817e-11	9.921001e+01	
2  5261.02	2.243309e+00	1.178733e-01	1.041985e+00	7.363024e-02	2.433549e-09	2.111781e-09	2.319280e-11	6.970476e-11	2.888266e-12	1.007680e+02	
38  5260.63	2.251224e+00	1.164768e-01	1.042318e+00	7.463084e-02	2.375766e-09	2.115502e-09	4.137605e-11	9.453295e-10	-6.125872e-14	1.001655e+02	
4  5252.49	2.256192e+00	1.151433e-01	1.042655e+00	8.730661e-02	2.371463e-09	2.163284e-09	1.003939e-11	1.764906e-09	9.199393e-12	1.001974e+02	
120  5252.35	2.256192e+00	1.151433e-01	1.042655e+00	8.730661e-02	2.371463e-09	2.163284e-09	1.003939e-11	1.764906e-09	9.199393e-12	9.997540e+01	
70  5252.79	2.256192e+00	1.151433e-01	1.042655e+00	8.730661e-02	2.371463e-09	2.163284e-09	1.003939e-11	1.764906e-09	9.199393e-12	9.980456e+01	
70  5252.43	2.256192e+00	1.151433e-01	1.042655e+00	8.730661e-02	2.371463e-09	2.163284e-09	1.003939e-11	1.764906e-09	9.199393e-12	9.992685e+01	
110  5252.38	2.256192e+00	1.151433e-01	1.042655e+00	8.730661e-02	2.371463e-09	2.163284e-09	1.003939e-11	1.764906e-09	9.199393e-12	1.001448e+02	
190  5252.32	2.256192e+00	1.151433e-01	1.042655e+00	8.730661e-02	2.371463e-09	2.163284e-09	1.003939e-11	1.764906e-09	9.199393e-12	1.000851e+02	
30  5252.86	2.256192e+00	1.151433e-01	1.042655e+00	8.730661e-02	2.371463e-09	2.163284e-09	1.003939e-11	1.764906e-09	9.199393e-12	9.978600e+01	
20  5252.96	2.256192e+00	1.151433e-01	1.042655e+00	8.730661e-02	2.371463e-09	2.163284e-09	1.003939e-11	1.764906e-09	9.199393e-12	9.976303e+01	
20  5252.32	2.256192e+00	1.151433e-01	1.042655e+00	8.730661e-02	2.371463e-09	2.163284e-09	1.003939e-11	1.764906e-09	9.199393e-12	1.000821e+02	
30  5252.31	2.256192e+00	1.151433e-01	1.042655e+00	8.730661e-02	2.371463e-09	2.163284e-09	1.003939e-11	1.764906e-09	9.199393e-12	1.000195e+02	
90  5252.38	2.256192e+00	1.151433e-01	1.042655e+00	8.730661e-02	2.371463e-09	2.163284e-09	1.003939e-11	1.764906e-09	9.199393e-12	1.001431e+02	
20  5256.46	2.256192e+00	1.151433e-01	1.042655e+00	8.730661e-02	2.371463e-09	2.163284e-09	1.003939e-11	1.764906e-09	9.199393e-12	1.007646e+02	
30  5252.64	2.256192e+00	1.151433e-01	1.042655e+00	8.730661e-02	2.371463e-09	2.163284e-09	1.003939e-11	1.764906e-09	9.199393e-12	9.984511e+01	
20  5252.5	2.256192e+00	1.151433e-01	1.042655e+00	8.730661e-02	2.371463e-09	2.163284e-09	1.003939e-11	1.764906e-09	9.199393e-12	9.989452e+01	
20  5252.43	2.256192e+00	1.151433e-01	1.042655e+00	8.730661e-02	2.371463e-09	2.163284e-09	1.003939e-11	1.764906e-09	9.199393e-12	9.992329e+01	
60  5252.35	2.256192e+00	1.151433e-01	1.042655e+00	8.730661e-02	2.371463e-09	2.163284e-09	1.003939e-11	1.764906e-09	9.199393e-12	9.997420e+01	
10  5252.31	2.256192e+00	1.151433e-01	1.042655e+00	8.730661e-02	2.371463e-09	2.163284e-09	1.003939e-11	1.764906e-09	9.199393e-12	1.000724e+02	
20  5252.4	2.256192e+00	1.151433e-01	1.042655e+00	8.730661e-02	2.371463e-09	2.163284e-09	1.003939e-11	1.764906e-09	9.199393e-12	1.001558e+02	
40  5253.9	2.256192e+00	1.151433e-01	1.042655e+00	8.730661e-02	2.371463e-09	2.163284e-09	1.003939e-11	1.764906e-09	9.199393e-12	1.004919e+02	
10  5254.43	2.256192e+00	1.151433e-01	1.042655e+00	8.730661e-02	2.371463e-09	2.163284e-09	1.003939e-11	1.764906e-09	9.199393e-12	1.005597e+02	
16  5253.96	2.256192e+00	1.151433e-01	1.042655e+00	8.730661e-02	2.371463e-09	2.163284e-09	1.003939e-11	1.764906e-09	9.199393e-12	1.005005e+02	
32  5253.69	2.261889e+00	1.142508e-01	1.043103e+00	7.778973e-02	2.266174e-09	2.127645e-09	1.308998e-11	4.922033e-10	2.189033e-11	9.975224e+01	
2  5253.23	2.264158e+00	1.135379e-01	1.042449e+00	9.250773e-02	2.312226e-09	2.184294e-09	3.089950e-11	8.610064e-10	7.667530e-12	1.000602e+02	
110  5254.45	2.264158e+00	1.135379e-01	1.042449e+00	9.250773e-02	2.312226e-09	2.184294e-09	3.089950e-11	8.610064e-10	7.667530e-12	1.004303e+02	
33  5253.72	2.264158e+00	1.135379e-01	1.042449e+00	9.250773e-02	2.312226e-09	2.184294e-09	3.089950e-11	8.610064e-10	7.667530e-12	1.002881e+02	
56  5253.21	2.235603e+00	1.156167e-01	1.042665e+00	7.370111e-02	2.276524e-09	2.100948e-09	1.069171e-11	2.001357e-09	1.217907e-11	1.001822e+02	
46  5255.2	2.248991e+00	1.133788e-01	1.042787e+00	8.309135e-02	2.283091e-09	2.141815e-09	2.527666e-11	5.781097e-10	1.557559e-11	9.999675e+01	
120  5256.95	2.254441e+00	1.126522e-01	1.042127e+00	8.994193e-02	2.282842e-09	2.168865e-09	4.894741e-11	3.063961e-10	1.501439e-11	9.997193e+01	
55  5257.83	2.241570e+00	1.134363e-01	1.042973e+00	9.040077e-02	2.302776e-09	2.178814e-09	2.688256e-11	3.443944e-10	1.675345e-11	1.004804e+02	
20  5258.37	2.241570e+00	1.134363e-01	1.042973e+00	9.040077e-02	2.302776e-09	2.178814e-09	2.688256e-11	3.443944e-10	1.675345e-11	9.953233e+01	
104  5257.51	2.241570e+00	1.134363e-01	1.042973e+00	9.040077e-02	2.302776e-09	2.178814e-09	2.688256e-11	3.443944e-10	1.675345e-11	9.965114e+01	
19  5255.87	2.262957e+00	1.139980e-01	1.042337e+00	9.580654e-02	2.360340e-09	2.196956e-09	5.568704e-11	6.820318e-10	-5.540791e-13	9.988005e+01	
25  5254.29	2.261473e+00	1.144105e-01	1.042801e+00	8.817740e-02	2.332330e-09	2.168682e-09	2.934550e-11	2.736790e-10	1.950727e-11	9.980140e+01	
5  5254.78	2.245404e+00	1.175082e-01	1.041718e+00	8.449939e-02	2.398567e-09	2.156069e-09	5.899276e-11	1.094676e-10	-1.156826e-11	1.006077e+02	
48  5253.67	2.236931e+00	1.160426e-01	1.041613e+00	8.687560e-02	2.352442e-09	2.166677e-09	4.111243e-11	5.051068e-10	-1.624185e-11	1.000711e+02	
19  5252.56	2.237216e+00	1.181759e-01	1.041125e+00	7.498315e-02	2.375744e-09	2.118977e-09	2.755151e-11	5.447275e-10	-1.480882e-11	1.002047e+02	
49  5252.61	2.237216e+00	1.181759e-01	1.041125e+00	7.498315e-02	2.375744e-09	2.118977e-09	2.755151e-11	5.447275e-10	-1.480882e-11	9.986958e+01	
11  5252.4	2.228305e+00	1.190285e-01	1.041764e+00	7.450289e-02	2.375915e-09	2.120553e-09	2.067124e-11	8.815038e-10	-5.102447e-12	1.002924e+02	
50  5251.92	2.228305e+00	1.190285e-01	1.041764e+00	7.450289e-02	2.375915e-09	2.120553e-09	2.067124e-11	8.815038e-10	-5.102447e-12	1.000220e+02	
100  5251.99	2.228305e+00	1.190285e-01	1.041764e+00	7.450289e-02	2.375915e-09	2.120553e-09	2.067124e-11	8.815038e-10	-5.102447e-12	1.001458e+02	
20  5252.8	2.228305e+00	1.190285e-01	1.041764e+00	7.450289e-02	2.375915e-09	2.120553e-09	2.067124e-11	8.815038e-10	-5.102447e-12	9.971709e+01	
14  5252.38	2.228305e+00	1.190285e-01	1.041764e+00	7.450289e-02	2.375915e-09	2.120553e-09	2.067124e-11	8.815038e-10	-5.102447e-12	1.002881e+02	
16  5254.23	2.215143e+00	1.171272e-01	1.041679e+00	7.866441e-02	2.342041e-09	2.131400e-09	2.124306e-11	1.195577e-09	4.911280e-12	9.989552e+01	
30  5254.69	2.215143e+00	1.171272e-01	1.041679e+00	7.866441e-02	2.342041e-09	2.131400e-09	2.124306e-11	1.195577e-09	4.911280e-12	9.976411e+01	
6  5254.08	2.215143e+00	1.171272e-01	1.041679e+00	7.866441e-02	2.342041e-09	2.131400e-09	2.124306e-11	1.195577e-09	4.911280e-12	9.998962e+01	
60  5255.63	2.234713e+00	1.174407e-01	1.041028e+00	7.438749e-02	2.374317e-09	2.112386e-09	3.591723e-11	6.958819e-10	-2.716551e-11	9.964248e+01	
24  5252.72	2.232126e+00	1.199002e-01	1.041666e+00	6.292000e-02	2.346120e-09	2.075290e-09	1.714805e-11	6.106169e-10	-1.002099e-11	1.000352e+02	
207  5252.72	2.232126e+00	1.199002e-01	1.041666e+00	6.292000e-02	2.346120e-09	2.075290e-09	1.714805e-11	6.106169e-10	-1.002099e-11	1.000260e+02	
13  5255.52	2.229070e+00	1.201542e-01	1.041775e+00	6.260218e-02	2.353459e-09	2.074332e-09	1.654966e-11	1.010526e-09	-1.401350e-11	1.000947e+02	
2  5255.77	2.229070e+00	1.201542e-01	1.041775e+00	6.260218e-02	2.353459e-09	2.074332e-09	1.654966e-11	1.010526e-09	-1.401350e-11	1.002290e+02	
38  5255.45	2.239946e+00	1.181109e-01	1.041773e+00	6.400615e-02	2.325613e-09	2.073886e-09	1.008787e-11	6.328388e-10	1.539306e-11	9.970373e+01	
29  5255.14	2.239946e+00	1.181109e-01	1.041773e+00	6.400615e-02	2.325613e-09	2.073886e-09	1.008787e-11	6.328388e-10	1.539306e-11	9.976364e+01	
81  5254.69	2.238280e+00	1.164031e-01	1.041641e+00	8.274528e-02	2.352610e-09	2.146446e-09	3.098258e-11	9.704360e-11	3.808009e-11	1.002890e+02	
20  5254.42	2.238280e+00	1.164031e-01	1.041641e+00	8.274528e-02	2.352610e-09	2.146446e-09	3.098258e-11	9.704360e-11	3.808009e-11	1.001952e+02	
8  5254.6	2.238280e+00	1.164031e-01	1.041641e+00	8.274528e-02	2.352610e-09	2.146446e-09	3.098258e-11	9.704360e-11	3.808009e-11	1.002625e+02	
12  5255.25	2.262937e+00	1.162029e-01	1.041900e+00	8.290142e-02	2.370213e-09	2.148446e-09	6.811346e-11	5.480180e-10	-2.922952e-11	9.976520e+01	
6  5254.9	2.262937e+00	1.162029e-01	1.041900e+00	8.290142e-02	2.370213e-09	2.148446e-09	6.811346e-11	5.480180e-10	-2.922952e-11	1.002442e+02	
161  5251.57	2.265267e+00	1.151664e-01	1.042111e+00	8.353804e-02	2.344283e-09	2.150863e-09	3.346575e-11	5.383653e-10	9.947033e-13	1.000106e+02	
63  5251.7	2.241434e+00	1.154613e-01	1.042617e+00	7.894217e-02	2.296048e-09	2.136035e-09	2.817356e-11	2.481824e-10	2.218607e-11	1.001628e+02	
70  5252.77	2.241434e+00	1.154613e-01	1.042617e+00	7.894217e-02	2.296048e-09	2.136035e-09	2.817356e-11	2.481824e-10	2.218607e-11	1.004292e+02	
10  5252.62	2.241434e+00	1.154613e-01	1.042617e+00	7.894217e-02	2.296048e-09	2.136035e-09	2.817356e-11	2.481824e-10	2.218607e-11	9.968761e+01	
40  5251.6	2.241434e+00	1.154613e-01	1.042617e+00	7.894217e-02	2.296048e-09	2.136035e-09	2.817356e-11	2.481824e-10	2.218607e-11	1.000865e+02	
20  5253.41	2.241434e+00	1.154613e-01	1.042617e+00	7.894217e-02	2.296048e-09	2.136035e-09	2.817356e-11	2.481824e-10	2.218607e-11	9.957070e+01	
40  5253.82	2.241434e+00	1.154613e-01	1.042617e+00	7.894217e-02	2.296048e-09	2.136035e-09	2.817356e-11	2.481824e-10	2.218607e-11	1.005721e+02	
39  5253.63	2.241434e+00	1.154613e-01	1.042617e+00	7.894217e-02	2.296048e-09	2.136035e-09	2.817356e-11	2.481824e-10	2.218607e-11	9.954332e+01	
51  5251.53	2.223314e+00	1.158290e-01	1.042480e+00	8.395197e-02	2.323771e-09	2.152937e-09	3.037622e-12	2.512970e-10	1.228872e-11	9.992367e+01	
130  5251.59	2.223314e+00	1.158290e-01	1.042480e+00	8.395197e-02	2.323771e-09	2.152937e-09	3.037622e-12	2.512970e-10	1.228872e-11	9.989355e+01	
110  5251.43	2.223314e+00	1.158290e-01	1.042480e+00	8.395197e-02	2.323771e-09	2.152937e-09	3.037622e-12	2.512970e-10	1.228872e-11	1.000033e+02	
80  5252.38	2.223314e+00	1.158290e-01	1.042480e+00	8.395197e-02	2.323771e-09	2.152937e-09	3.037622e-12	2.512970e-10	1.228872e-11	1.003815e+02	
69  5252.6	2.223314e+00	1.158290e-01	1.042480e+00	8.395197e-02	2.323771e-09	2.152937e-09	3.037622e-12	2.512970e-10	1.228872e-11	1.004189e+02	
18  5254.5	2.229152e+00	1.152539e-01	1.041728e+00	8.743489e-02	2.335294e-09	2.166818e-09	4.835416e-12	6.612360e-10	1.362011e-11	1.002387e+02	
33  5252.53	2.231783e+00	1.162816e-01	1.041528e+00	8.535515e-02	2.343373e-09	2.153643e-09	9.649386e-12	2.121899e-09	9.449571e-13	1.002520e+02	
30  5252.19	2.231783e+00	1.162816e-01	1.041528e+00	8.535515e-02	2.343373e-09	2.153643e-09	9.649386e-12	2.121899e-09	9.449571e-13	9.997206e+01	
140  5252.17	2.231783e+00	1.162816e-01	1.041528e+00	8.535515e-02	2.343373e-09	2.153643e-09	9.649386e-12	2.121899e-09	9.449571e-13	1.000876e+02	
68  5253.93	2.231783e+00	1.162816e-01	1.041528e+00	8.535515e-02	2.343373e-09	2.153643e-09	9.649386e-12	2.121899e-09	9.449571e-13	1.005069e+02	
22  5256.17	2.234691e+00	1.169108e-01	1.040865e+00	7.624550e-02	2.376035e-09	2.113613e-09	1.800764e-11	1.201189e-09	-2.264309e-11	1.002500e+02	
10  5256.71	2.234691e+00	1.169108e-01	1.040865e+00	7.624550e-02	2.376035e-09	2.113613e-09	1.800764e-11	1.201189e-09	-2.264309e-11	9.970882e+01	
3  5256.37	2.234691e+00	1.169108e-01	1.040865e+00	7.624550e-02	2.376035e-09	2.113613e-09	1.800764e-11	1.201189e-09	-2.264309e-11	1.003038e+02	
177  5251.55	2.231679e+00	1.165169e-01	1.042008e+00	7.352143e-02	2.299144e-09	2.098996e-09	7.085222e-12	3.312270e-09	3.283311e-12	1.000177e+02	
30  5251.55	2.231679e+00	1.165169e-01	1.042008e+00	7.352143e-02	2.299144e-09	2.098996e-09	7.085222e-12	3.312270e-09	3.283311e-12	1.000494e+02	
69  5251.57	2.231679e+00	1.165169e-01	1.042008e+00	7.352143e-02	2.299144e-09	2.098996e-09	7.085222e-12	3.312270e-09	3.283311e-12	1.000876e+02	
1  5249.35	2.246768e+00	1.156981e-01	1.041951e+00	8.252008e-02	2.331862e-09	2.138688e-09	5.245044e-12	2.650034e-09	1.200069e-12	1.002208e+02	
40  5249.23	2.246768e+00	1.156981e-01	1.041951e+00	8.252008e-02	2.331862e-09	2.138688e-09	5.245044e-12	2.650034e-09	1.200069e-12	9.990183e+01	
20  5249.2	2.246768e+00	1.156981e-01	1.041951e+00	8.252008e-02	2.331862e-09	2.138688e-09	5.245044e-12	2.650034e-09	1.200069e-12	9.991662e+01	
10  5249.13	2.246768e+00	1.156981e-01	1.041951e+00	8.252008e-02	2.331862e-09	2.138688e-09	5.245044e-12	2.650034e-09	1.200069e-12	1.001190e+02	
10  5249.49	2.246768e+00	1.156981e-01	1.041951e+00	8.252008e-02	2.331862e-09	2.138688e-09	5.245044e-12	2.650034e-09	1.200069e-12	1.002623e+02	
120  5249.81	2.246768e+00	1.156981e-01	1.041951e+00	8.252008e-02	2.331862e-09	2.138688e-09	5.245044e-12	2.650034e-09	1.200069e-12	1.003383e+02	
10  5249.25	2.246768e+00	1.156981e-01	1.041951e+00	8.252008e-02	2.331862e-09	2.138688e-09	5.245044e-12	2.650034e-09	1.200069e-12	9.989373e+01	
20  5250.58	2.246768e+00	1.156981e-01	1.041951e+00	8.252008e-02	2.331862e-09	2.138688e-09	5.245044e-12	2.650034e-09	1.200069e-12	1.004677e+02	
27  5249.57	2.246768e+00	1.156981e-01	1.041951e+00	8.252008e-02	2.331862e-09	2.138688e-09	5.245044e-12	2.650034e-09	1.200069e-12	9.979086e+01	
23  5252.48	2.249610e+00	1.161979e-01	1.041933e+00	7.215926e-02	2.308347e-09	2.096252e-09	1.001107e-11	1.482419e-09	5.832473e-12	9.956323e+01	
20  5253.42	2.249610e+00	1.161979e-01	1.041933e+00	7.215926e-02	2.308347e-09	2.096252e-09	1.001107e-11	1.482419e-09	5.832473e-12	1.006259e+02	
10  5251.67	2.249610e+00	1.161979e-01	1.041933e+00	7.215926e-02	2.308347e-09	2.096252e-09	1.001107e-11	1.482419e-09	5.832473e-12	1.003967e+02	
30  5250.81	2.249610e+00	1.161979e-01	1.041933e+00	7.215926e-02	2.308347e-09	2.096252e-09	1.001107e-11	1.482419e-09	5.832473e-12	9.989568e+01	
21  5250.64	2.249610e+00	1.161979e-01	1.041933e+00	7.215926e-02	2.308347e-09	2.096252e-09	1.001107e-11	1.482419e-09	5.832473e-12	1.000328e+02	
79  5252.77	2.248691e+00	1.162632e-01	1.042348e+00	7.834342e-02	2.303802e-09	2.125687e-09	1.162599e-11	2.376089e-09	1.253570e-11	1.003349e+02	
20  5252.34	2.248691e+00	1.162632e-01	1.042348e+00	7.834342e-02	2.303802e-09	2.125687e-09	1.162599e-11	2.376089e-09	1.253570e-11	9.985239e+01	
24  5252.23	2.248691e+00	1.162632e-01	1.042348e+00	7.834342e-02	2.303802e-09	2.125687e-09	1.162599e-11	2.376089e-09	1.253570e-11	1.001843e+02	
26  5251.76	2.241494e+00	1.147747e-01	1.042912e+00	8.513685e-02	2.297058e-09	2.158850e-09	3.311358e-12	2.188600e-10	2.232720e-11	1.003439e+02	
100  5251.42	2.241494e+00	1.147747e-01	1.042912e+00	8.513685e-02	2.297058e-09	2.158850e-09	3.311358e-12	2.188600e-10	2.232720e-11	9.981002e+01	
20  5251.44	2.241494e+00	1.147747e-01	1.042912e+00	8.513685e-02	2.297058e-09	2.158850e-09	3.311358e-12	2.188600e-10	2.232720e-11	1.002702e+02	
20  5251.1	2.241494e+00	1.147747e-01	1.042912e+00	8.513685e-02	2.297058e-09	2.158850e-09	3.311358e-12	2.188600e-10	2.232720e-11	1.001482e+02	
140  5251	2.241494e+00	1.147747e-01	1.042912e+00	8.513685e-02	2.297058e-09	2.158850e-09	3.311358e-12	2.188600e-10	2.232720e-11	1.000474e+02	
30  5251.09	2.241494e+00	1.147747e-01	1.042912e+00	8.513685e-02	2.297058e-09	2.158850e-09	3.311358e-12	2.188600e-10	2.232720e-11	1.001407e+02	
70  5251.17	2.241494e+00	1.147747e-01	1.042912e+00	8.513685e-02	2.297058e-09	2.158850e-09	3.311358e-12	2.188600e-10	2.232720e-11	9.989117e+01	
10  5251.03	2.241494e+00	1.147747e-01	1.042912e+00	8.513685e-02	2.297058e-09	2.158850e-09	3.311358e-12	2.188600e-10	2.232720e-11	1.000939e+02	
50  5251.01	2.241494e+00	1.147747e-01	1.042912e+00	8.513685e-02	2.297058e-09	2.158850e-09	3.311358e-12	2.188600e-10	2.232720e-11	1.000672e+02	
30  5251.23	2.241494e+00	1.147747e-01	1.042912e+00	8.513685e-02	2.297058e-09	2.158850e-09	3.311358e-12	2.188600e-10	2.232720e-11	1.002047e+02	
30  5251.12	2.241494e+00	1.147747e-01	1.042912e+00	8.513685e-02	2.297058e-09	2.158850e-09	3.311358e-12	2.188600e-10	2.232720e-11	9.991654e+01	
80  5251.57	2.241494e+00	1.147747e-01	1.042912e+00	8.513685e-02	2.297058e-09	2.158850e-09	3.311358e-12	2.188600e-10	2.232720e-11	1.003037e+02	
50  5251.04	2.241494e+00	1.147747e-01	1.042912e+00	8.513685e-02	2.297058e-09	2.158850e-09	3.311358e-12	2.188600e-10	2.232720e-11	1.001033e+02	
150  5251.02	2.241494e+00	1.147747e-01	1.042912e+00	8.513685e-02	2.297058e-09	2.158850e-09	3.311358e-12	2.188600e-10	2.232720e-11	9.998838e+01	
50  5251.4	2.241494e+00	1.147747e-01	1.042912e+00	8.513685e-02	2.297058e-09	2.158850e-09	3.311358e-12	2.188600e-10	2.232720e-11	9.981586e+01	
150  5251.58	2.241494e+00	1.147747e-01	1.042912e+00	8.513685e-02	2.297058e-09	2.158850e-09	3.311358e-12	2.188600e-10	2.232720e-11	9.976831e+01	
10  5251.97	2.241494e+00	1.147747e-01	1.042912e+00	8.513685e-02	2.297058e-09	2.158850e-09	3.311358e-12	2.188600e-10	2.232720e-11	9.969017e+01	
80  5251.69	2.241494e+00	1.147747e-01	1.042912e+00	8.513685e-02	2.297058e-09	2.158850e-09	3.311358e-12	2.188600e-10	2.232720e-11	1.003300e+02	
30  5252.02	2.241494e+00	1.147747e-01	1.042912e+00	8.513685e-02	2.297058e-09	2.158850e-09	3.311358e-12	2.188600e-10	2.232720e-11	9.968242e+01	
30  5251.96	2.241494e+00	1.147747e-01	1.042912e+00	8.513685e-02	2.297058e-09	2.158850e-09	3.311358e-12	2.188600e-10	2.232720e-11	9.969173e+01	
40  5252.12	2.241494e+00	1.147747e-01	1.042912e+00	8.513685e-02	2.297058e-09	2.158850e-09	3.311358e-12	2.188600e-10	2.232720e-11	9.966524e+01	
20  5251.54	2.241494e+00	1.147747e-01	1.042912e+00	8.513685e-02	2.297058e-09	2.158850e-09	3.311358e-12	2.188600e-10	2.232720e-11	1.002949e+02	
30  5255.13	2.241494e+00	1.147747e-01	1.042912e+00	8.513685e-02	2.297058e-09	2.158850e-09	3.311358e-12	2.188600e-10	2.232720e-11	9.932227e+01	
15  5253.99	2.241494e+00	1.147747e-01	1.042912e+00	8.513685e-02	2.297058e-09	2.158850e-09	3.311358e-12	2.188600e-10	2.232720e-11	9.942933e+01	
31  5255	2.245053e+00	1.177478e-01	1.042359e+00	8.974657e-02	2.390910e-09	2.178520e-09	1.913270e-11	1.448406e-09	4.925324e-12	1.005020e+02	
7  5257.59	2.229751e+00	1.179518e-01	1.041743e+00	8.774505e-02	2.400205e-09	2.170952e-09	8.693359e-11	9.581400e-11	-1.664282e-11	1.006391e+02	
87  5257.38	2.231347e+00	1.191643e-01	1.041878e+00	6.626487e-02	2.333744e-09	2.083829e-09	1.204406e-10	3.344432e-10	-2.521785e-11	9.996001e+01	
11  5260.84	2.231347e+00	1.191643e-01	1.041878e+00	6.626487e-02	2.333744e-09	2.083829e-09	1.204406e-10	3.344432e-10	-2.521785e-11	9.940202e+01	
104  5258.26	2.240853e+00	1.186301e-01	1.042427e+00	7.835807e-02	2.379122e-09	2.138461e-09	1.202160e-10	4.254471e-11	-5.631907e-12	1.000276e+02	
5  5259.26	2.251787e+00	1.161352e-01	1.042235e+00	8.647590e-02	2.371333e-09	2.167008e-09	1.055873e-10	2.610094e-10	-1.916581e-11	9.933965e+01	
30  5255.7	2.251787e+00	1.161352e-01	1.042235e+00	8.647590e-02	2.371333e-09	2.167008e-09	1.055873e-10	2.610094e-10	-1.916581e-11	1.003502e+02	
35  5255.19	2.251787e+00	1.161352e-01	1.042235e+00	8.647590e-02	2.371333e-09	2.167008e-09	1.055873e-10	2.610094e-10	-1.916581e-11	1.002050e+02	
15  5255.2	2.226555e+00	1.176047e-01	1.041473e+00	7.434604e-02	2.384257e-09	2.115888e-09	5.918335e-11	3.721399e-10	-2.304521e-11	1.001267e+02	
30  5255.16	2.226555e+00	1.176047e-01	1.041473e+00	7.434604e-02	2.384257e-09	2.115888e-09	5.918335e-11	3.721399e-10	-2.304521e-11	1.000467e+02	
43  5255.4	2.226555e+00	1.176047e-01	1.041473e+00	7.434604e-02	2.384257e-09	2.115888e-09	5.918335e-11	3.721399e-10	-2.304521e-11	1.002283e+02	
47  5252.91	2.232306e+00	1.164378e-01	1.042476e+00	7.519918e-02	2.340305e-09	2.123267e-09	7.588629e-12	9.993694e-11	2.339390e-11	1.000991e+02	
100  5252.9	2.232306e+00	1.164378e-01	1.042476e+00	7.519918e-02	2.340305e-09	2.123267e-09	7.588629e-12	9.993694e-11	2.339390e-11	1.000135e+02	
40  5253.02	2.232306e+00	1.164378e-01	1.042476e+00	7.519918e-02	2.340305e-09	2.123267e-09	7.588629e-12	9.993694e-11	2.339390e-11	9.992313e+01	
80  5252.94	2.232306e+00	1.164378e-01	1.042476e+00	7.519918e-02	2.340305e-09	2.123267e-09	7.588629e-12	9.993694e-11	2.339390e-11	9.997279e+01	
227  5252.91	2.232306e+00	1.164378e-01	1.042476e+00	7.519918e-02	2.340305e-09	2.123267e-09	7.588629e-12	9.993694e-11	2.339390e-11	1.001034e+02	
20  5252.19	2.217893e+00	1.157288e-01	1.042728e+00	7.844485e-02	2.301004e-09	2.134273e-09	4.897013e-12	2.717543e-10	2.186572e-11	1.000117e+02	
3  5252.38	2.242608e+00	1.184061e-01	1.041087e+00	7.628393e-02	2.422424e-09	2.121285e-09	1.132766e-11	8.919688e-10	-1.479149e-11	1.003942e+02	
20  5251.45	2.242608e+00	1.184061e-01	1.041087e+00	7.628393e-02	2.422424e-09	2.121285e-09	1.132766e-11	8.919688e-10	-1.479149e-11	1.000002e+02	
10  5251.68	2.242608e+00	1.184061e-01	1.041087e+00	7.628393e-02	2.422424e-09	2.121285e-09	1.132766e-11	8.919688e-10	-1.479149e-11	9.987467e+01	
150  5251.92	2.242608e+00	1.184061e-01	1.041087e+00	7.628393e-02	2.422424e-09	2.121285e-09	1.132766e-11	8.919688e-10	-1.479149e-11	9.980356e+01	
130  5251.56	2.242608e+00	1.184061e-01	1.041087e+00	7.628393e-02	2.422424e-09	2.121285e-09	1.132766e-11	8.919688e-10	-1.479149e-11	1.001787e+02	
20  5251.76	2.242608e+00	1.184061e-01	1.041087e+00	7.628393e-02	2.422424e-09	2.121285e-09	1.132766e-11	8.919688e-10	-1.479149e-11	9.984666e+01	
10  5251.82	2.242608e+00	1.184061e-01	1.041087e+00	7.628393e-02	2.422424e-09	2.121285e-09	1.132766e-11	8.919688e-10	-1.479149e-11	1.002717e+02	
63  5251.7	2.242608e+00	1.184061e-01	1.041087e+00	7.628393e-02	2.422424e-09	2.121285e-09	1.132766e-11	8.919688e-10	-1.479149e-11	1.002332e+02	
7  5251.49	2.229731e+00	1.187955e-01	1.041482e+00	6.105398e-02	2.328688e-09	2.059307e-09	7.067867e-12	1.406648e-09	-2.922592e-12	9.963872e+01	
120  5250.33	2.229731e+00	1.187955e-01	1.041482e+00	6.105398e-02	2.328688e-09	2.059307e-09	7.067867e-12	1.406648e-09	-2.922592e-12	1.001809e+02	
20  5251.7	2.229731e+00	1.187955e-01	1.041482e+00	6.105398e-02	2.328688e-09	2.059307e-09	7.067867e-12	1.406648e-09	-2.922592e-12	1.004774e+02	
90  5250.72	2.229731e+00	1.187955e-01	1.041482e+00	6.105398e-02	2.328688e-09	2.059307e-09	7.067867e-12	1.406648e-09	-2.922592e-12	1.003029e+02	
30  5250.76	2.229731e+00	1.187955e-01	1.041482e+00	6.105398e-02	2.328688e-09	2.059307e-09	7.067867e-12	1.406648e-09	-2.922592e-12	1.003130e+02	
20  5253.46	2.229731e+00	1.187955e-01	1.041482e+00	6.105398e-02	2.328688e-09	2.059307e-09	7.067867e-12	1.406648e-09	-2.922592e-12	9.940533e+01	
50  5251.05	2.229731e+00	1.187955e-01	1.041482e+00	6.105398e-02	2.328688e-09	2.059307e-09	7.067867e-12	1.406648e-09	-2.922592e-12	1.003712e+02	
10  5253.13	2.229731e+00	1.187955e-01	1.041482e+00	6.105398e-02	2.328688e-09	2.059307e-09	7.067867e-12	1.406648e-09	-2.922592e-12	1.006476e+02	
10  5252.11	2.229731e+00	1.187955e-01	1.041482e+00	6.105398e-02	2.328688e-09	2.059307e-09	7.067867e-12	1.406648e-09	-2.922592e-12	9.955309e+01	
10  5252.69	2.229731e+00	1.187955e-01	1.041482e+00	6.105398e-02	2.328688e-09	2.059307e-09	7.067867e-12	1.406648e-09	-2.922592e-12	9.948509e+01	
18  5252.18	2.229731e+00	1.187955e-01	1.041482e+00	6.105398e-02	2.328688e-09	2.059307e-09	7.067867e-12	1.406648e-09	-2.922592e-12	9.954519e+01	
2  5255.56	2.227902e+00	1.194223e-01	1.041619e+00	7.646177e-02	2.394453e-09	2.130888e-09	4.175105e-11	1.540719e-10	-3.122847e-11	1.005810e+02	
30  5253.52	2.227902e+00	1.194223e-01	1.041619e+00	7.646177e-02	2.394453e-09	2.130888e-09	4.175105e-11	1.540719e-10	-3.122847e-11	1.002288e+02	
3  5254.68	2.227902e+00	1.194223e-01	1.041619e+00	7.646177e-02	2.394453e-09	2.130888e-09	4.175105e-11	1.540719e-10	-3.122847e-11	9.962569e+01	
27  5255.87	2.244892e+00	1.167421e-01	1.042431e+00	9.192141e-02	2.355064e-09	2.190181e-09	1.434188e-11	1.409965e-09	5.135748e-12	9.939139e+01	
50  5253.5	2.244892e+00	1.167421e-01	1.042431e+00	9.192141e-02	2.355064e-09	2.190181e-09	1.434188e-11	1.409965e-09	5.135748e-12	9.968278e+01	
10  5252.77	2.244892e+00	1.167421e-01	1.042431e+00	9.192141e-02	2.355064e-09	2.190181e-09	1.434188e-11	1.409965e-09	5.135748e-12	9.984612e+01	
75  5252.63	2.244892e+00	1.167421e-01	1.042431e+00	9.192141e-02	2.355064e-09	2.190181e-09	1.434188e-11	1.409965e-09	5.135748e-12	1.001802e+02	
65  5253.74	2.252718e+00	1.178717e-01	1.041765e+00	8.071211e-02	2.368216e-09	2.147070e-09	6.290207e-12	1.176028e-09	1.511812e-12	9.993328e+01	
40  5254.54	2.252718e+00	1.178717e-01	1.041765e+00	8.071211e-02	2.368216e-09	2.147070e-09	6.290207e-12	1.176028e-09	1.511812e-12	1.003763e+02	
30  5253.72	2.252718e+00	1.178717e-01	1.041765e+00	8.071211e-02	2.368216e-09	2.147070e-09	6.290207e-12	1.176028e-09	1.511812e-12	9.994302e+01	
20  5253.89	2.252718e+00	1.178717e-01	1.041765e+00	8.071211e-02	2.368216e-09	2.147070e-09	6.290207e-12	1.176028e-09	1.511812e-12	1.002198e+02	
18  5253.93	2.252718e+00	1.178717e-01	1.041765e+00	8.071211e-02	2.368216e-09	2.147070e-09	6.290207e-12	1.176028e-09	1.511812e-12	1.002331e+02	
2  5252.28	2.235720e+00	1.198582e-01	1.041632e+00	5.969202e-02	2.321636e-09	2.056443e-09	9.677042e-12	1.653757e-09	-3.303076e-12	9.988679e+01	
40  5252.88	2.235720e+00	1.198582e-01	1.041632e+00	5.969202e-02	2.321636e-09	2.056443e-09	9.677042e-12	1.653757e-09	-3.303076e-12	9.972888e+01	
40  5253.99	2.235720e+00	1.198582e-01	1.041632e+00	5.969202e-02	2.321636e-09	2.056443e-09	9.677042e-12	1.653757e-09	-3.303076e-12	9.955759e+01	
50  5253.9	2.235720e+00	1.198582e-01	1.041632e+00	5.969202e-02	2.321636e-09	2.056443e-09	9.677042e-12	1.653757e-09	-3.303076e-12	9.956830e+01	
100  5252.36	2.235720e+00	1.198582e-01	1.041632e+00	5.969202e-02	2.321636e-09	2.056443e-09	9.677042e-12	1.653757e-09	-3.303076e-12	1.002239e+02	
10  5253.23	2.235720e+00	1.198582e-01	1.041632e+00	5.969202e-02	2.321636e-09	2.056443e-09	9.677042e-12	1.653757e-09	-3.303076e-12	9.966691e+01	
20  5252.11	2.235720e+00	1.198582e-01	1.041632e+00	5.969202e-02	2.321636e-09	2.056443e-09	9.677042e-12	1.653757e-09	-3.303076e-12	1.000971e+02	
120  5252.28	2.235720e+00	1.198582e-01	1.041632e+00	5.969202e-02	2.321636e-09	2.056443e-09	9.677042e-12	1.653757e-09	-3.303076e-12	9.988767e+01	
20  5252.72	2.235720e+00	1.198582e-01	1.041632e+00	5.969202e-02	2.321636e-09	2.056443e-09	9.677042e-12	1.653757e-09	-3.303076e-12	9.976200e+01	
8  5252.1	2.235720e+00	1.198582e-01	1.041632e+00	5.969202e-02	2.321636e-09	2.056443e-09	9.677042e-12	1.653757e-09	-3.303076e-12	1.000830e+02	
17  5257.48	2.261932e+00	1.197001e-01	1.041522e+00	6.158927e-02	2.337538e-09	2.066255e-09	5.112858e-11	4.276098e-10	-2.730084e-11	9.999394e+01	
50  5253.98	2.258003e+00	1.178709e-01	1.041830e+00	7.663187e-02	2.365897e-09	2.126164e-09	1.383487e-11	9.338449e-10	-1.750482e-11	1.001485e+02	
5  5253.75	2.259264e+00	1.152595e-01	1.043062e+00	9.790905e-02	2.381342e-09	2.210719e-09	5.114329e-12	2.655423e-09	1.382337e-11	1.004878e+02	
49  5252.52	2.259264e+00	1.152595e-01	1.043062e+00	9.790905e-02	2.381342e-09	2.210719e-09	5.114329e-12	2.655423e-09	1.382337e-11	1.002564e+02	
1  5255.29	2.237730e+00	1.153912e-01	1.041478e+00	9.321415e-02	2.399534e-09	2.190826e-09	2.046236e-11	8.798013e-10	-1.649221e-11	1.000473e+02	
30  5255.77	2.237730e+00	1.153912e-01	1.041478e+00	9.321415e-02	2.399534e-09	2.190826e-09	2.046236e-11	8.798013e-10	-1.649221e-11	9.979817e+01	
40  5255.75	2.237730e+00	1.153912e-01	1.041478e+00	9.321415e-02	2.399534e-09	2.190826e-09	2.046236e-11	8.798013e-10	-1.649221e-11	9.980313e+01	
41  5255.59	2.237730e+00	1.153912e-01	1.041478e+00	9.321415e-02	2.399534e-09	2.190826e-09	2.046236e-11	8.798013e-10	-1.649221e-11	1.002361e+02	
9  5255.51	2.260544e+00	1.154895e-01	1.041585e+00	8.227122e-02	2.338225e-09	2.147194e-09	3.602941e-11	2.204692e-10	1.483531e-11	9.977678e+01	
70  5255	2.260544e+00	1.154895e-01	1.041585e+00	8.227122e-02	2.338225e-09	2.147194e-09	3.602941e-11	2.204692e-10	1.483531e-11	9.993577e+01	
5  5255.07	2.260544e+00	1.154895e-01	1.041585e+00	8.227122e-02	2.338225e-09	2.147194e-09	3.602941e-11	2.204692e-10	1.483531e-11	9.990351e+01	
35  5253.67	2.253013e+00	1.167432e-01	1.041405e+00	7.924864e-02	2.350779e-09	2.137395e-09	2.333683e-12	4.297679e-10	1.007973e-13	1.000438e+02	
35  5253.67	2.253013e+00	1.167432e-01	1.041405e+00	7.924864e-02	2.350779e-09	2.137395e-09	2.333683e-12	4.297679e-10	1.007973e-13	1.000152e+02	
8  5253.48	2.260507e+00	1.172596e-01	1.041299e+00	7.372726e-02	2.366192e-09	2.113281e-09	2.859613e-11	1.812684e-10	-2.875160e-11	9.982583e+01	
27  5254.62	2.230634e+00	1.175555e-01	1.042215e+00	5.886559e-02	2.245218e-09	2.056639e-09	2.442188e-11	3.857701e-11	2.422030e-11	9.964402e+01	
153  5254.12	2.230634e+00	1.175555e-01	1.042215e+00	5.886559e-02	2.245218e-09	2.056639e-09	2.442188e-11	3.857701e-11	2.422030e-11	1.003593e+02	
67  5253.4	2.221480e+00	1.154411e-01	1.042267e+00	6.707193e-02	2.223394e-09	2.081052e-09	2.385841e-11	3.841723e-10	3.696666e-11	1.001025e+02	
1  5256.68	2.221480e+00	1.154411e-01	1.042267e+00	6.707193e-02	2.223394e-09	2.081052e-09	2.385841e-11	3.841723e-10	3.696666e-11	9.940031e+01	
65  5253.4	2.234106e+00	1.160049e-01	1.042302e+00	6.670746e-02	2.267264e-09	2.080568e-09	3.153207e-11	1.792059e-10	3.831327e-11	9.964616e+01	
13  5252.85	2.240930e+00	1.166419e-01	1.042011e+00	6.615008e-02	2.274739e-09	2.080229e-09	3.310785e-11	5.579722e-10	1.503818e-11	9.957486e+01	
71  5252.18	2.232962e+00	1.178415e-01	1.041820e+00	6.930564e-02	2.330876e-09	2.095251e-09	1.912557e-11	3.285677e-10	1.975340e-11	1.002727e+02	
12  5251.79	2.232962e+00	1.178415e-01	1.041820e+00	6.930564e-02	2.330876e-09	2.095251e-09	1.912557e-11	3.285677e-10	1.975340e-11	1.000297e+02	
38  5252.22	2.226994e+00	1.171357e-01	1.041774e+00	6.792768e-02	2.306352e-09	2.085532e-09	1.730559e-11	3.265228e-10	-1.857197e-12	9.958553e+01	
46  5251.9	2.226994e+00	1.171357e-01	1.041774e+00	6.792768e-02	2.306352e-09	2.085532e-09	1.730559e-11	3.265228e-10	-1.857197e-12	1.004472e+02	
34  5251.38	2.260418e+00	1.162429e-01	1.042045e+00	7.329815e-02	2.297517e-09	2.109151e-09	2.870610e-11	6.320712e-10	2.212683e-13	1.001882e+02	
30  5251.43	2.260418e+00	1.162429e-01	1.042045e+00	7.329815e-02	2.297517e-09	2.109151e-09	2.870610e-11	6.320712e-10	2.212683e-13	1.002073e+02	
50  5251.59	2.260418e+00	1.162429e-01	1.042045e+00	7.329815e-02	2.297517e-09	2.109151e-09	2.870610e-11	6.320712e-10	2.212683e-13	9.982041e+01	
30  5253.55	2.260418e+00	1.162429e-01	1.042045e+00	7.329815e-02	2.297517e-09	2.109151e-09	2.870610e-11	6.320712e-10	2.212683e-13	1.005793e+02	
30  5252.37	2.260418e+00	1.162429e-01	1.042045e+00	7.329815e-02	2.297517e-09	2.109151e-09	2.870610e-11	6.320712e-10	2.212683e-13	9.966023e+01	
42  5254.1	2.260418e+00	1.162429e-01	1.042045e+00	7.329815e-02	2.297517e-09	2.109151e-09	2.870610e-11	6.320712e-10	2.212683e-13	9.944146e+01	
18  5254.88	2.256577e+00	1.177654e-01	1.041403e+00	7.311757e-02	2.369544e-09	2.110190e-09	4.182158e-11	7.228117e-10	-3.692873e-11	9.982814e+01	
5  5255.01	2.256577e+00	1.177654e-01	1.041403e+00	7.311757e-02	2.369544e-09	2.110190e-09	4.182158e-11	7.228117e-10	-3.692873e-11	1.002915e+02	
68  5255.42	2.251168e+00	1.177298e-01	1.041931e+00	6.147869e-02	2.291737e-09	2.063065e-09	5.488327e-11	7.015280e-11	-4.044439e-11	9.976252e+01	
17  5254.2	2.247089e+00	1.198062e-01	1.041588e+00	6.152969e-02	2.385354e-09	2.067208e-09	5.196120e-11	1.605394e-11	-8.393539e-11	1.003794e+02	
40  5253.57	2.247089e+00	1.198062e-01	1.041588e+00	6.152969e-02	2.385354e-09	2.067208e-09	5.196120e-11	1.605394e-11	-8.393539e-11	9.983654e+01	
70  5253.37	2.247089e+00	1.198062e-01	1.041588e+00	6.152969e-02	2.385354e-09	2.067208e-09	5.196120e-11	1.605394e-11	-8.393539e-11	9.991460e+01	
110  5253.35	2.247089e+00	1.198062e-01	1.041588e+00	6.152969e-02	2.385354e-09	2.067208e-09	5.196120e-11	1.605394e-11	-8.393539e-11	1.001480e+02	
190  5253.28	2.247089e+00	1.198062e-01	1.041588e+00	6.152969e-02	2.385354e-09	2.067208e-09	5.196120e-11	1.605394e-11	-8.393539e-11	9.997322e+01	
30  5253.25	2.247089e+00	1.198062e-01	1.041588e+00	6.152969e-02	2.385354e-09	2.067208e-09	5.196120e-11	1.605394e-11	-8.393539e-11	1.000097e+02	
100  5253.25	2.247089e+00	1.198062e-01	1.041588e+00	6.152969e-02	2.385354e-09	2.067208e-09	5.196120e-11	1.605394e-11	-8.393539e-11	1.000428e+02	
10  5254.51	2.247089e+00	1.198062e-01	1.041588e+00	6.152969e-02	2.385354e-09	2.067208e-09	5.196120e-11	1.605394e-11	-8.393539e-11	1.004311e+02	
210  5253.36	2.247089e+00	1.198062e-01	1.041588e+00	6.152969e-02	2.385354e-09	2.067208e-09	5.196120e-11	1.605394e-11	-8.393539e-11	9.991885e+01	
300  5253.45	2.247089e+00	1.198062e-01	1.041588e+00	6.152969e-02	2.385354e-09	2.067208e-09	5.196120e-11	1.605394e-11	-8.393539e-11	1.001949e+02	
70  5253.44	2.247089e+00	1.198062e-01	1.041588e+00	6.152969e-02	2.385354e-09	2.067208e-09	5.196120e-11	1.605394e-11	-8.393539e-11	1.001907e+02	
30  5253.33	2.247089e+00	1.198062e-01	1.041588e+00	6.152969e-02	2.385354e-09	2.067208e-09	5.196120e-11	1.605394e-11	-8.393539e-11	1.001376e+02	
370  5253.37	2.247089e+00	1.198062e-01	1.041588e+00	6.152969e-02	2.385354e-09	2.067208e-09	5.196120e-11	1.605394e-11	-8.393539e-11	9.991609e+01	
60  5254.09	2.247089e+00	1.198062e-01	1.041588e+00	6.152969e-02	2.385354e-09	2.067208e-09	5.196120e-11	1.605394e-11	-8.393539e-11	9.971421e+01	
40  5253.51	2.247089e+00	1.198062e-01	1.041588e+00	6.152969e-02	2.385354e-09	2.067208e-09	5.196120e-11	1.605394e-11	-8.393539e-11	1.002167e+02	
30  5253.28	2.247089e+00	1.198062e-01	1.041588e+00	6.152969e-02	2.385354e-09	2.067208e-09	5.196120e-11	1.605394e-11	-8.393539e-11	1.000981e+02	
60  5253.39	2.247089e+00	1.198062e-01	1.041588e+00	6.152969e-02	2.385354e-09	2.067208e-09	5.196120e-11	1.605394e-11	-8.393539e-11	1.001688e+02	
10  5253.33	2.247089e+00	1.198062e-01	1.041588e+00	6.152969e-02	2.385354e-09	2.067208e-09	5.196120e-11	1.605394e-11	-8.393539e-11	9.993522e+01	
60  5253.33	2.247089e+00	1.198062e-01	1.041588e+00	6.152969e-02	2.385354e-09	2.067208e-09	5.196120e-11	1.605394e-11	-8.393539e-11	1.001375e+02	
10  5253.62	2.247089e+00	1.198062e-01	1.041588e+00	6.152969e-02	2.385354e-09	2.067208e-09	5.196120e-11	1.605394e-11	-8.393539e-11	1.002523e+02	
90  5253.62	2.247089e+00	1.198062e-01	1.041588e+00	6.152969e-02	2.385354e-09	2.067208e-09	5.196120e-11	1.605394e-11	-8.393539e-11	1.002509e+02	
30  5254.1	2.247089e+00	1.198062e-01	1.041588e+00	6.152969e-02	2.385354e-09	2.067208e-09	5.196120e-11	1.605394e-11	-8.393539e-11	1.003611e+02	
10  5253.5	2.247089e+00	1.198062e-01	1.041588e+00	6.152969e-02	2.385354e-09	2.067208e-09	5.196120e-11	1.605394e-11	-8.393539e-11	1.002132e+02	
10  5254.08	2.247089e+00	1.198062e-01	1.041588e+00	6.152969e-02	2.385354e-09	2.067208e-09	5.196120e-11	1.605394e-11	-8.393539e-11	9.971491e+01	
10  5253.46	2.247089e+00	1.198062e-01	1.041588e+00	6.152969e-02	2.385354e-09	2.067208e-09	5.196120e-11	1.605394e-11	-8.393539e-11	9.987520e+01	
60  5253.41	2.247089e+00	1.198062e-01	1.041588e+00	6.152969e-02	2.385354e-09	2.067208e-09	5.196120e-11	1.605394e-11	-8.393539e-11	9.989480e+01	
70  5253.36	2.247089e+00	1.198062e-01	1.041588e+00	6.152969e-02	2.385354e-09	2.067208e-09	5.196120e-11	1.605394e-11	-8.393539e-11	1.001536e+02	
20  5253.25	2.247089e+00	1.198062e-01	1.041588e+00	6.152969e-02	2.385354e-09	2.067208e-09	5.196120e-11	1.605394e-11	-8.393539e-11	1.000520e+02	
40  5253.25	2.247089e+00	1.198062e-01	1.041588e+00	6.152969e-02	2.385354e-09	2.067208e-09	5.196120e-11	1.605394e-11	-8.393539e-11	1.000572e+02	
70  5253.59	2.247089e+00	1.198062e-01	1.041588e+00	6.152969e-02	2.385354e-09	2.067208e-09	5.196120e-11	1.605394e-11	-8.393539e-11	1.002430e+02	
190  5253.26	2.247089e+00	1.198062e-01	1.041588e+00	6.152969e-02	2.385354e-09	2.067208e-09	5.196120e-11	1.605394e-11	-8.393539e-11	1.000745e+02	
160  5253.33	2.247089e+00	1.198062e-01	1.041588e+00	6.152969e-02	2.385354e-09	2.067208e-09	5.196120e-11	1.605394e-11	-8.393539e-11	1.001349e+02	
30  5253.94	2.247089e+00	1.198062e-01	1.041588e+00	6.152969e-02	2.385354e-09	2.067208e-09	5.196120e-11	1.605394e-11	-8.393539e-11	9.974313e+01	
80  5253.42	2.247089e+00	1.198062e-01	1.041588e+00	6.152969e-02	2.385354e-09	2.067208e-09	5.196120e-11	1.605394e-11	-8.393539e-11	1.001832e+02	
40  5253.49	2.247089e+00	1.198062e-01	1.041588e+00	6.152969e-02	2.385354e-09	2.067208e-09	5.196120e-11	1.605394e-11	-8.393539e-11	9.986393e+01	
30  5253.34	2.247089e+00	1.198062e-01	1.041588e+00	6.152969e-02	2.385354e-09	2.067208e-09	5.196120e-11	1.605394e-11	-8.393539e-11	1.001406e+02	
70  5253.48	2.247089e+00	1.198062e-01	1.041588e+00	6.152969e-02	2.385354e-09	2.067208e-09	5.196120e-11	1.605394e-11	-8.393539e-11	1.002075e+02	
20  5253.26	2.247089e+00	1.198062e-01	1.041588e+00	6.152969e-02	2.385354e-09	2.067208e-09	5.196120e-11	1.605394e-11	-8.393539e-11	1.000707e+02	
20  5254.36	2.247089e+00	1.198062e-01	1.041588e+00	6.152969e-02	2.385354e-09	2.067208e-09	5.196120e-11	1.605394e-11	-8.393539e-11	1.004081e+02	
20  5254.61	2.247089e+00	1.198062e-01	1.041588e+00	6.152969e-02	2.385354e-09	2.067208e-09	5.196120e-11	1.605394e-11	-8.393539e-11	1.004473e+02	
30  5253.27	2.247089e+00	1.198062e-01	1.041588e+00	6.152969e-02	2.385354e-09	2.067208e-09	5.196120e-11	1.605394e-11	-8.393539e-11	9.998534e+01	
10  5253.25	2.247089e+00	1.198062e-01	1.041588e+00	6.152969e-02	2.385354e-09	2.067208e-09	5.196120e-11	1.605394e-11	-8.393539e-11	1.000421e+02	
53  5253.25	2.247089e+00	1.198062e-01	1.041588e+00	6.152969e-02	2.385354e-09	2.067208e-09	5.196120e-11	1.605394e-11	-8.393539e-11	1.000094e+02	
147  5256.37	2.215648e+00	1.199296e-01	1.041355e+00	5.171499e-02	2.317097e-09	2.027864e-09	1.121433e-10	3.782535e-11	-7.858424e-11	9.979488e+01	
50  5255.85	2.215648e+00	1.199296e-01	1.041355e+00	5.171499e-02	2.317097e-09	2.027864e-09	1.121433e-10	3.782535e-11	-7.858424e-11	1.000260e+02	
30  5256.09	2.215648e+00	1.199296e-01	1.041355e+00	5.171499e-02	2.317097e-09	2.027864e-09	1.121433e-10	3.782535e-11	-7.858424e-11	9.987403e+01	
9  5255.92	2.215648e+00	1.199296e-01	1.041355e+00	5.171499e-02	2.317097e-09	2.027864e-09	1.121433e-10	3.782535e-11	-7.858424e-11	9.994988e+01	
22  5257.97	2.235550e+00	1.196158e-01	1.041365e+00	6.009540e-02	2.384075e-09	2.061008e-09	7.746296e-11	3.187920e-10	-5.803017e-11	1.002831e+02	
59  5255.85	2.225487e+00	1.190762e-01	1.041576e+00	6.658690e-02	2.354293e-09	2.085725e-09	5.841679e-11	3.381888e-10	-6.716546e-12	1.006614e+02	
40  5253.13	2.225487e+00	1.190762e-01	1.041576e+00	6.658690e-02	2.354293e-09	2.085725e-09	5.841679e-11	3.381888e-10	-6.716546e-12	1.002257e+02	
25  5252.9	2.225487e+00	1.190762e-01	1.041576e+00	6.658690e-02	2.354293e-09	2.085725e-09	5.841679e-11	3.381888e-10	-6.716546e-12	1.000750e+02	
2  5255.98	2.218459e+00	1.178467e-01	1.041798e+00	7.302950e-02	2.345759e-09	2.106565e-09	4.770369e-12	1.344515e-09	1.392892e-11	9.995228e+01	
93  5254.14	2.241837e+00	1.179121e-01	1.041030e+00	7.577375e-02	2.399986e-09	2.114542e-09	1.366631e-11	2.050662e-09	-1.403080e-11	9.974865e+01	
55  5253.91	2.241837e+00	1.179121e-01	1.041030e+00	7.577375e-02	2.399986e-09	2.114542e-09	1.366631e-11	2.050662e-09	-1.403080e-11	9.979936e+01	
51  5252.66	2.240211e+00	1.179503e-01	1.042035e+00	7.412243e-02	2.354674e-09	2.114175e-09	3.613437e-11	8.962654e-10	-1.005411e-11	9.994589e+01	
2  5255.89	2.232790e+00	1.177078e-01	1.042395e+00	6.553954e-02	2.289040e-09	2.079085e-09	3.535534e-11	9.987402e-10	2.815587e-12	9.951312e+01	
2  5255.14	2.235657e+00	1.170023e-01	1.042457e+00	7.599795e-02	2.339673e-09	2.121121e-09	2.538418e-11	1.482493e-09	2.375253e-12	9.980000e+01	
7  5254.69	2.235657e+00	1.170023e-01	1.042457e+00	7.599795e-02	2.339673e-09	2.121121e-09	2.538418e-11	1.482493e-09	2.375253e-12	9.997529e+01	
63  5253.94	2.233647e+00	1.167642e-01	1.041630e+00	7.213793e-02	2.377420e-09	2.102001e-09	1.173581e-11	3.307362e-10	-7.258804e-12	9.974772e+01	
26  5255.63	2.233647e+00	1.167642e-01	1.041630e+00	7.213793e-02	2.377420e-09	2.102001e-09	1.173581e-11	3.307362e-10	-7.258804e-12	1.005953e+02	
24  5255.11	2.233514e+00	1.159615e-01	1.042231e+00	6.620686e-02	2.309297e-09	2.075336e-09	1.572369e-11	6.679868e-10	1.658261e-11	1.001370e+02	
17  5255.06	2.233514e+00	1.159615e-01	1.042231e+00	6.620686e-02	2.309297e-09	2.075336e-09	1.572369e-11	6.679868e-10	1.658261e-11	1.000798e+02	
43  5253.41	2.221087e+00	1.179282e-01	1.041597e+00	6.545291e-02	2.322502e-09	2.076211e-09	1.477456e-11	9.932699e-10	-8.377263e-12	1.004843e+02	
40  5253.62	2.221087e+00	1.179282e-01	1.041597e+00	6.545291e-02	2.322502e-09	2.076211e-09	1.477456e-11	9.932699e-10	-8.377263e-12	1.005119e+02	
20  5251.94	2.221087e+00	1.179282e-01	1.041597e+00	6.545291e-02	2.322502e-09	2.076211e-09	1.477456e-11	9.932699e-10	-8.377263e-12	1.001647e+02	
240  5252.2	2.221087e+00	1.179282e-01	1.041597e+00	6.545291e-02	2.322502e-09	2.076211e-09	1.477456e-11	9.932699e-10	-8.377263e-12	9.982162e+01	
20  5252.24	2.221087e+00	1.179282e-01	1.041597e+00	6.545291e-02	2.322502e-09	2.076211e-09	1.477456e-11	9.932699e-10	-8.377263e-12	1.002681e+02	
20  5252.34	2.221087e+00	1.179282e-01	1.041597e+00	6.545291e-02	2.322502e-09	2.076211e-09	1.477456e-11	9.932699e-10	-8.377263e-12	1.002934e+02	
12  5253.57	2.221087e+00	1.179282e-01	1.041597e+00	6.545291e-02	2.322502e-09	2.076211e-09	1.477456e-11	9.932699e-10	-8.377263e-12	9.957506e+01	
16  5252.66	2.238212e+00	1.180969e-01	1.041859e+00	6.898538e-02	2.330749e-09	2.093314e-09	3.214838e-11	9.476399e-10	4.455442e-12	9.983181e+01	
22  5252.19	2.241071e+00	1.172844e-01	1.041774e+00	7.793067e-02	2.366880e-09	2.126936e-09	3.697422e-11	9.479502e-10	-3.894314e-13	9.999838e+01	
12  5252.47	2.241071e+00	1.172844e-01	1.041774e+00	7.793067e-02	2.366880e-09	2.126936e-09	3.697422e-11	9.479502e-10	-3.894314e-13	1.002486e+02	
6  5253.79	2.228340e+00	1.170847e-01	1.042154e+00	7.963454e-02	2.337824e-09	2.134525e-09	4.234409e-11	2.851796e-10	5.174742e-12	1.004149e+02	
22  5253.88	2.229152e+00	1.159347e-01	1.041796e+00	8.739643e-02	2.322229e-09	2.167283e-09	3.627621e-11	3.816619e-10	1.638471e-11	1.003168e+02	
20  5253.63	2.229152e+00	1.159347e-01	1.041796e+00	8.739643e-02	2.322229e-09	2.167283e-09	3.627621e-11	3.816619e-10	1.638471e-11	9.984041e+01	
20  5253.33	2.229152e+00	1.159347e-01	1.041796e+00	8.739643e-02	2.322229e-09	2.167283e-09	3.627621e-11	3.816619e-10	1.638471e-11	9.997231e+01	
70  5253.36	2.229152e+00	1.159347e-01	1.041796e+00	8.739643e-02	2.322229e-09	2.167283e-09	3.627621e-11	3.816619e-10	1.638471e-11	9.995424e+01	
30  5253.31	2.229152e+00	1.159347e-01	1.041796e+00	8.739643e-02	2.322229e-09	2.167283e-09	3.627621e-11	3.816619e-10	1.638471e-11	9.998883e+01	
20  5253.46	2.229152e+00	1.159347e-01	1.041796e+00	8.739643e-02	2.322229e-09	2.167283e-09	3.627621e-11	3.816619e-10	1.638471e-11	9.989810e+01	
8  5254.35	2.229152e+00	1.159347e-01	1.041796e+00	8.739643e-02	2.322229e-09	2.167283e-09	3.627621e-11	3.816619e-10	1.638471e-11	9.968258e+01	
22  5255.72	2.220537e+00	1.175427e-01	1.041636e+00	7.892370e-02	2.323108e-09	2.135497e-09	1.429567e-11	1.452065e-10	3.255880e-11	9.993674e+01	
22  5255.8	2.220537e+00	1.175427e-01	1.041636e+00	7.892370e-02	2.323108e-09	2.135497e-09	1.429567e-11	1.452065e-10	3.255880e-11	1.001958e+02	
88  5254.45	2.206239e+00	1.186696e-01	1.041661e+00	6.964920e-02	2.326852e-09	2.097622e-09	3.167381e-11	3.236341e-10	-1.033516e-11	1.000434e+02	
30  5254.48	2.206239e+00	1.186696e-01	1.041661e+00	6.964920e-02	2.326852e-09	2.097622e-09	3.167381e-11	3.236341e-10	-1.033516e-11	1.001080e+02	
60  5255.17	2.206239e+00	1.186696e-01	1.041661e+00	6.964920e-02	2.326852e-09	2.097622e-09	3.167381e-11	3.236341e-10	-1.033516e-11	9.974206e+01	
67  5254.54	2.206239e+00	1.186696e-01	1.041661e+00	6.964920e-02	2.326852e-09	2.097622e-09	3.167381e-11	3.236341e-10	-1.033516e-11	1.001462e+02	
63  5255.62	2.236190e+00	1.174757e-01	1.042250e+00	6.382031e-02	2.269455e-09	2.071404e-09	3.583161e-11	2.035166e-10	1.061633e-11	9.941166e+01	
42  5252.74	2.236190e+00	1.174757e-01	1.042250e+00	6.382031e-02	2.269455e-09	2.071404e-09	3.583161e-11	2.035166e-10	1.061633e-11	9.983475e+01	
28  5253.92	2.234085e+00	1.185092e-01	1.041792e+00	5.850586e-02	2.277790e-09	2.050535e-09	6.285359e-11	3.323957e-10	9.843871e-12	9.994301e+01	
200  5253.92	2.234085e+00	1.185092e-01	1.041792e+00	5.850586e-02	2.277790e-09	2.050535e-09	6.285359e-11	3.323957e-10	9.843871e-12	9.994332e+01	
117  5254.03	2.234085e+00	1.185092e-01	1.041792e+00	5.850586e-02	2.277790e-09	2.050535e-09	6.285359e-11	3.323957e-10	9.843871e-12	1.002180e+02	
23  5255.5	2.247757e+00	1.170035e-01	1.042110e+00	8.363752e-02	2.377074e-09	2.155742e-09	2.259118e-11	5.199827e-10	-7.258614e-12	1.008192e+02	
10  5251.7	2.247757e+00	1.170035e-01	1.042110e+00	8.363752e-02	2.377074e-09	2.155742e-09	2.259118e-11	5.199827e-10	-7.258614e-12	9.968775e+01	
10  5250.8	2.247757e+00	1.170035e-01	1.042110e+00	8.363752e-02	2.377074e-09	2.155742e-09	2.259118e-11	5.199827e-10	-7.258614e-12	1.001727e+02	
70  5251.03	2.247757e+00	1.170035e-01	1.042110e+00	8.363752e-02	2.377074e-09	2.155742e-09	2.259118e-11	5.199827e-10	-7.258614e-12	9.983319e+01	
52  5252.43	2.247757e+00	1.170035e-01	1.042110e+00	8.363752e-02	2.377074e-09	2.155742e-09	2.259118e-11	5.199827e-10	-7.258614e-12	9.957918e+01	
38  5251.78	2.240619e+00	1.154276e-01	1.042553e+00	9.748935e-02	2.385958e-09	2.212711e-09	8.804536e-12	9.377722e-10	3.664407e-12	9.981222e+01	
10  5251.43	2.240619e+00	1.154276e-01	1.042553e+00	9.748935e-02	2.385958e-09	2.212711e-09	8.804536e-12	9.377722e-10	3.664407e-12	9.994672e+01	
10  5251.45	2.240619e+00	1.154276e-01	1.042553e+00	9.748935e-02	2.385958e-09	2.212711e-09	8.804536e-12	9.377722e-10	3.664407e-12	9.993475e+01	
120  5251.93	2.240619e+00	1.154276e-01	1.042553e+00	9.748935e-02	2.385958e-09	2.212711e-09	8.804536e-12	9.377722e-10	3.664407e-12	1.003109e+02	
149  5251.63	2.240619e+00	1.154276e-01	1.042553e+00	9.748935e-02	2.385958e-09	2.212711e-09	8.804536e-12	9.377722e-10	3.664407e-12	9.985738e+01	
121  5251.16	2.247843e+00	1.167831e-01	1.041902e+00	9.229979e-02	2.409355e-09	2.189374e-09	3.933484e-11	4.406930e-10	-6.282046e-12	1.000116e+02	
50  5251.16	2.247843e+00	1.167831e-01	1.041902e+00	9.229979e-02	2.409355e-09	2.189374e-09	3.933484e-11	4.406930e-10	-6.282046e-12	1.000076e+02	
10  5251.99	2.247843e+00	1.167831e-01	1.041902e+00	9.229979e-02	2.409355e-09	2.189374e-09	3.933484e-11	4.406930e-10	-6.282046e-12	9.972899e+01	
150  5251.96	2.247843e+00	1.167831e-01	1.041902e+00	9.229979e-02	2.409355e-09	2.189374e-09	3.933484e-11	4.406930e-10	-6.282046e-12	9.973616e+01	
70  5251.31	2.247843e+00	1.167831e-01	1.041902e+00	9.229979e-02	2.409355e-09	2.189374e-09	3.933484e-11	4.406930e-10	-6.282046e-12	1.001940e+02	
20  5251.39	2.247843e+00	1.167831e-01	1.041902e+00	9.229979e-02	2.409355e-09	2.189374e-09	3.933484e-11	4.406930e-10	-6.282046e-12	1.002268e+02	
18  5251.77	2.247843e+00	1.167831e-01	1.041902e+00	9.229979e-02	2.409355e-09	2.189374e-09	3.933484e-11	4.406930e-10	-6.282046e-12	9.977463e+01	
22  5255.04	2.235956e+00	1.198388e-01	1.041750e+00	8.220976e-02	2.453967e-09	2.153232e-09	4.646948e-11	3.944603e-10	-1.663455e-11	1.004419e+02	
25  5255.02	2.235956e+00	1.198388e-01	1.041750e+00	8.220976e-02	2.453967e-09	2.153232e-09	4.646948e-11	3.944603e-10	-1.663455e-11	9.968353e+01	
24  5254.72	2.235292e+00	1.190410e-01	1.041451e+00	1.028190e-01	2.533792e-09	2.242925e-09	6.635990e-11	3.528180e-11	-4.978892e-11	1.003341e+02	
1  5254.9	2.242855e+00	1.172191e-01	1.042116e+00	1.053454e-01	2.456464e-09	2.254301e-09	4.628168e-11	2.659418e-10	-8.445592e-12	9.990076e+01	
10  5255.14	2.242855e+00	1.172191e-01	1.042116e+00	1.053454e-01	2.456464e-09	2.254301e-09	4.628168e-11	2.659418e-10	-8.445592e-12	9.982487e+01	
10  5255.44	2.242855e+00	1.172191e-01	1.042116e+00	1.053454e-01	2.456464e-09	2.254301e-09	4.628168e-11	2.659418e-10	-8.445592e-12	1.003572e+02	
20  5254.71	2.242855e+00	1.172191e-01	1.042116e+00	1.053454e-01	2.456464e-09	2.254301e-09	4.628168e-11	2.659418e-10	-8.445592e-12	1.000568e+02	
50  5255.56	2.242855e+00	1.172191e-01	1.042116e+00	1.053454e-01	2.456464e-09	2.254301e-09	4.628168e-11	2.659418e-10	-8.445592e-12	9.973123e+01	
5  5255.01	2.242855e+00	1.172191e-01	1.042116e+00	1.053454e-01	2.456464e-09	2.254301e-09	4.628168e-11	2.659418e-10	-8.445592e-12	9.986464e+01	
15  5256.06	2.253199e+00	1.175004e-01	1.041681e+00	1.122929e-01	2.542252e-09	2.285642e-09	1.478787e-11	5.849657e-10	-1.925568e-11	1.001885e+02	
19  5256.41	2.253199e+00	1.175004e-01	1.041681e+00	1.122929e-01	2.542252e-09	2.285642e-09	1.478787e-11	5.849657e-10	-1.925568e-11	9.981438e+01	
61  5256.46	2.260471e+00	1.163444e-01	1.042166e+00	1.193467e-01	2.517035e-09	2.317941e-09	2.178009e-11	4.259671e-10	3.770159e-12	9.986904e+01	
30  5256.42	2.260471e+00	1.163444e-01	1.042166e+00	1.193467e-01	2.517035e-09	2.317941e-09	2.178009e-11	4.259671e-10	3.770159e-12	9.988079e+01	
10  5256.17	2.260471e+00	1.163444e-01	1.042166e+00	1.193467e-01	2.517035e-09	2.317941e-09	2.178009e-11	4.259671e-10	3.770159e-12	1.001024e+02	
30  5257.26	2.260471e+00	1.163444e-01	1.042166e+00	1.193467e-01	2.517035e-09	2.317941e-09	2.178009e-11	4.259671e-10	3.770159e-12	1.004318e+02	
10  5256.71	2.260471e+00	1.163444e-01	1.042166e+00	1.193467e-01	2.517035e-09	2.317941e-09	2.178009e-11	4.259671e-10	3.770159e-12	9.980158e+01	
30  5256.4	2.260471e+00	1.163444e-01	1.042166e+00	1.193467e-01	2.517035e-09	2.317941e-09	2.178009e-11	4.259671e-10	3.770159e-12	9.988778e+01	
23  5258.74	2.260471e+00	1.163444e-01	1.042166e+00	1.193467e-01	2.517035e-09	2.317941e-09	2.178009e-11	4.259671e-10	3.770159e-12	1.006267e+02	
78  5257.73	2.248021e+00	1.130351e-01	1.042656e+00	1.275131e-01	2.478181e-09	2.348116e-09	2.509998e-11	4.532057e-10	1.935366e-11	1.001113e+02	
29  5257.29	2.259118e+00	1.139705e-01	1.042336e+00	1.330881e-01	2.509643e-09	2.372043e-09	5.705288e-12	8.692515e-10	4.218079e-12	1.004101e+02	
10  5259.98	2.259118e+00	1.139705e-01	1.042336e+00	1.330881e-01	2.509643e-09	2.372043e-09	5.705288e-12	8.692515e-10	4.218079e-12	9.937781e+01	
50  5256.91	2.259118e+00	1.139705e-01	1.042336e+00	1.330881e-01	2.509643e-09	2.372043e-09	5.705288e-12	8.692515e-10	4.218079e-12	9.977385e+01	
10  5257.14	2.259118e+00	1.139705e-01	1.042336e+00	1.330881e-01	2.509643e-09	2.372043e-09	5.705288e-12	8.692515e-10	4.218079e-12	9.972745e+01	
80  5258.35	2.259118e+00	1.139705e-01	1.042336e+00	1.330881e-01	2.509643e-09	2.372043e-09	5.705288e-12	8.692515e-10	4.218079e-12	9.954850e+01	
10  5256.71	2.259118e+00	1.139705e-01	1.042336e+00	1.330881e-01	2.509643e-09	2.372043e-09	5.705288e-12	8.692515e-10	4.218079e-12	9.982263e+01	
50  5257.52	2.259118e+00	1.139705e-01	1.042336e+00	1.330881e-01	2.509643e-09	2.372043e-09	5.705288e-12	8.692515e-10	4.218079e-12	1.004471e+02	
10  5257.45	2.259118e+00	1.139705e-01	1.042336e+00	1.330881e-01	2.509643e-09	2.372043e-09	5.705288e-12	8.692515e-10	4.218079e-12	9.967411e+01	
30  5257.42	2.259118e+00	1.139705e-01	1.042336e+00	1.330881e-01	2.509643e-09	2.372043e-09	5.705288e-12	8.692515e-10	4.218079e-12	1.004325e+02	
120  5257.15	2.259118e+00	1.139705e-01	1.042336e+00	1.330881e-01	2.509643e-09	2.372043e-09	5.705288e-12	8.692515e-10	4.218079e-12	1.003839e+02	
10  5256.87	2.259118e+00	1.139705e-01	1.042336e+00	1.330881e-01	2.509643e-09	2.372043e-09	5.705288e-12	8.692515e-10	4.218079e-12	9.978343e+01	
40  5256.8	2.259118e+00	1.139705e-01	1.042336e+00	1.330881e-01	2.509643e-09	2.372043e-09	5.705288e-12	8.692515e-10	4.218079e-12	9.980065e+01	
10  5257.59	2.259118e+00	1.139705e-01	1.042336e+00	1.330881e-01	2.509643e-09	2.372043e-09	5.705288e-12	8.692515e-10	4.218079e-12	9.965067e+01	
20  5257.06	2.259118e+00	1.139705e-01	1.042336e+00	1.330881e-01	2.509643e-09	2.372043e-09	5.705288e-12	8.692515e-10	4.218079e-12	1.003676e+02	
10  5256.89	2.259118e+00	1.139705e-01	1.042336e+00	1.330881e-01	2.509643e-09	2.372043e-09	5.705288e-12	8.692515e-10	4.218079e-12	1.003314e+02	
60  5256.67	2.259118e+00	1.139705e-01	1.042336e+00	1.330881e-01	2.509643e-09	2.372043e-09	5.705288e-12	8.692515e-10	4.218079e-12	9.983331e+01	
77  5256.41	2.259118e+00	1.139705e-01	1.042336e+00	1.330881e-01	2.509643e-09	2.372043e-09	5.705288e-12	8.692515e-10	4.218079e-12	1.001863e+02	
23  5256.44	2.274568e+00	1.154698e-01	1.042353e+00	1.256030e-01	2.525014e-09	2.337278e-09	8.006771e-12	1.646045e-09	2.492904e-12	1.002077e+02	
40  5256.31	2.274568e+00	1.154698e-01	1.042353e+00	1.256030e-01	2.525014e-09	2.337278e-09	8.006771e-12	1.646045e-09	2.492904e-12	9.998076e+01	
35  5256.29	2.274568e+00	1.154698e-01	1.042353e+00	1.256030e-01	2.525014e-09	2.337278e-09	8.006771e-12	1.646045e-09	2.492904e-12	1.000025e+02	
5  5256.12	2.244051e+00	1.142848e-01	1.042889e+00	1.207060e-01	2.475127e-09	2.317265e-09	9.288667e-12	5.436339e-10	9.960353e-12	9.974010e+01	
20  5256.09	2.244051e+00	1.142848e-01	1.042889e+00	1.207060e-01	2.475127e-09	2.317265e-09	9.288667e-12	5.436339e-10	9.960353e-12	1.003647e+02	
10  5255.5	2.244051e+00	1.142848e-01	1.042889e+00	1.207060e-01	2.475127e-09	2.317265e-09	9.288667e-12	5.436339e-10	9.960353e-12	1.002065e+02	
190  5255.4	2.244051e+00	1.142848e-01	1.042889e+00	1.207060e-01	2.475127e-09	2.317265e-09	9.288667e-12	5.436339e-10	9.960353e-12	9.995148e+01	
20  5255.38	2.244051e+00	1.142848e-01	1.042889e+00	1.207060e-01	2.475127e-09	2.317265e-09	9.288667e-12	5.436339e-10	9.960353e-12	1.001419e+02	
30  5255.34	2.244051e+00	1.142848e-01	1.042889e+00	1.207060e-01	2.475127e-09	2.317265e-09	9.288667e-12	5.436339e-10	9.960353e-12	9.999723e+01	
20  5255.57	2.244051e+00	1.142848e-01	1.042889e+00	1.207060e-01	2.475127e-09	2.317265e-09	9.288667e-12	5.436339e-10	9.960353e-12	1.002320e+02	
20  5255.45	2.244051e+00	1.142848e-01	1.042889e+00	1.207060e-01	2.475127e-09	2.317265e-09	9.288667e-12	5.436339e-10	9.960353e-12	1.001821e+02	
83  5255.37	2.244051e+00	1.142848e-01	1.042889e+00	1.207060e-01	2.475127e-09	2.317265e-09	9.288667e-12	5.436339e-10	9.960353e-12	9.997288e+01	
30  5260.93	2.247242e+00	1.159240e-01	1.043038e+00	1.179756e-01	2.473875e-09	2.301430e-09	5.940053e-12	2.618496e-09	2.289094e-11	1.002570e+02	
59  5260.48	2.213394e+00	1.146829e-01	1.042854e+00	1.216903e-01	2.458468e-09	2.322866e-09	6.414696e-12	1.775418e-09	1.704051e-11	1.002345e+02	
28  5259.97	2.232535e+00	1.167605e-01	1.042102e+00	1.195648e-01	2.542513e-09	2.312329e-09	6.588467e-12	2.583888e-09	-4.694934e-14	1.006019e+02	
128  5257.72	2.232535e+00	1.167605e-01	1.042102e+00	1.195648e-01	2.542513e-09	2.312329e-09	6.588467e-12	2.583888e-09	-4.694934e-14	1.001809e+02	
157  5258.56	2.236511e+00	1.151580e-01	1.041976e+00	1.267755e-01	2.512546e-09	2.340460e-09	3.721295e-12	1.760025e-09	1.260340e-11	9.998122e+01	
3  5258.88	2.233870e+00	1.171545e-01	1.041682e+00	1.238392e-01	2.556866e-09	2.330071e-09	2.197843e-11	1.220651e-09	-8.121084e-12	1.005210e+02	
192  5256.07	2.247225e+00	1.161881e-01	1.041306e+00	1.190090e-01	2.566441e-09	2.308504e-09	3.889023e-11	1.039668e-10	-2.823993e-11	9.991587e+01	
10  5257.17	2.247225e+00	1.161881e-01	1.041306e+00	1.190090e-01	2.566441e-09	2.308504e-09	3.889023e-11	1.039668e-10	-2.823993e-11	9.966733e+01	
89  5255.94	2.247225e+00	1.161881e-01	1.041306e+00	1.190090e-01	2.566441e-09	2.308504e-09	3.889023e-11	1.039668e-10	-2.823993e-11	9.999202e+01	
11  5256.4	2.254292e+00	1.154205e-01	1.041710e+00	1.135665e-01	2.517762e-09	2.285039e-09	2.200140e-11	4.747033e-11	-1.047888e-11	9.949028e+01	
15  5253.79	2.254292e+00	1.154205e-01	1.041710e+00	1.135665e-01	2.517762e-09	2.285039e-09	2.200140e-11	4.747033e-11	-1.047888e-11	1.001097e+02	
35  5253.3	2.244543e+00	1.163138e-01	1.041801e+00	1.033639e-01	2.456014e-09	2.240790e-09	1.561351e-11	1.130253e-09	-2.922148e-12	9.981301e+01	
224  5252.88	2.244543e+00	1.163138e-01	1.041801e+00	1.033639e-01	2.456014e-09	2.240790e-09	1.561351e-11	1.130253e-09	-2.922148e-12	1.001258e+02	
127  5252.84	2.242094e+00	1.156546e-01	1.041858e+00	1.073228e-01	2.469756e-09	2.256897e-09	1.601846e-11	1.730288e-10	-1.034184e-11	1.001839e+02	
119  5251.92	2.244786e+00	1.165709e-01	1.042396e+00	1.011249e-01	2.436118e-09	2.231051e-09	4.524445e-12	3.085216e-10	2.408732e-12	1.002175e+02	
20  5254.06	2.244786e+00	1.165709e-01	1.042396e+00	1.011249e-01	2.436118e-09	2.231051e-09	4.524445e-12	3.085216e-10	2.408732e-12	1.005902e+02	
20  5253.69	2.244786e+00	1.165709e-01	1.042396e+00	1.011249e-01	2.436118e-09	2.231051e-09	4.524445e-12	3.085216e-10	2.408732e-12	9.955136e+01	
10  5251.95	2.244786e+00	1.165709e-01	1.042396e+00	1.011249e-01	2.436118e-09	2.231051e-09	4.524445e-12	3.085216e-10	2.408732e-12	9.986996e+01	
40  5252.83	2.244786e+00	1.165709e-01	1.042396e+00	1.011249e-01	2.436118e-09	2.231051e-09	4.524445e-12	3.085216e-10	2.408732e-12	1.004245e+02	
70  5251.81	2.244786e+00	1.165709e-01	1.042396e+00	1.011249e-01	2.436118e-09	2.231051e-09	4.524445e-12	3.085216e-10	2.408732e-12	1.001694e+02	
30  5251.86	2.244786e+00	1.165709e-01	1.042396e+00	1.011249e-01	2.436118e-09	2.231051e-09	4.524445e-12	3.085216e-10	2.408732e-12	9.990499e+01	
40  5251.69	2.244786e+00	1.165709e-01	1.042396e+00	1.011249e-01	2.436118e-09	2.231051e-09	4.524445e-12	3.085216e-10	2.408732e-12	1.000502e+02	
20  5252.49	2.244786e+00	1.165709e-01	1.042396e+00	1.011249e-01	2.436118e-09	2.231051e-09	4.524445e-12	3.085216e-10	2.408732e-12	9.973376e+01	
20  5252.32	2.244786e+00	1.165709e-01	1.042396e+00	1.011249e-01	2.436118e-09	2.231051e-09	4.524445e-12	3.085216e-10	2.408732e-12	1.003267e+02	
30  5251.74	2.244786e+00	1.165709e-01	1.042396e+00	1.011249e-01	2.436118e-09	2.231051e-09	4.524445e-12	3.085216e-10	2.408732e-12	9.996857e+01	
150  5251.86	2.244786e+00	1.165709e-01	1.042396e+00	1.011249e-01	2.436118e-09	2.231051e-09	4.524445e-12	3.085216e-10	2.408732e-12	1.001912e+02	
40  5251.71	2.244786e+00	1.165709e-01	1.042396e+00	1.011249e-01	2.436118e-09	2.231051e-09	4.524445e-12	3.085216e-10	2.408732e-12	1.001027e+02	
50  5252.11	2.244786e+00	1.165709e-01	1.042396e+00	1.011249e-01	2.436118e-09	2.231051e-09	4.524445e-12	3.085216e-10	2.408732e-12	1.002749e+02	
20  5252.75	2.244786e+00	1.165709e-01	1.042396e+00	1.011249e-01	2.436118e-09	2.231051e-09	4.524445e-12	3.085216e-10	2.408732e-12	9.968603e+01	
10  5251.71	2.244786e+00	1.165709e-01	1.042396e+00	1.011249e-01	2.436118e-09	2.231051e-09	4.524445e-12	3.085216e-10	2.408732e-12	9.999749e+01	
20  5251.91	2.244786e+00	1.165709e-01	1.042396e+00	1.011249e-01	2.436118e-09	2.231051e-09	4.524445e-12	3.085216e-10	2.408732e-12	1.002117e+02	
240  5251.97	2.244786e+00	1.165709e-01	1.042396e+00	1.011249e-01	2.436118e-09	2.231051e-09	4.524445e-12	3.085216e-10	2.408732e-12	9.986346e+01	
50  5251.79	2.244786e+00	1.165709e-01	1.042396e+00	1.011249e-01	2.436118e-09	2.231051e-09	4.524445e-12	3.085216e-10	2.408732e-12	9.993915e+01	
10  5252.46	2.244786e+00	1.165709e-01	1.042396e+00	1.011249e-01	2.436118e-09	2.231051e-09	4.524445e-12	3.085216e-10	2.408732e-12	9.973949e+01	
34  5251.71	2.244786e+00	1.165709e-01	1.042396e+00	1.011249e-01	2.436118e-09	2.231051e-09	4.524445e-12	3.085216e-10	2.408732e-12	1.000988e+02	
35  5255	2.214872e+00	1.181674e-01	1.042369e+00	8.706563e-02	2.355196e-09	2.174464e-09	2.672871e-11	2.815615e-10	2.143757e-11	1.001430e+02	
31  5259.76	2.197596e+00	1.187397e-01	1.042032e+00	8.923391e-02	2.371932e-09	2.179035e-09	1.962328e-11	1.010290e-09	1.803685e-11	1.004221e+02	
50  5258.76	2.197596e+00	1.187397e-01	1.042032e+00	8.923391e-02	2.371932e-09	2.179035e-09	1.962328e-11	1.010290e-09	1.803685e-11	9.991755e+01	
140  5258.85	2.197596e+00	1.187397e-01	1.042032e+00	8.923391e-02	2.371932e-09	2.179035e-09	1.962328e-11	1.010290e-09	1.803685e-11	9.987708e+01	
36  5259.5	2.197596e+00	1.187397e-01	1.042032e+00	8.923391e-02	2.371932e-09	2.179035e-09	1.962328e-11	1.010290e-09	1.803685e-11	9.971684e+01	
14  5258.38	2.236909e+00	1.192357e-01	1.041360e+00	1.061170e-01	2.524070e-09	2.258310e-09	2.246736e-11	1.451882e-10	-3.360419e-11	1.003783e+02	
10  5257.53	2.236909e+00	1.192357e-01	1.041360e+00	1.061170e-01	2.524070e-09	2.258310e-09	2.246736e-11	1.451882e-10	-3.360419e-11	1.000219e+02	
70  5258.25	2.236909e+00	1.192357e-01	1.041360e+00	1.061170e-01	2.524070e-09	2.258310e-09	2.246736e-11	1.451882e-10	-3.360419e-11	1.003529e+02	
80  5258.18	2.236909e+00	1.192357e-01	1.041360e+00	1.061170e-01	2.524070e-09	2.258310e-09	2.246736e-11	1.451882e-10	-3.360419e-11	1.003368e+02	
18  5257.91	2.236909e+00	1.192357e-01	1.041360e+00	1.061170e-01	2.524070e-09	2.258310e-09	2.246736e-11	1.451882e-10	-3.360419e-11	1.002714e+02	
32  5258.51	2.226390e+00	1.155256e-01	1.042256e+00	1.126244e-01	2.438713e-09	2.279207e-09	4.469194e-11	2.031584e-10	2.599372e-12	9.964147e+01	
8  5259.22	2.226390e+00	1.155256e-01	1.042256e+00	1.126244e-01	2.438713e-09	2.279207e-09	4.469194e-11	2.031584e-10	2.599372e-12	9.954597e+01	
15  5255.01	2.245599e+00	1.171252e-01	1.041643e+00	1.130898e-01	2.532912e-09	2.277376e-09	1.916890e-11	1.408154e-09	-8.126019e-12	9.987883e+01	
60  5254.2	2.240712e+00	1.169233e-01	1.041508e+00	1.089298e-01	2.514035e-09	2.264120e-09	7.062942e-12	6.450063e-11	-1.525225e-11	9.964697e+01	
97  5257.53	2.257574e+00	1.152526e-01	1.041553e+00	1.235443e-01	2.593142e-09	2.326518e-09	2.754768e-11	7.064823e-12	-5.067176e-11	9.969350e+01	
90  5257.5	2.257574e+00	1.152526e-01	1.041553e+00	1.235443e-01	2.593142e-09	2.326518e-09	2.754768e-11	7.064823e-12	-5.067176e-11	9.969889e+01	
50  5256.6	2.257574e+00	1.152526e-01	1.041553e+00	1.235443e-01	2.593142e-09	2.326518e-09	2.754768e-11	7.064823e-12	-5.067176e-11	9.992082e+01	
60  5256.55	2.257574e+00	1.152526e-01	1.041553e+00	1.235443e-01	2.593142e-09	2.326518e-09	2.754768e-11	7.064823e-12	-5.067176e-11	1.001746e+02	
10  5256.46	2.257574e+00	1.152526e-01	1.041553e+00	1.235443e-01	2.593142e-09	2.326518e-09	2.754768e-11	7.064823e-12	-5.067176e-11	1.000222e+02	
70  5257.21	2.257574e+00	1.152526e-01	1.041553e+00	1.235443e-01	2.593142e-09	2.326518e-09	2.754768e-11	7.064823e-12	-5.067176e-11	1.003663e+02	
10  5259.94	2.257574e+00	1.152526e-01	1.041553e+00	1.235443e-01	2.593142e-09	2.326518e-09	2.754768e-11	7.064823e-12	-5.067176e-11	1.007167e+02	
30  5256.94	2.257574e+00	1.152526e-01	1.041553e+00	1.235443e-01	2.593142e-09	2.326518e-09	2.754768e-11	7.064823e-12	-5.067176e-11	1.003067e+02	
11  5257.05	2.257574e+00	1.152526e-01	1.041553e+00	1.235443e-01	2.593142e-09	2.326518e-09	2.754768e-11	7.064823e-12	-5.067176e-11	1.003332e+02	
39  5258.13	2.251239e+00	1.138548e-01	1.041948e+00	1.184660e-01	2.508341e-09	2.294712e-09	4.720769e-12	1.095653e-09	-3.652187e-12	9.970967e+01	
50  5257.34	2.251239e+00	1.138548e-01	1.041948e+00	1.184660e-01	2.508341e-09	2.294712e-09	4.720769e-12	1.095653e-09	-3.652187e-12	9.990667e+01	
40  5257.42	2.251239e+00	1.138548e-01	1.041948e+00	1.184660e-01	2.508341e-09	2.294712e-09	4.720769e-12	1.095653e-09	-3.652187e-12	9.987758e+01	
20  5257.51	2.251239e+00	1.138548e-01	1.041948e+00	1.184660e-01	2.508341e-09	2.294712e-09	4.720769e-12	1.095653e-09	-3.652187e-12	1.002666e+02	
50  5257.16	2.251239e+00	1.138548e-01	1.041948e+00	1.184660e-01	2.508341e-09	2.294712e-09	4.720769e-12	1.095653e-09	-3.652187e-12	1.000749e+02	
90  5257.89	2.251239e+00	1.138548e-01	1.041948e+00	1.184660e-01	2.508341e-09	2.294712e-09	4.720769e-12	1.095653e-09	-3.652187e-12	9.975634e+01	
8  5257.67	2.251239e+00	1.138548e-01	1.041948e+00	1.184660e-01	2.508341e-09	2.294712e-09	4.720769e-12	1.095653e-09	-3.652187e-12	1.003089e+02	
12  5254.87	2.255501e+00	1.147544e-01	1.041880e+00	1.151214e-01	2.465313e-09	2.280569e-09	1.374781e-11	2.386129e-09	2.527328e-12	1.002274e+02	
30  5254.9	2.255501e+00	1.147544e-01	1.041880e+00	1.151214e-01	2.465313e-09	2.280569e-09	1.374781e-11	2.386129e-09	2.527328e-12	1.002378e+02	
40  5254.93	2.255501e+00	1.147544e-01	1.041880e+00	1.151214e-01	2.465313e-09	2.280569e-09	1.374781e-11	2.386129e-09	2.527328e-12	9.986087e+01	
66  5255.44	2.255501e+00	1.147544e-01	1.041880e+00	1.151214e-01	2.465313e-09	2.280569e-09	1.374781e-11	2.386129e-09	2.527328e-12	9.973672e+01	
14  5255.95	2.260589e+00	1.159543e-01	1.041886e+00	1.133953e-01	2.451312e-09	2.284735e-09	1.672072e-11	1.012894e-09	-1.946843e-12	1.000411e+02	
30  5256.22	2.260589e+00	1.159543e-01	1.041886e+00	1.133953e-01	2.451312e-09	2.284735e-09	1.672072e-11	1.012894e-09	-1.946843e-12	9.986604e+01	
10  5256.07	2.260589e+00	1.159543e-01	1.041886e+00	1.133953e-01	2.451312e-09	2.284735e-09	1.672072e-11	1.012894e-09	-1.946843e-12	9.992604e+01	
130  5256.22	2.260589e+00	1.159543e-01	1.041886e+00	1.133953e-01	2.451312e-09	2.284735e-09	1.672072e-11	1.012894e-09	-1.946843e-12	1.002335e+02	
10  5256.06	2.260589e+00	1.159543e-01	1.041886e+00	1.133953e-01	2.451312e-09	2.284735e-09	1.672072e-11	1.012894e-09	-1.946843e-12	9.992734e+01	
40  5256.59	2.260589e+00	1.159543e-01	1.041886e+00	1.133953e-01	2.451312e-09	2.284735e-09	1.672072e-11	1.012894e-09	-1.946843e-12	1.003310e+02	
142  5256.29	2.260589e+00	1.159543e-01	1.041886e+00	1.133953e-01	2.451312e-09	2.284735e-09	1.672072e-11	1.012894e-09	-1.946843e-12	9.984257e+01	
78  5257.45	2.259161e+00	1.143195e-01	1.042415e+00	1.102511e-01	2.420028e-09	2.270563e-09	4.090139e-11	1.513700e-10	1.221103e-11	9.943589e+01	
90  5254.6	2.259161e+00	1.143195e-01	1.042415e+00	1.102511e-01	2.420028e-09	2.270563e-09	4.090139e-11	1.513700e-10	1.221103e-11	1.002420e+02	
9  5257.94	2.259161e+00	1.143195e-01	1.042415e+00	1.102511e-01	2.420028e-09	2.270563e-09	4.090139e-11	1.513700e-10	1.221103e-11	1.007257e+02	
1  5260.25	2.263594e+00	1.164006e-01	1.041844e+00	1.004682e-01	2.427204e-09	2.231818e-09	7.511993e-11	9.207174e-11	-3.019752e-11	1.006761e+02	
17  5257.74	2.263594e+00	1.164006e-01	1.041844e+00	1.004682e-01	2.427204e-09	2.231818e-09	7.511993e-11	9.207174e-11	-3.019752e-11	9.978386e+01	
25  5256.88	2.277594e+00	1.168290e-01	1.041685e+00	1.029839e-01	2.481068e-09	2.240004e-09	2.064245e-11	1.971029e-10	-1.226096e-12	1.001019e+02	
8  5254.51	2.243853e+00	1.188663e-01	1.041670e+00	8.330510e-02	2.442711e-09	2.159483e-09	4.240100e-11	3.506978e-10	-1.958716e-12	1.000804e+02	
63  5254.56	2.243853e+00	1.188663e-01	1.041670e+00	8.330510e-02	2.442711e-09	2.159483e-09	4.240100e-11	3.506978e-10	-1.958716e-12	9.997908e+01	
59  5253.89	2.264040e+00	1.172288e-01	1.041769e+00	9.104659e-02	2.441258e-09	2.187243e-09	2.371004e-11	4.292045e-10	-2.763679e-12	9.961155e+01	
22  5253.99	2.242169e+00	1.177441e-01	1.042120e+00	9.942936e-02	2.487917e-09	2.215940e-09	6.392280e-12	2.111358e-09	3.068315e-12	1.003146e+02	
26  5253.62	2.224841e+00	1.179860e-01	1.042182e+00	8.731852e-02	2.422684e-09	2.166998e-09	1.851317e-11	1.018548e-09	7.059375e-12	9.997548e+01	
16  5253.89	2.224841e+00	1.179860e-01	1.042182e+00	8.731852e-02	2.422684e-09	2.166998e-09	1.851317e-11	1.018548e-09	7.059375e-12	9.985602e+01	
14  5257.14	2.225257e+00	1.167192e-01	1.042268e+00	8.507628e-02	2.383956e-09	2.154187e-09	1.196927e-11	1.026806e-09	1.178747e-11	9.929419e+01	
67  5253.06	2.225257e+00	1.167192e-01	1.042268e+00	8.507628e-02	2.383956e-09	2.154187e-09	1.196927e-11	1.026806e-09	1.178747e-11	1.003086e+02	
3  5253.32	2.207606e+00	1.162323e-01	1.042250e+00	7.903224e-02	2.309086e-09	2.132267e-09	9.379221e-12	4.182574e-10	2.533426e-11	9.994386e+01	
110  5253.34	2.207606e+00	1.162323e-01	1.042250e+00	7.903224e-02	2.309086e-09	2.132267e-09	9.379221e-12	4.182574e-10	2.533426e-11	1.001536e+02	
96  5255.66	2.207606e+00	1.162323e-01	1.042250e+00	7.903224e-02	2.309086e-09	2.132267e-09	9.379221e-12	4.182574e-10	2.533426e-11	1.005894e+02	
64  5253.26	2.241216e+00	1.149797e-01	1.042166e+00	7.991494e-02	2.304862e-09	2.134530e-09	3.479921e-11	3.194410e-10	-6.046464e-12	9.985642e+01	
227  5253.12	2.241216e+00	1.149797e-01	1.042166e+00	7.991494e-02	2.304862e-09	2.134530e-09	3.479921e-11	3.194410e-10	-6.046464e-12	1.001670e+02	
93  5253.85	2.239559e+00	1.168900e-01	1.042181e+00	5.662287e-02	2.273288e-09	2.034913e-09	1.073017e-11	8.769335e-10	2.062261e-12	9.968456e+01	
20  5253.32	2.239559e+00	1.168900e-01	1.042181e+00	5.662287e-02	2.273288e-09	2.034913e-09	1.073017e-11	8.769335e-10	2.062261e-12	9.979341e+01	
10  5252.83	2.239559e+00	1.168900e-01	1.042181e+00	5.662287e-02	2.273288e-09	2.034913e-09	1.073017e-11	8.769335e-10	2.062261e-12	1.000314e+02	
90  5253.63	2.239559e+00	1.168900e-01	1.042181e+00	5.662287e-02	2.273288e-09	2.034913e-09	1.073017e-11	8.769335e-10	2.062261e-12	1.003540e+02	
60  5253.75	2.239559e+00	1.168900e-01	1.042181e+00	5.662287e-02	2.273288e-09	2.034913e-09	1.073017e-11	8.769335e-10	2.062261e-12	9.970182e+01	
110  5252.89	2.239559e+00	1.168900e-01	1.042181e+00	5.662287e-02	2.273288e-09	2.034913e-09	1.073017e-11	8.769335e-10	2.062261e-12	9.995402e+01	
40  5253.47	2.239559e+00	1.168900e-01	1.042181e+00	5.662287e-02	2.273288e-09	2.034913e-09	1.073017e-11	8.769335e-10	2.062261e-12	9.975790e+01	
13  5253.54	2.239559e+00	1.168900e-01	1.042181e+00	5.662287e-02	2.273288e-09	2.034913e-09	1.073017e-11	8.769335e-10	2.062261e-12	9.974194e+01	
326  5252.43	2.215308e+00	1.176735e-01	1.042238e+00	5.343095e-02	2.231757e-09	2.028073e-09	1.103648e-11	1.174744e-09	3.826567e-12	9.989617e+01	
21  5252.62	2.242783e+00	1.157694e-01	1.042468e+00	7.890418e-02	2.296660e-09	2.135563e-09	5.185817e-12	9.150086e-10	1.665881e-11	1.004658e+02	
70  5252.61	2.242783e+00	1.157694e-01	1.042468e+00	7.890418e-02	2.296660e-09	2.135563e-09	5.185817e-12	9.150086e-10	1.665881e-11	9.961076e+01	
20  5251.14	2.242783e+00	1.157694e-01	1.042468e+00	7.890418e-02	2.296660e-09	2.135563e-09	5.185817e-12	9.150086e-10	1.665881e-11	1.000234e+02	
70  5251.6	2.242783e+00	1.157694e-01	1.042468e+00	7.890418e-02	2.296660e-09	2.135563e-09	5.185817e-12	9.150086e-10	1.665881e-11	9.979852e+01	
10  5251.46	2.242783e+00	1.157694e-01	1.042468e+00	7.890418e-02	2.296660e-09	2.135563e-09	5.185817e-12	9.150086e-10	1.665881e-11	9.983826e+01	
60  5251.14	2.242783e+00	1.157694e-01	1.042468e+00	7.890418e-02	2.296660e-09	2.135563e-09	5.185817e-12	9.150086e-10	1.665881e-11	1.000339e+02	
20  5251.92	2.242783e+00	1.157694e-01	1.042468e+00	7.890418e-02	2.296660e-09	2.135563e-09	5.185817e-12	9.150086e-10	1.665881e-11	1.003485e+02	
9  5253.5	2.242783e+00	1.157694e-01	1.042468e+00	7.890418e-02	2.296660e-09	2.135563e-09	5.185817e-12	9.150086e-10	1.665881e-11	1.005776e+02	
81  5255.05	2.242645e+00	1.134981e-01	1.043254e+00	8.370189e-02	2.264407e-09	2.150535e-09	1.060282e-11	1.641099e-09	2.637991e-11	1.001319e+02	
20  5255.66	2.242645e+00	1.134981e-01	1.043254e+00	8.370189e-02	2.264407e-09	2.150535e-09	1.060282e-11	1.641099e-09	2.637991e-11	1.003280e+02	
18  5255.69	2.242645e+00	1.134981e-01	1.043254e+00	8.370189e-02	2.264407e-09	2.150535e-09	1.060282e-11	1.641099e-09	2.637991e-11	9.973927e+01	
2  5254.52	2.258711e+00	1.123611e-01	1.043052e+00	9.739559e-02	2.322665e-09	2.205657e-09	8.742937e-12	1.847118e-09	1.669992e-11	9.989499e+01	
50  5254.71	2.258711e+00	1.123611e-01	1.043052e+00	9.739559e-02	2.322665e-09	2.205657e-09	8.742937e-12	1.847118e-09	1.669992e-11	9.982777e+01	
60  5254.41	2.258711e+00	1.123611e-01	1.043052e+00	9.739559e-02	2.322665e-09	2.205657e-09	8.742937e-12	1.847118e-09	1.669992e-11	9.995183e+01	
40  5255.08	2.258711e+00	1.123611e-01	1.043052e+00	9.739559e-02	2.322665e-09	2.205657e-09	8.742937e-12	1.847118e-09	1.669992e-11	1.003395e+02	
10  5256.81	2.258711e+00	1.123611e-01	1.043052e+00	9.739559e-02	2.322665e-09	2.205657e-09	8.742937e-12	1.847118e-09	1.669992e-11	9.948771e+01	
9  5254.85	2.258711e+00	1.123611e-01	1.043052e+00	9.739559e-02	2.322665e-09	2.205657e-09	8.742937e-12	1.847118e-09	1.669992e-11	1.002878e+02	
81  5249.89	2.250063e+00	1.166011e-01	1.042344e+00	7.246369e-02	2.316375e-09	2.092034e-09	1.472410e-12	4.242389e-09	1.945986e-12	1.001908e+02	
40  5250.35	2.250063e+00	1.166011e-01	1.042344e+00	7.246369e-02	2.316375e-09	2.092034e-09	1.472410e-12	4.242389e-09	1.945986e-12	1.003224e+02	
40  5250.92	2.250063e+00	1.166011e-01	1.042344e+00	7.246369e-02	2.316375e-09	2.092034e-09	1.472410e-12	4.242389e-09	1.945986e-12	9.964756e+01	
20  5250.59	2.250063e+00	1.166011e-01	1.042344e+00	7.246369e-02	2.316375e-09	2.092034e-09	1.472410e-12	4.242389e-09	1.945986e-12	1.003690e+02	
70  5250.41	2.250063e+00	1.166011e-01	1.042344e+00	7.246369e-02	2.316375e-09	2.092034e-09	1.472410e-12	4.242389e-09	1.945986e-12	1.003338e+02	
70  5249.71	2.250063e+00	1.166011e-01	1.042344e+00	7.246369e-02	2.316375e-09	2.092034e-09	1.472410e-12	4.242389e-09	1.945986e-12	1.000830e+02	
30  5249.84	2.250063e+00	1.166011e-01	1.042344e+00	7.246369e-02	2.316375e-09	2.092034e-09	1.472410e-12	4.242389e-09	1.945986e-12	9.990289e+01	
30  5251.72	2.250063e+00	1.166011e-01	1.042344e+00	7.246369e-02	2.316375e-09	2.092034e-09	1.472410e-12	4.242389e-09	1.945986e-12	1.005380e+02	
90  5254.79	2.250063e+00	1.166011e-01	1.042344e+00	7.246369e-02	2.316375e-09	2.092034e-09	1.472410e-12	4.242389e-09	1.945986e-12	9.924391e+01	
20  5250.04	2.250063e+00	1.166011e-01	1.042344e+00	7.246369e-02	2.316375e-09	2.092034e-09	1.472410e-12	4.242389e-09	1.945986e-12	9.983180e+01	
20  5249.74	2.250063e+00	1.166011e-01	1.042344e+00	7.246369e-02	2.316375e-09	2.092034e-09	1.472410e-12	4.242389e-09	1.945986e-12	1.001083e+02	
30  5249.73	2.250063e+00	1.166011e-01	1.042344e+00	7.246369e-02	2.316375e-09	2.092034e-09	1.472410e-12	4.242389e-09	1.945986e-12	1.001039e+02	
40  5250.2	2.250063e+00	1.166011e-01	1.042344e+00	7.246369e-02	2.316375e-09	2.092034e-09	1.472410e-12	4.242389e-09	1.945986e-12	1.002880e+02	
40  5249.78	2.250063e+00	1.166011e-01	1.042344e+00	7.246369e-02	2.316375e-09	2.092034e-09	1.472410e-12	4.242389e-09	1.945986e-12	9.993689e+01	
80  5249.71	2.250063e+00	1.166011e-01	1.042344e+00	7.246369e-02	2.316375e-09	2.092034e-09	1.472410e-12	4.242389e-09	1.945986e-12	1.000842e+02	
20  5249.7	2.250063e+00	1.166011e-01	1.042344e+00	7.246369e-02	2.316375e-09	2.092034e-09	1.472410e-12	4.242389e-09	1.945986e-12	1.000475e+02	
80  5249.7	2.250063e+00	1.166011e-01	1.042344e+00	7.246369e-02	2.316375e-09	2.092034e-09	1.472410e-12	4.242389e-09	1.945986e-12	1.000476e+02	
20  5249.79	2.250063e+00	1.166011e-01	1.042344e+00	7.246369e-02	2.316375e-09	2.092034e-09	1.472410e-12	4.242389e-09	1.945986e-12	9.992732e+01	
160  5249.91	2.250063e+00	1.166011e-01	1.042344e+00	7.246369e-02	2.316375e-09	2.092034e-09	1.472410e-12	4.242389e-09	1.945986e-12	9.987502e+01	
110  5249.78	2.250063e+00	1.166011e-01	1.042344e+00	7.246369e-02	2.316375e-09	2.092034e-09	1.472410e-12	4.242389e-09	1.945986e-12	9.993677e+01	
10  5249.7	2.250063e+00	1.166011e-01	1.042344e+00	7.246369e-02	2.316375e-09	2.092034e-09	1.472410e-12	4.242389e-09	1.945986e-12	1.000644e+02	
10  5249.83	2.250063e+00	1.166011e-01	1.042344e+00	7.246369e-02	2.316375e-09	2.092034e-09	1.472410e-12	4.242389e-09	1.945986e-12	1.001675e+02	
10  5249.84	2.250063e+00	1.166011e-01	1.042344e+00	7.246369e-02	2.316375e-09	2.092034e-09	1.472410e-12	4.242389e-09	1.945986e-12	9.990297e+01	
10  5249.71	2.250063e+00	1.166011e-01	1.042344e+00	7.246369e-02	2.316375e-09	2.092034e-09	1.472410e-12	4.242389e-09	1.945986e-12	1.000815e+02	
220  5250.31	2.250063e+00	1.166011e-01	1.042344e+00	7.246369e-02	2.316375e-09	2.092034e-09	1.472410e-12	4.242389e-09	1.945986e-12	9.976245e+01	
60  5252.01	2.250063e+00	1.166011e-01	1.042344e+00	7.246369e-02	2.316375e-09	2.092034e-09	1.472410e-12	4.242389e-09	1.945986e-12	1.005725e+02	
30  5250.33	2.250063e+00	1.166011e-01	1.042344e+00	7.246369e-02	2.316375e-09	2.092034e-09	1.472410e-12	4.242389e-09	1.945986e-12	9.975646e+01	
40  5251.45	2.250063e+00	1.166011e-01	1.042344e+00	7.246369e-02	2.316375e-09	2.092034e-09	1.472410e-12	4.242389e-09	1.945986e-12	9.957191e+01	
60  5251.09	2.250063e+00	1.166011e-01	1.042344e+00	7.246369e-02	2.316375e-09	2.092034e-09	1.472410e-12	4.242389e-09	1.945986e-12	1.004519e+02	
130  5250.47	2.250063e+00	1.166011e-01	1.042344e+00	7.246369e-02	2.316375e-09	2.092034e-09	1.472410e-12	4.242389e-09	1.945986e-12	1.003469e+02	
10  5249.7	2.250063e+00	1.166011e-01	1.042344e+00	7.246369e-02	2.316375e-09	2.092034e-09	1.472410e-12	4.242389e-09	1.945986e-12	1.000514e+02	
30  5249.87	2.250063e+00	1.166011e-01	1.042344e+00	7.246369e-02	2.316375e-09	2.092034e-09	1.472410e-12	4.242389e-09	1.945986e-12	1.001829e+02	
