6  5378.67	2.243507e+00	1.171999e-01	1.042101e+00	4.117390e-02	2.257395e-09	1.968310e-09	3.819275e-11	2.800955e-09	-6.986210e-11	9.814708e+01	
8  5365.89	2.216226e+00	1.195778e-01	1.041876e+00	5.423234e-02	2.341594e-09	2.024079e-09	5.984664e-11	3.220457e-09	-8.387912e-11	9.971423e+01	
14  5331.7	2.227995e+00	1.165619e-01	1.041905e+00	8.455880e-02	2.472194e-09	2.160663e-09	1.372151e-10	4.974257e-10	-1.788583e-10	1.001444e+02	
9  5320.38	2.228474e+00	1.166163e-01	1.042111e+00	8.923224e-02	2.475295e-09	2.180566e-09	9.579877e-11	4.295260e-10	-1.503159e-10	1.004756e+02	
52  5281.85	2.242744e+00	1.164063e-01	1.042975e+00	8.938942e-02	2.480356e-09	2.184446e-09	1.117116e-10	1.614617e-11	-1.456475e-10	1.005706e+02	
70  5281.79	2.242744e+00	1.164063e-01	1.042975e+00	8.938942e-02	2.480356e-09	2.184446e-09	1.117116e-10	1.614617e-11	-1.456475e-10	9.952249e+01	
80  5281.1	2.242744e+00	1.164063e-01	1.042975e+00	8.938942e-02	2.480356e-09	2.184446e-09	1.117116e-10	1.614617e-11	-1.456475e-10	1.004725e+02	
20  5280.79	2.242744e+00	1.164063e-01	1.042975e+00	8.938942e-02	2.480356e-09	2.184446e-09	1.117116e-10	1.614617e-11	-1.456475e-10	9.966020e+01	
10  5280.33	2.242744e+00	1.164063e-01	1.042975e+00	8.938942e-02	2.480356e-09	2.184446e-09	1.117116e-10	1.614617e-11	-1.456475e-10	9.974304e+01	
160  5279.69	2.242744e+00	1.164063e-01	1.042975e+00	8.938942e-02	2.480356e-09	2.184446e-09	1.117116e-10	1.614617e-11	-1.456475e-10	1.001492e+02	
40  5280.13	2.242744e+00	1.164063e-01	1.042975e+00	8.938942e-02	2.480356e-09	2.184446e-09	1.117116e-10	1.614617e-11	-1.456475e-10	1.002978e+02	
1  5279.88	2.242744e+00	1.164063e-01	1.042975e+00	8.938942e-02	2.480356e-09	2.184446e-09	1.117116e-10	1.614617e-11	-1.456475e-10	9.985690e+01	
39  5266.26	2.242417e+00	1.168913e-01	1.042414e+00	7.866853e-02	2.430113e-09	2.138509e-09	8.799859e-11	1.401021e-12	-1.461407e-10	9.928050e+01	
20  5264.91	2.242417e+00	1.168913e-01	1.042414e+00	7.866853e-02	2.430113e-09	2.138509e-09	8.799859e-11	1.401021e-12	-1.461407e-10	9.940103e+01	
20  5261.99	2.242417e+00	1.168913e-01	1.042414e+00	7.866853e-02	2.430113e-09	2.138509e-09	8.799859e-11	1.401021e-12	-1.461407e-10	1.002306e+02	
20  5261.68	2.242417e+00	1.168913e-01	1.042414e+00	7.866853e-02	2.430113e-09	2.138509e-09	8.799859e-11	1.401021e-12	-1.461407e-10	1.000389e+02	
20  5263.12	2.242417e+00	1.168913e-01	1.042414e+00	7.866853e-02	2.430113e-09	2.138509e-09	8.799859e-11	1.401021e-12	-1.461407e-10	1.004548e+02	
10  5261.7	2.242417e+00	1.168913e-01	1.042414e+00	7.866853e-02	2.430113e-09	2.138509e-09	8.799859e-11	1.401021e-12	-1.461407e-10	1.000860e+02	
170  5261.9	2.242417e+00	1.168913e-01	1.042414e+00	7.866853e-02	2.430113e-09	2.138509e-09	8.799859e-11	1.401021e-12	-1.461407e-10	1.001969e+02	
150  5261.8	2.242417e+00	1.168913e-01	1.042414e+00	7.866853e-02	2.430113e-09	2.138509e-09	8.799859e-11	1.401021e-12	-1.461407e-10	9.991120e+01	
80  5261.73	2.242417e+00	1.168913e-01	1.042414e+00	7.866853e-02	2.430113e-09	2.138509e-09	8.799859e-11	1.401021e-12	-1.461407e-10	9.995186e+01	
50  5262.04	2.242417e+00	1.168913e-01	1.042414e+00	7.866853e-02	2.430113e-09	2.138509e-09	8.799859e-11	1.401021e-12	-1.461407e-10	9.982152e+01	
220  5261.74	2.242417e+00	1.168913e-01	1.042414e+00	7.866853e-02	2.430113e-09	2.138509e-09	8.799859e-11	1.401021e-12	-1.461407e-10	9.994636e+01	
40  5261.75	2.242417e+00	1.168913e-01	1.042414e+00	7.866853e-02	2.430113e-09	2.138509e-09	8.799859e-11	1.401021e-12	-1.461407e-10	1.001289e+02	
30  5264.97	2.242417e+00	1.168913e-01	1.042414e+00	7.866853e-02	2.430113e-09	2.138509e-09	8.799859e-11	1.401021e-12	-1.461407e-10	9.939549e+01	
6  5265.95	2.242417e+00	1.168913e-01	1.042414e+00	7.866853e-02	2.430113e-09	2.138509e-09	8.799859e-11	1.401021e-12	-1.461407e-10	9.930616e+01	
44  5265.07	2.239388e+00	1.158940e-01	1.042673e+00	9.587693e-02	2.475608e-09	2.210719e-09	5.800373e-11	9.709183e-12	-6.546482e-11	1.003219e+02	
20  5264.58	2.239388e+00	1.158940e-01	1.042673e+00	9.587693e-02	2.475608e-09	2.210719e-09	5.800373e-11	9.709183e-12	-6.546482e-11	1.001611e+02	
38  5265.4	2.239388e+00	1.158940e-01	1.042673e+00	9.587693e-02	2.475608e-09	2.210719e-09	5.800373e-11	9.709183e-12	-6.546482e-11	9.971609e+01	
11  5266.43	2.239318e+00	1.162064e-01	1.042595e+00	8.364086e-02	2.388492e-09	2.152447e-09	3.775710e-11	1.164768e-09	-5.670188e-12	9.927121e+01	
21  5259.63	2.246259e+00	1.155161e-01	1.042352e+00	9.566752e-02	2.420415e-09	2.202466e-09	4.528479e-11	1.140626e-09	9.761859e-12	9.966320e+01	
21  5259.29	2.246259e+00	1.155161e-01	1.042352e+00	9.566752e-02	2.420415e-09	2.202466e-09	4.528479e-11	1.140626e-09	9.761859e-12	9.972077e+01	
59  5254.53	2.227817e+00	1.165648e-01	1.041939e+00	9.356696e-02	2.413362e-09	2.199057e-09	6.328102e-11	3.264944e-10	1.253583e-11	1.001143e+02	
10  5255.33	2.227817e+00	1.165648e-01	1.041939e+00	9.356696e-02	2.413362e-09	2.199057e-09	6.328102e-11	3.264944e-10	1.253583e-11	1.003843e+02	
81  5254.53	2.227817e+00	1.165648e-01	1.041939e+00	9.356696e-02	2.413362e-09	2.199057e-09	6.328102e-11	3.264944e-10	1.253583e-11	1.000156e+02	
22  5255.07	2.231176e+00	1.154102e-01	1.042151e+00	9.548628e-02	2.406493e-09	2.202610e-09	3.576498e-11	1.280798e-10	4.958606e-11	9.991648e+01	
7  5254.97	2.231394e+00	1.157767e-01	1.041569e+00	1.019978e-01	2.467004e-09	2.227396e-09	2.728763e-11	6.171055e-10	-7.842812e-12	9.996471e+01	
10  5257.76	2.231394e+00	1.157767e-01	1.041569e+00	1.019978e-01	2.467004e-09	2.227396e-09	2.728763e-11	6.171055e-10	-7.842812e-12	1.006508e+02	
33  5255.27	2.231394e+00	1.157767e-01	1.041569e+00	1.019978e-01	2.467004e-09	2.227396e-09	2.728763e-11	6.171055e-10	-7.842812e-12	9.984318e+01	
117  5253.77	2.225338e+00	1.177852e-01	1.041823e+00	8.851027e-02	2.424933e-09	2.172352e-09	1.224525e-11	1.440564e-09	9.356020e-12	9.987168e+01	
160  5253.55	2.225338e+00	1.177852e-01	1.041823e+00	8.851027e-02	2.424933e-09	2.172352e-09	1.224525e-11	1.440564e-09	9.356020e-12	1.001336e+02	
20  5253.62	2.225338e+00	1.177852e-01	1.041823e+00	8.851027e-02	2.424933e-09	2.172352e-09	1.224525e-11	1.440564e-09	9.356020e-12	1.001732e+02	
9  5253.71	2.225338e+00	1.177852e-01	1.041823e+00	8.851027e-02	2.424933e-09	2.172352e-09	1.224525e-11	1.440564e-09	9.356020e-12	1.002137e+02	
21  5253.09	2.232497e+00	1.168907e-01	1.042443e+00	1.001259e-01	2.440858e-09	2.212420e-09	1.562832e-12	4.328556e-09	2.616875e-12	1.002113e+02	
30  5254.54	2.232497e+00	1.168907e-01	1.042443e+00	1.001259e-01	2.440858e-09	2.212420e-09	1.562832e-12	4.328556e-09	2.616875e-12	9.959471e+01	
150  5252.96	2.232497e+00	1.168907e-01	1.042443e+00	1.001259e-01	2.440858e-09	2.212420e-09	1.562832e-12	4.328556e-09	2.616875e-12	1.001501e+02	
20  5253.43	2.232497e+00	1.168907e-01	1.042443e+00	1.001259e-01	2.440858e-09	2.212420e-09	1.562832e-12	4.328556e-09	2.616875e-12	1.003108e+02	
10  5253.39	2.232497e+00	1.168907e-01	1.042443e+00	1.001259e-01	2.440858e-09	2.212420e-09	1.562832e-12	4.328556e-09	2.616875e-12	9.979606e+01	
10  5252.88	2.232497e+00	1.168907e-01	1.042443e+00	1.001259e-01	2.440858e-09	2.212420e-09	1.562832e-12	4.328556e-09	2.616875e-12	1.000273e+02	
180  5253.01	2.232497e+00	1.168907e-01	1.042443e+00	1.001259e-01	2.440858e-09	2.212420e-09	1.562832e-12	4.328556e-09	2.616875e-12	1.001788e+02	
10  5254.22	2.232497e+00	1.168907e-01	1.042443e+00	1.001259e-01	2.440858e-09	2.212420e-09	1.562832e-12	4.328556e-09	2.616875e-12	9.964006e+01	
20  5253.74	2.232497e+00	1.168907e-01	1.042443e+00	1.001259e-01	2.440858e-09	2.212420e-09	1.562832e-12	4.328556e-09	2.616875e-12	1.003761e+02	
40  5252.97	2.232497e+00	1.168907e-01	1.042443e+00	1.001259e-01	2.440858e-09	2.212420e-09	1.562832e-12	4.328556e-09	2.616875e-12	9.994056e+01	
40  5253.25	2.232497e+00	1.168907e-01	1.042443e+00	1.001259e-01	2.440858e-09	2.212420e-09	1.562832e-12	4.328556e-09	2.616875e-12	1.002647e+02	
20  5252.87	2.232497e+00	1.168907e-01	1.042443e+00	1.001259e-01	2.440858e-09	2.212420e-09	1.562832e-12	4.328556e-09	2.616875e-12	1.000446e+02	
380  5252.98	2.232497e+00	1.168907e-01	1.042443e+00	1.001259e-01	2.440858e-09	2.212420e-09	1.562832e-12	4.328556e-09	2.616875e-12	9.993139e+01	
10  5252.94	2.232497e+00	1.168907e-01	1.042443e+00	1.001259e-01	2.440858e-09	2.212420e-09	1.562832e-12	4.328556e-09	2.616875e-12	9.995567e+01	
80  5253.33	2.232497e+00	1.168907e-01	1.042443e+00	1.001259e-01	2.440858e-09	2.212420e-09	1.562832e-12	4.328556e-09	2.616875e-12	1.002870e+02	
20  5253.53	2.232497e+00	1.168907e-01	1.042443e+00	1.001259e-01	2.440858e-09	2.212420e-09	1.562832e-12	4.328556e-09	2.616875e-12	1.003345e+02	
80  5253.01	2.232497e+00	1.168907e-01	1.042443e+00	1.001259e-01	2.440858e-09	2.212420e-09	1.562832e-12	4.328556e-09	2.616875e-12	9.991652e+01	
70  5253.23	2.232497e+00	1.168907e-01	1.042443e+00	1.001259e-01	2.440858e-09	2.212420e-09	1.562832e-12	4.328556e-09	2.616875e-12	9.983933e+01	
90  5253.57	2.232497e+00	1.168907e-01	1.042443e+00	1.001259e-01	2.440858e-09	2.212420e-09	1.562832e-12	4.328556e-09	2.616875e-12	1.003423e+02	
20  5253.33	2.232497e+00	1.168907e-01	1.042443e+00	1.001259e-01	2.440858e-09	2.212420e-09	1.562832e-12	4.328556e-09	2.616875e-12	9.981165e+01	
80  5254.34	2.232497e+00	1.168907e-01	1.042443e+00	1.001259e-01	2.440858e-09	2.212420e-09	1.562832e-12	4.328556e-09	2.616875e-12	1.004739e+02	
10  5253.07	2.232497e+00	1.168907e-01	1.042443e+00	1.001259e-01	2.440858e-09	2.212420e-09	1.562832e-12	4.328556e-09	2.616875e-12	9.989121e+01	
90  5252.99	2.232497e+00	1.168907e-01	1.042443e+00	1.001259e-01	2.440858e-09	2.212420e-09	1.562832e-12	4.328556e-09	2.616875e-12	9.993039e+01	
60  5253.46	2.232497e+00	1.168907e-01	1.042443e+00	1.001259e-01	2.440858e-09	2.212420e-09	1.562832e-12	4.328556e-09	2.616875e-12	1.003175e+02	
20  5253.28	2.232497e+00	1.168907e-01	1.042443e+00	1.001259e-01	2.440858e-09	2.212420e-09	1.562832e-12	4.328556e-09	2.616875e-12	9.982286e+01	
20  5253.2	2.232497e+00	1.168907e-01	1.042443e+00	1.001259e-01	2.440858e-09	2.212420e-09	1.562832e-12	4.328556e-09	2.616875e-12	1.002500e+02	
230  5253.03	2.232497e+00	1.168907e-01	1.042443e+00	1.001259e-01	2.440858e-09	2.212420e-09	1.562832e-12	4.328556e-09	2.616875e-12	9.990823e+01	
60  5253.29	2.232497e+00	1.168907e-01	1.042443e+00	1.001259e-01	2.440858e-09	2.212420e-09	1.562832e-12	4.328556e-09	2.616875e-12	9.982213e+01	
40  5253.36	2.232497e+00	1.168907e-01	1.042443e+00	1.001259e-01	2.440858e-09	2.212420e-09	1.562832e-12	4.328556e-09	2.616875e-12	1.002945e+02	
130  5253.69	2.232497e+00	1.168907e-01	1.042443e+00	1.001259e-01	2.440858e-09	2.212420e-09	1.562832e-12	4.328556e-09	2.616875e-12	9.973035e+01	
80  5253.81	2.232497e+00	1.168907e-01	1.042443e+00	1.001259e-01	2.440858e-09	2.212420e-09	1.562832e-12	4.328556e-09	2.616875e-12	9.970875e+01	
60  5253.12	2.232497e+00	1.168907e-01	1.042443e+00	1.001259e-01	2.440858e-09	2.212420e-09	1.562832e-12	4.328556e-09	2.616875e-12	1.002244e+02	
90  5253.88	2.232497e+00	1.168907e-01	1.042443e+00	1.001259e-01	2.440858e-09	2.212420e-09	1.562832e-12	4.328556e-09	2.616875e-12	1.004024e+02	
30  5253.18	2.232497e+00	1.168907e-01	1.042443e+00	1.001259e-01	2.440858e-09	2.212420e-09	1.562832e-12	4.328556e-09	2.616875e-12	9.985514e+01	
50  5253.3	2.232497e+00	1.168907e-01	1.042443e+00	1.001259e-01	2.440858e-09	2.212420e-09	1.562832e-12	4.328556e-09	2.616875e-12	9.981857e+01	
60  5252.92	2.232497e+00	1.168907e-01	1.042443e+00	1.001259e-01	2.440858e-09	2.212420e-09	1.562832e-12	4.328556e-09	2.616875e-12	1.001249e+02	
50  5252.88	2.232497e+00	1.168907e-01	1.042443e+00	1.001259e-01	2.440858e-09	2.212420e-09	1.562832e-12	4.328556e-09	2.616875e-12	1.000302e+02	
270  5252.96	2.232497e+00	1.168907e-01	1.042443e+00	1.001259e-01	2.440858e-09	2.212420e-09	1.562832e-12	4.328556e-09	2.616875e-12	1.001535e+02	
30  5253.02	2.232497e+00	1.168907e-01	1.042443e+00	1.001259e-01	2.440858e-09	2.212420e-09	1.562832e-12	4.328556e-09	2.616875e-12	9.991236e+01	
70  5253.29	2.232497e+00	1.168907e-01	1.042443e+00	1.001259e-01	2.440858e-09	2.212420e-09	1.562832e-12	4.328556e-09	2.616875e-12	9.982197e+01	
30  5254.05	2.232497e+00	1.168907e-01	1.042443e+00	1.001259e-01	2.440858e-09	2.212420e-09	1.562832e-12	4.328556e-09	2.616875e-12	1.004299e+02	
10  5253.64	2.232497e+00	1.168907e-01	1.042443e+00	1.001259e-01	2.440858e-09	2.212420e-09	1.562832e-12	4.328556e-09	2.616875e-12	1.003558e+02	
40  5253.32	2.232497e+00	1.168907e-01	1.042443e+00	1.001259e-01	2.440858e-09	2.212420e-09	1.562832e-12	4.328556e-09	2.616875e-12	9.981379e+01	
80  5254.74	2.232497e+00	1.168907e-01	1.042443e+00	1.001259e-01	2.440858e-09	2.212420e-09	1.562832e-12	4.328556e-09	2.616875e-12	9.956799e+01	
10  5252.87	2.232497e+00	1.168907e-01	1.042443e+00	1.001259e-01	2.440858e-09	2.212420e-09	1.562832e-12	4.328556e-09	2.616875e-12	1.000419e+02	
100  5252.94	2.232497e+00	1.168907e-01	1.042443e+00	1.001259e-01	2.440858e-09	2.212420e-09	1.562832e-12	4.328556e-09	2.616875e-12	9.995496e+01	
120  5252.87	2.232497e+00	1.168907e-01	1.042443e+00	1.001259e-01	2.440858e-09	2.212420e-09	1.562832e-12	4.328556e-09	2.616875e-12	1.000607e+02	
40  5253.64	2.232497e+00	1.168907e-01	1.042443e+00	1.001259e-01	2.440858e-09	2.212420e-09	1.562832e-12	4.328556e-09	2.616875e-12	9.974133e+01	
10  5253.56	2.232497e+00	1.168907e-01	1.042443e+00	1.001259e-01	2.440858e-09	2.212420e-09	1.562832e-12	4.328556e-09	2.616875e-12	1.003401e+02	
150  5253.39	2.232497e+00	1.168907e-01	1.042443e+00	1.001259e-01	2.440858e-09	2.212420e-09	1.562832e-12	4.328556e-09	2.616875e-12	9.979641e+01	
10  5253.07	2.232497e+00	1.168907e-01	1.042443e+00	1.001259e-01	2.440858e-09	2.212420e-09	1.562832e-12	4.328556e-09	2.616875e-12	1.002059e+02	
160  5252.99	2.232497e+00	1.168907e-01	1.042443e+00	1.001259e-01	2.440858e-09	2.212420e-09	1.562832e-12	4.328556e-09	2.616875e-12	1.001664e+02	
10  5253.02	2.232497e+00	1.168907e-01	1.042443e+00	1.001259e-01	2.440858e-09	2.212420e-09	1.562832e-12	4.328556e-09	2.616875e-12	1.001828e+02	
30  5254.41	2.232497e+00	1.168907e-01	1.042443e+00	1.001259e-01	2.440858e-09	2.212420e-09	1.562832e-12	4.328556e-09	2.616875e-12	1.004852e+02	
100  5253.35	2.232497e+00	1.168907e-01	1.042443e+00	1.001259e-01	2.440858e-09	2.212420e-09	1.562832e-12	4.328556e-09	2.616875e-12	1.002905e+02	
10  5254.44	2.232497e+00	1.168907e-01	1.042443e+00	1.001259e-01	2.440858e-09	2.212420e-09	1.562832e-12	4.328556e-09	2.616875e-12	1.004885e+02	
90  5252.93	2.232497e+00	1.168907e-01	1.042443e+00	1.001259e-01	2.440858e-09	2.212420e-09	1.562832e-12	4.328556e-09	2.616875e-12	1.001361e+02	
70  5253.19	2.232497e+00	1.168907e-01	1.042443e+00	1.001259e-01	2.440858e-09	2.212420e-09	1.562832e-12	4.328556e-09	2.616875e-12	1.002482e+02	
70  5252.95	2.232497e+00	1.168907e-01	1.042443e+00	1.001259e-01	2.440858e-09	2.212420e-09	1.562832e-12	4.328556e-09	2.616875e-12	9.994806e+01	
10  5254.15	2.232497e+00	1.168907e-01	1.042443e+00	1.001259e-01	2.440858e-09	2.212420e-09	1.562832e-12	4.328556e-09	2.616875e-12	9.965164e+01	
40  5254.06	2.232497e+00	1.168907e-01	1.042443e+00	1.001259e-01	2.440858e-09	2.212420e-09	1.562832e-12	4.328556e-09	2.616875e-12	1.004312e+02	
60  5255.58	2.232497e+00	1.168907e-01	1.042443e+00	1.001259e-01	2.440858e-09	2.212420e-09	1.562832e-12	4.328556e-09	2.616875e-12	9.947004e+01	
200  5252.89	2.232497e+00	1.168907e-01	1.042443e+00	1.001259e-01	2.440858e-09	2.212420e-09	1.562832e-12	4.328556e-09	2.616875e-12	1.000894e+02	
190  5252.9	2.232497e+00	1.168907e-01	1.042443e+00	1.001259e-01	2.440858e-09	2.212420e-09	1.562832e-12	4.328556e-09	2.616875e-12	9.998967e+01	
160  5252.95	2.232497e+00	1.168907e-01	1.042443e+00	1.001259e-01	2.440858e-09	2.212420e-09	1.562832e-12	4.328556e-09	2.616875e-12	1.001448e+02	
90  5253.16	2.232497e+00	1.168907e-01	1.042443e+00	1.001259e-01	2.440858e-09	2.212420e-09	1.562832e-12	4.328556e-09	2.616875e-12	1.002372e+02	
150  5253.11	2.232497e+00	1.168907e-01	1.042443e+00	1.001259e-01	2.440858e-09	2.212420e-09	1.562832e-12	4.328556e-09	2.616875e-12	1.002184e+02	
20  5253.46	2.232497e+00	1.168907e-01	1.042443e+00	1.001259e-01	2.440858e-09	2.212420e-09	1.562832e-12	4.328556e-09	2.616875e-12	9.977928e+01	
10  5253.14	2.232497e+00	1.168907e-01	1.042443e+00	1.001259e-01	2.440858e-09	2.212420e-09	1.562832e-12	4.328556e-09	2.616875e-12	9.986770e+01	
60  5253.2	2.232497e+00	1.168907e-01	1.042443e+00	1.001259e-01	2.440858e-09	2.212420e-09	1.562832e-12	4.328556e-09	2.616875e-12	1.002512e+02	
160  5253.41	2.232497e+00	1.168907e-01	1.042443e+00	1.001259e-01	2.440858e-09	2.212420e-09	1.562832e-12	4.328556e-09	2.616875e-12	9.979149e+01	
70  5252.94	2.232497e+00	1.168907e-01	1.042443e+00	1.001259e-01	2.440858e-09	2.212420e-09	1.562832e-12	4.328556e-09	2.616875e-12	9.995920e+01	
50  5253.05	2.232497e+00	1.168907e-01	1.042443e+00	1.001259e-01	2.440858e-09	2.212420e-09	1.562832e-12	4.328556e-09	2.616875e-12	1.001955e+02	
50  5253.43	2.232497e+00	1.168907e-01	1.042443e+00	1.001259e-01	2.440858e-09	2.212420e-09	1.562832e-12	4.328556e-09	2.616875e-12	1.003106e+02	
30  5252.87	2.232497e+00	1.168907e-01	1.042443e+00	1.001259e-01	2.440858e-09	2.212420e-09	1.562832e-12	4.328556e-09	2.616875e-12	1.000417e+02	
60  5252.88	2.232497e+00	1.168907e-01	1.042443e+00	1.001259e-01	2.440858e-09	2.212420e-09	1.562832e-12	4.328556e-09	2.616875e-12	1.000810e+02	
40  5253.03	2.232497e+00	1.168907e-01	1.042443e+00	1.001259e-01	2.440858e-09	2.212420e-09	1.562832e-12	4.328556e-09	2.616875e-12	9.991139e+01	
40  5255.18	2.232497e+00	1.168907e-01	1.042443e+00	1.001259e-01	2.440858e-09	2.212420e-09	1.562832e-12	4.328556e-09	2.616875e-12	1.005831e+02	
10  5256.55	2.232497e+00	1.168907e-01	1.042443e+00	1.001259e-01	2.440858e-09	2.212420e-09	1.562832e-12	4.328556e-09	2.616875e-12	1.007234e+02	
10  5255.42	2.232497e+00	1.168907e-01	1.042443e+00	1.001259e-01	2.440858e-09	2.212420e-09	1.562832e-12	4.328556e-09	2.616875e-12	9.948678e+01	
10  5255.06	2.232497e+00	1.168907e-01	1.042443e+00	1.001259e-01	2.440858e-09	2.212420e-09	1.562832e-12	4.328556e-09	2.616875e-12	9.952817e+01	
70  5253.69	2.232497e+00	1.168907e-01	1.042443e+00	1.001259e-01	2.440858e-09	2.212420e-09	1.562832e-12	4.328556e-09	2.616875e-12	9.973066e+01	
20  5252.97	2.232497e+00	1.168907e-01	1.042443e+00	1.001259e-01	2.440858e-09	2.212420e-09	1.562832e-12	4.328556e-09	2.616875e-12	1.001573e+02	
100  5253.29	2.232497e+00	1.168907e-01	1.042443e+00	1.001259e-01	2.440858e-09	2.212420e-09	1.562832e-12	4.328556e-09	2.616875e-12	9.982168e+01	
30  5252.98	2.232497e+00	1.168907e-01	1.042443e+00	1.001259e-01	2.440858e-09	2.212420e-09	1.562832e-12	4.328556e-09	2.616875e-12	1.001655e+02	
100  5252.89	2.232497e+00	1.168907e-01	1.042443e+00	1.001259e-01	2.440858e-09	2.212420e-09	1.562832e-12	4.328556e-09	2.616875e-12	1.000097e+02	
10  5252.88	2.232497e+00	1.168907e-01	1.042443e+00	1.001259e-01	2.440858e-09	2.212420e-09	1.562832e-12	4.328556e-09	2.616875e-12	1.000747e+02	
20  5252.91	2.232497e+00	1.168907e-01	1.042443e+00	1.001259e-01	2.440858e-09	2.212420e-09	1.562832e-12	4.328556e-09	2.616875e-12	1.001150e+02	
10  5252.96	2.232497e+00	1.168907e-01	1.042443e+00	1.001259e-01	2.440858e-09	2.212420e-09	1.562832e-12	4.328556e-09	2.616875e-12	1.001545e+02	
180  5253.27	2.232497e+00	1.168907e-01	1.042443e+00	1.001259e-01	2.440858e-09	2.212420e-09	1.562832e-12	4.328556e-09	2.616875e-12	9.982784e+01	
30  5252.91	2.232497e+00	1.168907e-01	1.042443e+00	1.001259e-01	2.440858e-09	2.212420e-09	1.562832e-12	4.328556e-09	2.616875e-12	1.001183e+02	
100  5253.89	2.232497e+00	1.168907e-01	1.042443e+00	1.001259e-01	2.440858e-09	2.212420e-09	1.562832e-12	4.328556e-09	2.616875e-12	1.004030e+02	
10  5254.58	2.232497e+00	1.168907e-01	1.042443e+00	1.001259e-01	2.440858e-09	2.212420e-09	1.562832e-12	4.328556e-09	2.616875e-12	9.958927e+01	
20  5253.34	2.232497e+00	1.168907e-01	1.042443e+00	1.001259e-01	2.440858e-09	2.212420e-09	1.562832e-12	4.328556e-09	2.616875e-12	9.980758e+01	
70  5252.89	2.232497e+00	1.168907e-01	1.042443e+00	1.001259e-01	2.440858e-09	2.212420e-09	1.562832e-12	4.328556e-09	2.616875e-12	1.000010e+02	
40  5253.03	2.232497e+00	1.168907e-01	1.042443e+00	1.001259e-01	2.440858e-09	2.212420e-09	1.562832e-12	4.328556e-09	2.616875e-12	9.990833e+01	
30  5253.09	2.232497e+00	1.168907e-01	1.042443e+00	1.001259e-01	2.440858e-09	2.212420e-09	1.562832e-12	4.328556e-09	2.616875e-12	1.002123e+02	
50  5252.99	2.232497e+00	1.168907e-01	1.042443e+00	1.001259e-01	2.440858e-09	2.212420e-09	1.562832e-12	4.328556e-09	2.616875e-12	1.001705e+02	
90  5255.69	2.232497e+00	1.168907e-01	1.042443e+00	1.001259e-01	2.440858e-09	2.212420e-09	1.562832e-12	4.328556e-09	2.616875e-12	1.006385e+02	
40  5256.92	2.232497e+00	1.168907e-01	1.042443e+00	1.001259e-01	2.440858e-09	2.212420e-09	1.562832e-12	4.328556e-09	2.616875e-12	1.007562e+02	
80  5256.53	2.232497e+00	1.168907e-01	1.042443e+00	1.001259e-01	2.440858e-09	2.212420e-09	1.562832e-12	4.328556e-09	2.616875e-12	9.937628e+01	
130  5253.41	2.232497e+00	1.168907e-01	1.042443e+00	1.001259e-01	2.440858e-09	2.212420e-09	1.562832e-12	4.328556e-09	2.616875e-12	9.979148e+01	
120  5253.12	2.232497e+00	1.168907e-01	1.042443e+00	1.001259e-01	2.440858e-09	2.212420e-09	1.562832e-12	4.328556e-09	2.616875e-12	9.987491e+01	
70  5253.51	2.232497e+00	1.168907e-01	1.042443e+00	1.001259e-01	2.440858e-09	2.212420e-09	1.562832e-12	4.328556e-09	2.616875e-12	1.003283e+02	
10  5253.21	2.232497e+00	1.168907e-01	1.042443e+00	1.001259e-01	2.440858e-09	2.212420e-09	1.562832e-12	4.328556e-09	2.616875e-12	1.002541e+02	
130  5252.99	2.232497e+00	1.168907e-01	1.042443e+00	1.001259e-01	2.440858e-09	2.212420e-09	1.562832e-12	4.328556e-09	2.616875e-12	1.001666e+02	
30  5253.32	2.232497e+00	1.168907e-01	1.042443e+00	1.001259e-01	2.440858e-09	2.212420e-09	1.562832e-12	4.328556e-09	2.616875e-12	9.981288e+01	
30  5252.94	2.232497e+00	1.168907e-01	1.042443e+00	1.001259e-01	2.440858e-09	2.212420e-09	1.562832e-12	4.328556e-09	2.616875e-12	9.995844e+01	
20  5252.94	2.232497e+00	1.168907e-01	1.042443e+00	1.001259e-01	2.440858e-09	2.212420e-09	1.562832e-12	4.328556e-09	2.616875e-12	9.995564e+01	
80  5253.52	2.232497e+00	1.168907e-01	1.042443e+00	1.001259e-01	2.440858e-09	2.212420e-09	1.562832e-12	4.328556e-09	2.616875e-12	9.976547e+01	
10  5253.19	2.232497e+00	1.168907e-01	1.042443e+00	1.001259e-01	2.440858e-09	2.212420e-09	1.562832e-12	4.328556e-09	2.616875e-12	1.002472e+02	
10  5253.51	2.232497e+00	1.168907e-01	1.042443e+00	1.001259e-01	2.440858e-09	2.212420e-09	1.562832e-12	4.328556e-09	2.616875e-12	1.003291e+02	
40  5252.96	2.232497e+00	1.168907e-01	1.042443e+00	1.001259e-01	2.440858e-09	2.212420e-09	1.562832e-12	4.328556e-09	2.616875e-12	9.994431e+01	
240  5253.01	2.232497e+00	1.168907e-01	1.042443e+00	1.001259e-01	2.440858e-09	2.212420e-09	1.562832e-12	4.328556e-09	2.616875e-12	9.991767e+01	
80  5253.36	2.232497e+00	1.168907e-01	1.042443e+00	1.001259e-01	2.440858e-09	2.212420e-09	1.562832e-12	4.328556e-09	2.616875e-12	9.980342e+01	
100  5253.37	2.232497e+00	1.168907e-01	1.042443e+00	1.001259e-01	2.440858e-09	2.212420e-09	1.562832e-12	4.328556e-09	2.616875e-12	1.002967e+02	
110  5252.88	2.232497e+00	1.168907e-01	1.042443e+00	1.001259e-01	2.440858e-09	2.212420e-09	1.562832e-12	4.328556e-09	2.616875e-12	1.000820e+02	
150  5252.88	2.232497e+00	1.168907e-01	1.042443e+00	1.001259e-01	2.440858e-09	2.212420e-09	1.562832e-12	4.328556e-09	2.616875e-12	1.000227e+02	
10  5255.68	2.232497e+00	1.168907e-01	1.042443e+00	1.001259e-01	2.440858e-09	2.212420e-09	1.562832e-12	4.328556e-09	2.616875e-12	9.945947e+01	
20  5253.48	2.232497e+00	1.168907e-01	1.042443e+00	1.001259e-01	2.440858e-09	2.212420e-09	1.562832e-12	4.328556e-09	2.616875e-12	1.003229e+02	
110  5252.87	2.232497e+00	1.168907e-01	1.042443e+00	1.001259e-01	2.440858e-09	2.212420e-09	1.562832e-12	4.328556e-09	2.616875e-12	1.000326e+02	
10  5253.33	2.232497e+00	1.168907e-01	1.042443e+00	1.001259e-01	2.440858e-09	2.212420e-09	1.562832e-12	4.328556e-09	2.616875e-12	1.002855e+02	
20  5253.13	2.232497e+00	1.168907e-01	1.042443e+00	1.001259e-01	2.440858e-09	2.212420e-09	1.562832e-12	4.328556e-09	2.616875e-12	9.987175e+01	
40  5253.05	2.232497e+00	1.168907e-01	1.042443e+00	1.001259e-01	2.440858e-09	2.212420e-09	1.562832e-12	4.328556e-09	2.616875e-12	9.989912e+01	
40  5253.32	2.232497e+00	1.168907e-01	1.042443e+00	1.001259e-01	2.440858e-09	2.212420e-09	1.562832e-12	4.328556e-09	2.616875e-12	1.002848e+02	
20  5252.88	2.232497e+00	1.168907e-01	1.042443e+00	1.001259e-01	2.440858e-09	2.212420e-09	1.562832e-12	4.328556e-09	2.616875e-12	1.000195e+02	
20  5252.89	2.232497e+00	1.168907e-01	1.042443e+00	1.001259e-01	2.440858e-09	2.212420e-09	1.562832e-12	4.328556e-09	2.616875e-12	1.001008e+02	
20  5253.87	2.232497e+00	1.168907e-01	1.042443e+00	1.001259e-01	2.440858e-09	2.212420e-09	1.562832e-12	4.328556e-09	2.616875e-12	9.969668e+01	
90  5253.86	2.232497e+00	1.168907e-01	1.042443e+00	1.001259e-01	2.440858e-09	2.212420e-09	1.562832e-12	4.328556e-09	2.616875e-12	1.003983e+02	
20  5252.96	2.232497e+00	1.168907e-01	1.042443e+00	1.001259e-01	2.440858e-09	2.212420e-09	1.562832e-12	4.328556e-09	2.616875e-12	9.994772e+01	
70  5252.89	2.232497e+00	1.168907e-01	1.042443e+00	1.001259e-01	2.440858e-09	2.212420e-09	1.562832e-12	4.328556e-09	2.616875e-12	1.000959e+02	
60  5252.91	2.232497e+00	1.168907e-01	1.042443e+00	1.001259e-01	2.440858e-09	2.212420e-09	1.562832e-12	4.328556e-09	2.616875e-12	1.001195e+02	
90  5253.11	2.232497e+00	1.168907e-01	1.042443e+00	1.001259e-01	2.440858e-09	2.212420e-09	1.562832e-12	4.328556e-09	2.616875e-12	9.987844e+01	
90  5252.97	2.232497e+00	1.168907e-01	1.042443e+00	1.001259e-01	2.440858e-09	2.212420e-09	1.562832e-12	4.328556e-09	2.616875e-12	9.994170e+01	
80  5253.59	2.232497e+00	1.168907e-01	1.042443e+00	1.001259e-01	2.440858e-09	2.212420e-09	1.562832e-12	4.328556e-09	2.616875e-12	1.003457e+02	
90  5253.16	2.232497e+00	1.168907e-01	1.042443e+00	1.001259e-01	2.440858e-09	2.212420e-09	1.562832e-12	4.328556e-09	2.616875e-12	1.002377e+02	
30  5253.04	2.232497e+00	1.168907e-01	1.042443e+00	1.001259e-01	2.440858e-09	2.212420e-09	1.562832e-12	4.328556e-09	2.616875e-12	9.990380e+01	
80  5252.92	2.232497e+00	1.168907e-01	1.042443e+00	1.001259e-01	2.440858e-09	2.212420e-09	1.562832e-12	4.328556e-09	2.616875e-12	9.997479e+01	
200  5253.5	2.232497e+00	1.168907e-01	1.042443e+00	1.001259e-01	2.440858e-09	2.212420e-09	1.562832e-12	4.328556e-09	2.616875e-12	9.977046e+01	
130  5254.91	2.232497e+00	1.168907e-01	1.042443e+00	1.001259e-01	2.440858e-09	2.212420e-09	1.562832e-12	4.328556e-09	2.616875e-12	9.954613e+01	
40  5253.58	2.232497e+00	1.168907e-01	1.042443e+00	1.001259e-01	2.440858e-09	2.212420e-09	1.562832e-12	4.328556e-09	2.616875e-12	1.003436e+02	
130  5253.07	2.232497e+00	1.168907e-01	1.042443e+00	1.001259e-01	2.440858e-09	2.212420e-09	1.562832e-12	4.328556e-09	2.616875e-12	9.989069e+01	
30  5253.1	2.232497e+00	1.168907e-01	1.042443e+00	1.001259e-01	2.440858e-09	2.212420e-09	1.562832e-12	4.328556e-09	2.616875e-12	9.988173e+01	
20  5253.18	2.232497e+00	1.168907e-01	1.042443e+00	1.001259e-01	2.440858e-09	2.212420e-09	1.562832e-12	4.328556e-09	2.616875e-12	9.985350e+01	
23  5254.39	2.232497e+00	1.168907e-01	1.042443e+00	1.001259e-01	2.440858e-09	2.212420e-09	1.562832e-12	4.328556e-09	2.616875e-12	1.004811e+02	
67  5253.69	2.216766e+00	1.170043e-01	1.043098e+00	8.912603e-02	2.369916e-09	2.171636e-09	1.105530e-12	4.498789e-09	4.346889e-12	1.000806e+02	
50  5254.33	2.216766e+00	1.170043e-01	1.043098e+00	8.912603e-02	2.369916e-09	2.171636e-09	1.105530e-12	4.498789e-09	4.346889e-12	9.975542e+01	
30  5255.25	2.216766e+00	1.170043e-01	1.043098e+00	8.912603e-02	2.369916e-09	2.171636e-09	1.105530e-12	4.498789e-09	4.346889e-12	9.959881e+01	
50  5254.25	2.216766e+00	1.170043e-01	1.043098e+00	8.912603e-02	2.369916e-09	2.171636e-09	1.105530e-12	4.498789e-09	4.346889e-12	1.003062e+02	
80  5254.3	2.216766e+00	1.170043e-01	1.043098e+00	8.912603e-02	2.369916e-09	2.171636e-09	1.105530e-12	4.498789e-09	4.346889e-12	9.976224e+01	
20  5254.41	2.216766e+00	1.170043e-01	1.043098e+00	8.912603e-02	2.369916e-09	2.171636e-09	1.105530e-12	4.498789e-09	4.346889e-12	1.003405e+02	
20  5254.02	2.216766e+00	1.170043e-01	1.043098e+00	8.912603e-02	2.369916e-09	2.171636e-09	1.105530e-12	4.498789e-09	4.346889e-12	9.983310e+01	
110  5254.03	2.216766e+00	1.170043e-01	1.043098e+00	8.912603e-02	2.369916e-09	2.171636e-09	1.105530e-12	4.498789e-09	4.346889e-12	9.983098e+01	
10  5253.91	2.216766e+00	1.170043e-01	1.043098e+00	8.912603e-02	2.369916e-09	2.171636e-09	1.105530e-12	4.498789e-09	4.346889e-12	1.002095e+02	
20  5254.95	2.216766e+00	1.170043e-01	1.043098e+00	8.912603e-02	2.369916e-09	2.171636e-09	1.105530e-12	4.498789e-09	4.346889e-12	1.004364e+02	
110  5253.7	2.216766e+00	1.170043e-01	1.043098e+00	8.912603e-02	2.369916e-09	2.171636e-09	1.105530e-12	4.498789e-09	4.346889e-12	1.000976e+02	
10  5254.93	2.216766e+00	1.170043e-01	1.043098e+00	8.912603e-02	2.369916e-09	2.171636e-09	1.105530e-12	4.498789e-09	4.346889e-12	1.004337e+02	
80  5253.88	2.216766e+00	1.170043e-01	1.043098e+00	8.912603e-02	2.369916e-09	2.171636e-09	1.105530e-12	4.498789e-09	4.346889e-12	1.001974e+02	
150  5253.68	2.216766e+00	1.170043e-01	1.043098e+00	8.912603e-02	2.369916e-09	2.171636e-09	1.105530e-12	4.498789e-09	4.346889e-12	1.000277e+02	
180  5253.94	2.216766e+00	1.170043e-01	1.043098e+00	8.912603e-02	2.369916e-09	2.171636e-09	1.105530e-12	4.498789e-09	4.346889e-12	1.002197e+02	
50  5253.71	2.216766e+00	1.170043e-01	1.043098e+00	8.912603e-02	2.369916e-09	2.171636e-09	1.105530e-12	4.498789e-09	4.346889e-12	1.001074e+02	
10  5254.91	2.216766e+00	1.170043e-01	1.043098e+00	8.912603e-02	2.369916e-09	2.171636e-09	1.105530e-12	4.498789e-09	4.346889e-12	1.004302e+02	
10  5253.81	2.216766e+00	1.170043e-01	1.043098e+00	8.912603e-02	2.369916e-09	2.171636e-09	1.105530e-12	4.498789e-09	4.346889e-12	9.991327e+01	
10  5253.83	2.216766e+00	1.170043e-01	1.043098e+00	8.912603e-02	2.369916e-09	2.171636e-09	1.105530e-12	4.498789e-09	4.346889e-12	1.001763e+02	
20  5254.08	2.216766e+00	1.170043e-01	1.043098e+00	8.912603e-02	2.369916e-09	2.171636e-09	1.105530e-12	4.498789e-09	4.346889e-12	1.002626e+02	
10  5254.23	2.216766e+00	1.170043e-01	1.043098e+00	8.912603e-02	2.369916e-09	2.171636e-09	1.105530e-12	4.498789e-09	4.346889e-12	1.003019e+02	
90  5254.16	2.216766e+00	1.170043e-01	1.043098e+00	8.912603e-02	2.369916e-09	2.171636e-09	1.105530e-12	4.498789e-09	4.346889e-12	9.979565e+01	
10  5254.59	2.216766e+00	1.170043e-01	1.043098e+00	8.912603e-02	2.369916e-09	2.171636e-09	1.105530e-12	4.498789e-09	4.346889e-12	9.970402e+01	
20  5253.83	2.216766e+00	1.170043e-01	1.043098e+00	8.912603e-02	2.369916e-09	2.171636e-09	1.105530e-12	4.498789e-09	4.346889e-12	9.990301e+01	
10  5253.71	2.216766e+00	1.170043e-01	1.043098e+00	8.912603e-02	2.369916e-09	2.171636e-09	1.105530e-12	4.498789e-09	4.346889e-12	9.997258e+01	
90  5254.97	2.216766e+00	1.170043e-01	1.043098e+00	8.912603e-02	2.369916e-09	2.171636e-09	1.105530e-12	4.498789e-09	4.346889e-12	1.004404e+02	
10  5255.29	2.216766e+00	1.170043e-01	1.043098e+00	8.912603e-02	2.369916e-09	2.171636e-09	1.105530e-12	4.498789e-09	4.346889e-12	1.004862e+02	
10  5254.21	2.216766e+00	1.170043e-01	1.043098e+00	8.912603e-02	2.369916e-09	2.171636e-09	1.105530e-12	4.498789e-09	4.346889e-12	1.002960e+02	
20  5254.14	2.216766e+00	1.170043e-01	1.043098e+00	8.912603e-02	2.369916e-09	2.171636e-09	1.105530e-12	4.498789e-09	4.346889e-12	9.980110e+01	
30  5253.68	2.216766e+00	1.170043e-01	1.043098e+00	8.912603e-02	2.369916e-09	2.171636e-09	1.105530e-12	4.498789e-09	4.346889e-12	1.000194e+02	
10  5253.7	2.216766e+00	1.170043e-01	1.043098e+00	8.912603e-02	2.369916e-09	2.171636e-09	1.105530e-12	4.498789e-09	4.346889e-12	9.998975e+01	
190  5253.69	2.216766e+00	1.170043e-01	1.043098e+00	8.912603e-02	2.369916e-09	2.171636e-09	1.105530e-12	4.498789e-09	4.346889e-12	1.000870e+02	
84  5254.55	2.216766e+00	1.170043e-01	1.043098e+00	8.912603e-02	2.369916e-09	2.171636e-09	1.105530e-12	4.498789e-09	4.346889e-12	9.971142e+01	
26  5257.23	2.212676e+00	1.182335e-01	1.043190e+00	8.030401e-02	2.371377e-09	2.139470e-09	3.578856e-13	3.508131e-09	7.682716e-12	9.987566e+01	
30  5258.15	2.212676e+00	1.182335e-01	1.043190e+00	8.030401e-02	2.371377e-09	2.139470e-09	3.578856e-13	3.508131e-09	7.682716e-12	9.966659e+01	
80  5257.04	2.212676e+00	1.182335e-01	1.043190e+00	8.030401e-02	2.371377e-09	2.139470e-09	3.578856e-13	3.508131e-09	7.682716e-12	1.001163e+02	
10  5257.31	2.212676e+00	1.182335e-01	1.043190e+00	8.030401e-02	2.371377e-09	2.139470e-09	3.578856e-13	3.508131e-09	7.682716e-12	9.984743e+01	
20  5257.03	2.212676e+00	1.182335e-01	1.043190e+00	8.030401e-02	2.371377e-09	2.139470e-09	3.578856e-13	3.508131e-09	7.682716e-12	9.998518e+01	
260  5257.01	2.212676e+00	1.182335e-01	1.043190e+00	8.030401e-02	2.371377e-09	2.139470e-09	3.578856e-13	3.508131e-09	7.682716e-12	1.000750e+02	
80  5257.09	2.212676e+00	1.182335e-01	1.043190e+00	8.030401e-02	2.371377e-09	2.139470e-09	3.578856e-13	3.508131e-09	7.682716e-12	1.001528e+02	
60  5257.09	2.212676e+00	1.182335e-01	1.043190e+00	8.030401e-02	2.371377e-09	2.139470e-09	3.578856e-13	3.508131e-09	7.682716e-12	1.001483e+02	
140  5257.84	2.212676e+00	1.182335e-01	1.043190e+00	8.030401e-02	2.371377e-09	2.139470e-09	3.578856e-13	3.508131e-09	7.682716e-12	9.972131e+01	
60  5257.12	2.212676e+00	1.182335e-01	1.043190e+00	8.030401e-02	2.371377e-09	2.139470e-09	3.578856e-13	3.508131e-09	7.682716e-12	9.992052e+01	
10  5260.17	2.212676e+00	1.182335e-01	1.043190e+00	8.030401e-02	2.371377e-09	2.139470e-09	3.578856e-13	3.508131e-09	7.682716e-12	1.006706e+02	
30  5259.03	2.212676e+00	1.182335e-01	1.043190e+00	8.030401e-02	2.371377e-09	2.139470e-09	3.578856e-13	3.508131e-09	7.682716e-12	9.954334e+01	
20  5257.02	2.212676e+00	1.182335e-01	1.043190e+00	8.030401e-02	2.371377e-09	2.139470e-09	3.578856e-13	3.508131e-09	7.682716e-12	1.000943e+02	
40  5258.87	2.212676e+00	1.182335e-01	1.043190e+00	8.030401e-02	2.371377e-09	2.139470e-09	3.578856e-13	3.508131e-09	7.682716e-12	1.005260e+02	
20  5258.97	2.212676e+00	1.182335e-01	1.043190e+00	8.030401e-02	2.371377e-09	2.139470e-09	3.578856e-13	3.508131e-09	7.682716e-12	9.955080e+01	
50  5259.02	2.212676e+00	1.182335e-01	1.043190e+00	8.030401e-02	2.371377e-09	2.139470e-09	3.578856e-13	3.508131e-09	7.682716e-12	1.005444e+02	
100  5257.01	2.212676e+00	1.182335e-01	1.043190e+00	8.030401e-02	2.371377e-09	2.139470e-09	3.578856e-13	3.508131e-09	7.682716e-12	1.000823e+02	
20  5257	2.212676e+00	1.182335e-01	1.043190e+00	8.030401e-02	2.371377e-09	2.139470e-09	3.578856e-13	3.508131e-09	7.682716e-12	1.000659e+02	
20  5258.68	2.212676e+00	1.182335e-01	1.043190e+00	8.030401e-02	2.371377e-09	2.139470e-09	3.578856e-13	3.508131e-09	7.682716e-12	9.958776e+01	
10  5257.69	2.212676e+00	1.182335e-01	1.043190e+00	8.030401e-02	2.371377e-09	2.139470e-09	3.578856e-13	3.508131e-09	7.682716e-12	9.975105e+01	
150  5257.5	2.212676e+00	1.182335e-01	1.043190e+00	8.030401e-02	2.371377e-09	2.139470e-09	3.578856e-13	3.508131e-09	7.682716e-12	9.979521e+01	
10  5257.03	2.212676e+00	1.182335e-01	1.043190e+00	8.030401e-02	2.371377e-09	2.139470e-09	3.578856e-13	3.508131e-09	7.682716e-12	9.998214e+01	
3  5258.42	2.212676e+00	1.182335e-01	1.043190e+00	8.030401e-02	2.371377e-09	2.139470e-09	3.578856e-13	3.508131e-09	7.682716e-12	1.004644e+02	
47  5260.12	2.230467e+00	1.197379e-01	1.043099e+00	7.706596e-02	2.380404e-09	2.134276e-09	1.081737e-12	2.346660e-09	6.303975e-12	1.007598e+02	
20  5259.56	2.230467e+00	1.197379e-01	1.043099e+00	7.706596e-02	2.380404e-09	2.134276e-09	1.081737e-12	2.346660e-09	6.303975e-12	1.007091e+02	
10  5257.67	2.230467e+00	1.197379e-01	1.043099e+00	7.706596e-02	2.380404e-09	2.134276e-09	1.081737e-12	2.346660e-09	6.303975e-12	9.959236e+01	
50  5257.44	2.230467e+00	1.197379e-01	1.043099e+00	7.706596e-02	2.380404e-09	2.134276e-09	1.081737e-12	2.346660e-09	6.303975e-12	9.962475e+01	
10  5256.25	2.230467e+00	1.197379e-01	1.043099e+00	7.706596e-02	2.380404e-09	2.134276e-09	1.081737e-12	2.346660e-09	6.303975e-12	1.002183e+02	
20  5256.73	2.230467e+00	1.197379e-01	1.043099e+00	7.706596e-02	2.380404e-09	2.134276e-09	1.081737e-12	2.346660e-09	6.303975e-12	9.974654e+01	
50  5256.01	2.230467e+00	1.197379e-01	1.043099e+00	7.706596e-02	2.380404e-09	2.134276e-09	1.081737e-12	2.346660e-09	6.303975e-12	1.000441e+02	
10  5256.02	2.230467e+00	1.197379e-01	1.043099e+00	7.706596e-02	2.380404e-09	2.134276e-09	1.081737e-12	2.346660e-09	6.303975e-12	1.000058e+02	
110  5256.23	2.230467e+00	1.197379e-01	1.043099e+00	7.706596e-02	2.380404e-09	2.134276e-09	1.081737e-12	2.346660e-09	6.303975e-12	1.002121e+02	
160  5256.25	2.230467e+00	1.197379e-01	1.043099e+00	7.706596e-02	2.380404e-09	2.134276e-09	1.081737e-12	2.346660e-09	6.303975e-12	1.002216e+02	
10  5256.61	2.230467e+00	1.197379e-01	1.043099e+00	7.706596e-02	2.380404e-09	2.134276e-09	1.081737e-12	2.346660e-09	6.303975e-12	1.003206e+02	
10  5256.1	2.230467e+00	1.197379e-01	1.043099e+00	7.706596e-02	2.380404e-09	2.134276e-09	1.081737e-12	2.346660e-09	6.303975e-12	1.001567e+02	
60  5256.03	2.230467e+00	1.197379e-01	1.043099e+00	7.706596e-02	2.380404e-09	2.134276e-09	1.081737e-12	2.346660e-09	6.303975e-12	9.998668e+01	
180  5256.63	2.230467e+00	1.197379e-01	1.043099e+00	7.706596e-02	2.380404e-09	2.134276e-09	1.081737e-12	2.346660e-09	6.303975e-12	1.003232e+02	
40  5256.5	2.230467e+00	1.197379e-01	1.043099e+00	7.706596e-02	2.380404e-09	2.134276e-09	1.081737e-12	2.346660e-09	6.303975e-12	1.002943e+02	
90  5256.32	2.230467e+00	1.197379e-01	1.043099e+00	7.706596e-02	2.380404e-09	2.134276e-09	1.081737e-12	2.346660e-09	6.303975e-12	9.984845e+01	
10  5256.25	2.230467e+00	1.197379e-01	1.043099e+00	7.706596e-02	2.380404e-09	2.134276e-09	1.081737e-12	2.346660e-09	6.303975e-12	1.002213e+02	
100  5256.34	2.230467e+00	1.197379e-01	1.043099e+00	7.706596e-02	2.380404e-09	2.134276e-09	1.081737e-12	2.346660e-09	6.303975e-12	9.984328e+01	
101  5256.03	2.230467e+00	1.197379e-01	1.043099e+00	7.706596e-02	2.380404e-09	2.134276e-09	1.081737e-12	2.346660e-09	6.303975e-12	9.999435e+01	
49  5257.12	2.208802e+00	1.203173e-01	1.042309e+00	7.314371e-02	2.409394e-09	2.114472e-09	4.407783e-12	1.188080e-09	-5.879381e-13	1.001779e+02	
90  5257.47	2.208802e+00	1.203173e-01	1.042309e+00	7.314371e-02	2.409394e-09	2.114472e-09	4.407783e-12	1.188080e-09	-5.879381e-13	9.980647e+01	
4  5257.4	2.208802e+00	1.203173e-01	1.042309e+00	7.314371e-02	2.409394e-09	2.114472e-09	4.407783e-12	1.188080e-09	-5.879381e-13	1.002744e+02	
72  5257.56	2.207752e+00	1.201356e-01	1.041947e+00	6.829434e-02	2.396000e-09	2.090745e-09	1.915532e-11	5.840009e-10	7.951439e-12	1.000636e+02	
29  5257.48	2.222520e+00	1.201235e-01	1.042246e+00	7.060906e-02	2.383855e-09	2.103078e-09	1.775226e-11	1.249756e-09	1.195005e-11	1.000300e+02	
28  5259.25	2.214109e+00	1.203484e-01	1.041627e+00	6.064395e-02	2.386089e-09	2.060843e-09	7.215785e-11	2.188989e-10	-1.610631e-11	9.969404e+01	
71  5256.11	2.227211e+00	1.186043e-01	1.042024e+00	8.129082e-02	2.412437e-09	2.144989e-09	4.751177e-11	8.625411e-10	-5.361717e-14	1.000375e+02	
76  5254.47	2.223265e+00	1.196754e-01	1.041802e+00	7.813648e-02	2.404256e-09	2.135081e-09	6.889985e-11	1.123608e-10	-1.268649e-11	1.002266e+02	
10  5256.51	2.223265e+00	1.196754e-01	1.041802e+00	7.813648e-02	2.404256e-09	2.135081e-09	6.889985e-11	1.123608e-10	-1.268649e-11	9.953302e+01	
32  5256.34	2.223265e+00	1.196754e-01	1.041802e+00	7.813648e-02	2.404256e-09	2.135081e-09	6.889985e-11	1.123608e-10	-1.268649e-11	1.005694e+02	
9  5254.97	2.219132e+00	1.200440e-01	1.041498e+00	7.524604e-02	2.411326e-09	2.123542e-09	5.172491e-11	1.609760e-10	-1.338941e-11	1.005228e+02	
89  5250.25	2.228909e+00	1.186147e-01	1.041727e+00	7.900510e-02	2.402585e-09	2.136024e-09	1.543824e-11	3.990625e-10	1.679134e-12	1.001810e+02	
40  5250.34	2.228909e+00	1.186147e-01	1.041727e+00	7.900510e-02	2.402585e-09	2.136024e-09	1.543824e-11	3.990625e-10	1.679134e-12	1.002195e+02	
10  5250.13	2.228909e+00	1.186147e-01	1.041727e+00	7.900510e-02	2.402585e-09	2.136024e-09	1.543824e-11	3.990625e-10	1.679134e-12	1.000972e+02	
10  5251.55	2.228909e+00	1.186147e-01	1.041727e+00	7.900510e-02	2.402585e-09	2.136024e-09	1.543824e-11	3.990625e-10	1.679134e-12	1.004727e+02	
70  5250.33	2.228909e+00	1.186147e-01	1.041727e+00	7.900510e-02	2.402585e-09	2.136024e-09	1.543824e-11	3.990625e-10	1.679134e-12	1.002138e+02	
20  5250.34	2.228909e+00	1.186147e-01	1.041727e+00	7.900510e-02	2.402585e-09	2.136024e-09	1.543824e-11	3.990625e-10	1.679134e-12	1.002168e+02	
140  5250.36	2.228909e+00	1.186147e-01	1.041727e+00	7.900510e-02	2.402585e-09	2.136024e-09	1.543824e-11	3.990625e-10	1.679134e-12	1.002242e+02	
90  5250.42	2.228909e+00	1.186147e-01	1.041727e+00	7.900510e-02	2.402585e-09	2.136024e-09	1.543824e-11	3.990625e-10	1.679134e-12	9.985961e+01	
40  5250.15	2.228909e+00	1.186147e-01	1.041727e+00	7.900510e-02	2.402585e-09	2.136024e-09	1.543824e-11	3.990625e-10	1.679134e-12	9.998911e+01	
40  5250.12	2.228909e+00	1.186147e-01	1.041727e+00	7.900510e-02	2.402585e-09	2.136024e-09	1.543824e-11	3.990625e-10	1.679134e-12	1.000716e+02	
80  5250.89	2.228909e+00	1.186147e-01	1.041727e+00	7.900510e-02	2.402585e-09	2.136024e-09	1.543824e-11	3.990625e-10	1.679134e-12	9.974208e+01	
110  5250.16	2.228909e+00	1.186147e-01	1.041727e+00	7.900510e-02	2.402585e-09	2.136024e-09	1.543824e-11	3.990625e-10	1.679134e-12	9.997693e+01	
240  5250.12	2.228909e+00	1.186147e-01	1.041727e+00	7.900510e-02	2.402585e-09	2.136024e-09	1.543824e-11	3.990625e-10	1.679134e-12	1.000563e+02	
10  5250.17	2.228909e+00	1.186147e-01	1.041727e+00	7.900510e-02	2.402585e-09	2.136024e-09	1.543824e-11	3.990625e-10	1.679134e-12	9.996914e+01	
190  5250.13	2.228909e+00	1.186147e-01	1.041727e+00	7.900510e-02	2.402585e-09	2.136024e-09	1.543824e-11	3.990625e-10	1.679134e-12	1.000105e+02	
50  5250.39	2.228909e+00	1.186147e-01	1.041727e+00	7.900510e-02	2.402585e-09	2.136024e-09	1.543824e-11	3.990625e-10	1.679134e-12	1.002347e+02	
60  5250.33	2.228909e+00	1.186147e-01	1.041727e+00	7.900510e-02	2.402585e-09	2.136024e-09	1.543824e-11	3.990625e-10	1.679134e-12	1.002143e+02	
50  5250.15	2.228909e+00	1.186147e-01	1.041727e+00	7.900510e-02	2.402585e-09	2.136024e-09	1.543824e-11	3.990625e-10	1.679134e-12	1.001199e+02	
40  5250.15	2.228909e+00	1.186147e-01	1.041727e+00	7.900510e-02	2.402585e-09	2.136024e-09	1.543824e-11	3.990625e-10	1.679134e-12	9.999287e+01	
10  5251.08	2.228909e+00	1.186147e-01	1.041727e+00	7.900510e-02	2.402585e-09	2.136024e-09	1.543824e-11	3.990625e-10	1.679134e-12	1.003974e+02	
30  5252.06	2.228909e+00	1.186147e-01	1.041727e+00	7.900510e-02	2.402585e-09	2.136024e-09	1.543824e-11	3.990625e-10	1.679134e-12	1.005419e+02	
10  5254.49	2.228909e+00	1.186147e-01	1.041727e+00	7.900510e-02	2.402585e-09	2.136024e-09	1.543824e-11	3.990625e-10	1.679134e-12	1.007873e+02	
20  5254.51	2.228909e+00	1.186147e-01	1.041727e+00	7.900510e-02	2.402585e-09	2.136024e-09	1.543824e-11	3.990625e-10	1.679134e-12	1.007888e+02	
50  5250.12	2.228909e+00	1.186147e-01	1.041727e+00	7.900510e-02	2.402585e-09	2.136024e-09	1.543824e-11	3.990625e-10	1.679134e-12	1.000787e+02	
170  5250.2	2.228909e+00	1.186147e-01	1.041727e+00	7.900510e-02	2.402585e-09	2.136024e-09	1.543824e-11	3.990625e-10	1.679134e-12	1.001512e+02	
80  5250.16	2.228909e+00	1.186147e-01	1.041727e+00	7.900510e-02	2.402585e-09	2.136024e-09	1.543824e-11	3.990625e-10	1.679134e-12	9.998305e+01	
60  5250.12	2.228909e+00	1.186147e-01	1.041727e+00	7.900510e-02	2.402585e-09	2.136024e-09	1.543824e-11	3.990625e-10	1.679134e-12	1.000288e+02	
80  5250.75	2.228909e+00	1.186147e-01	1.041727e+00	7.900510e-02	2.402585e-09	2.136024e-09	1.543824e-11	3.990625e-10	1.679134e-12	1.003310e+02	
10  5250.12	2.228909e+00	1.186147e-01	1.041727e+00	7.900510e-02	2.402585e-09	2.136024e-09	1.543824e-11	3.990625e-10	1.679134e-12	1.000686e+02	
100  5250.35	2.228909e+00	1.186147e-01	1.041727e+00	7.900510e-02	2.402585e-09	2.136024e-09	1.543824e-11	3.990625e-10	1.679134e-12	1.002218e+02	
10  5250.91	2.228909e+00	1.186147e-01	1.041727e+00	7.900510e-02	2.402585e-09	2.136024e-09	1.543824e-11	3.990625e-10	1.679134e-12	9.973925e+01	
12  5250.34	2.228909e+00	1.186147e-01	1.041727e+00	7.900510e-02	2.402585e-09	2.136024e-09	1.543824e-11	3.990625e-10	1.679134e-12	1.002175e+02	
28  5253.24	2.238678e+00	1.182749e-01	1.041509e+00	7.864131e-02	2.396596e-09	2.132267e-09	5.036078e-11	5.375408e-11	-4.293409e-11	9.980556e+01	
40  5253.53	2.238678e+00	1.182749e-01	1.041509e+00	7.864131e-02	2.396596e-09	2.132267e-09	5.036078e-11	5.375408e-11	-4.293409e-11	1.003526e+02	
50  5252.82	2.238678e+00	1.182749e-01	1.041509e+00	7.864131e-02	2.396596e-09	2.132267e-09	5.036078e-11	5.375408e-11	-4.293409e-11	9.996979e+01	
50  5252.89	2.238678e+00	1.182749e-01	1.041509e+00	7.864131e-02	2.396596e-09	2.132267e-09	5.036078e-11	5.375408e-11	-4.293409e-11	9.992238e+01	
6  5255.08	2.238678e+00	1.182749e-01	1.041509e+00	7.864131e-02	2.396596e-09	2.132267e-09	5.036078e-11	5.375408e-11	-4.293409e-11	1.005802e+02	
34  5255.27	2.255351e+00	1.156322e-01	1.041632e+00	9.553197e-02	2.401254e-09	2.193589e-09	6.614281e-12	1.155455e-09	3.047800e-12	1.004727e+02	
20  5253.8	2.255351e+00	1.156322e-01	1.041632e+00	9.553197e-02	2.401254e-09	2.193589e-09	6.614281e-12	1.155455e-09	3.047800e-12	1.000733e+02	
30  5253.84	2.255351e+00	1.156322e-01	1.041632e+00	9.553197e-02	2.401254e-09	2.193589e-09	6.614281e-12	1.155455e-09	3.047800e-12	1.001207e+02	
50  5254.23	2.255351e+00	1.156322e-01	1.041632e+00	9.553197e-02	2.401254e-09	2.193589e-09	6.614281e-12	1.155455e-09	3.047800e-12	9.981340e+01	
20  5253.84	2.255351e+00	1.156322e-01	1.041632e+00	9.553197e-02	2.401254e-09	2.193589e-09	6.614281e-12	1.155455e-09	3.047800e-12	9.996893e+01	
30  5253.99	2.255351e+00	1.156322e-01	1.041632e+00	9.553197e-02	2.401254e-09	2.193589e-09	6.614281e-12	1.155455e-09	3.047800e-12	9.989204e+01	
40  5254.48	2.255351e+00	1.156322e-01	1.041632e+00	9.553197e-02	2.401254e-09	2.193589e-09	6.614281e-12	1.155455e-09	3.047800e-12	1.003373e+02	
90  5254.14	2.255351e+00	1.156322e-01	1.041632e+00	9.553197e-02	2.401254e-09	2.193589e-09	6.614281e-12	1.155455e-09	3.047800e-12	1.002521e+02	
100  5253.8	2.255351e+00	1.156322e-01	1.041632e+00	9.553197e-02	2.401254e-09	2.193589e-09	6.614281e-12	1.155455e-09	3.047800e-12	1.000586e+02	
11  5255.46	2.255351e+00	1.156322e-01	1.041632e+00	9.553197e-02	2.401254e-09	2.193589e-09	6.614281e-12	1.155455e-09	3.047800e-12	9.959275e+01	
19  5253.59	2.237198e+00	1.174125e-01	1.041510e+00	9.362640e-02	2.451225e-09	2.194995e-09	4.280758e-12	5.361416e-11	-1.981106e-11	1.002579e+02	
40  5253.24	2.237198e+00	1.174125e-01	1.041510e+00	9.362640e-02	2.451225e-09	2.194995e-09	4.280758e-12	5.361416e-11	-1.981106e-11	1.000103e+02	
20  5253.8	2.237198e+00	1.174125e-01	1.041510e+00	9.362640e-02	2.451225e-09	2.194995e-09	4.280758e-12	5.361416e-11	-1.981106e-11	9.977875e+01	
60  5253.52	2.237198e+00	1.174125e-01	1.041510e+00	9.362640e-02	2.451225e-09	2.194995e-09	4.280758e-12	5.361416e-11	-1.981106e-11	1.002362e+02	
20  5253.94	2.237198e+00	1.174125e-01	1.041510e+00	9.362640e-02	2.451225e-09	2.194995e-09	4.280758e-12	5.361416e-11	-1.981106e-11	1.003412e+02	
70  5254.03	2.237198e+00	1.174125e-01	1.041510e+00	9.362640e-02	2.451225e-09	2.194995e-09	4.280758e-12	5.361416e-11	-1.981106e-11	1.003604e+02	
50  5253.27	2.237198e+00	1.174125e-01	1.041510e+00	9.362640e-02	2.451225e-09	2.194995e-09	4.280758e-12	5.361416e-11	-1.981106e-11	9.997489e+01	
40  5253.64	2.237198e+00	1.174125e-01	1.041510e+00	9.362640e-02	2.451225e-09	2.194995e-09	4.280758e-12	5.361416e-11	-1.981106e-11	9.982019e+01	
33  5254.07	2.237198e+00	1.174125e-01	1.041510e+00	9.362640e-02	2.451225e-09	2.194995e-09	4.280758e-12	5.361416e-11	-1.981106e-11	1.003681e+02	
7  5257.04	2.255039e+00	1.176549e-01	1.041226e+00	9.406479e-02	2.459449e-09	2.193449e-09	1.612301e-11	3.670387e-10	-2.780077e-11	1.002595e+02	
20  5257.67	2.255039e+00	1.176549e-01	1.041226e+00	9.406479e-02	2.459449e-09	2.193449e-09	1.612301e-11	3.670387e-10	-2.780077e-11	1.003986e+02	
2  5257.69	2.255039e+00	1.176549e-01	1.041226e+00	9.406479e-02	2.459449e-09	2.193449e-09	1.612301e-11	3.670387e-10	-2.780077e-11	9.969308e+01	
88  5257.99	2.226055e+00	1.192061e-01	1.041275e+00	8.812299e-02	2.417416e-09	2.171076e-09	1.850570e-11	1.780302e-09	-1.756114e-11	9.996401e+01	
65  5258.13	2.226055e+00	1.192061e-01	1.041275e+00	8.812299e-02	2.417416e-09	2.171076e-09	1.850570e-11	1.780302e-09	-1.756114e-11	9.989010e+01	
15  5255.86	2.244405e+00	1.171049e-01	1.041682e+00	1.056782e-01	2.471498e-09	2.250260e-09	8.930821e-11	1.269922e-10	-3.297107e-11	1.002517e+02	
89  5255.66	2.244405e+00	1.171049e-01	1.041682e+00	1.056782e-01	2.471498e-09	2.250260e-09	8.930821e-11	1.269922e-10	-3.297107e-11	9.996158e+01	
26  5254.01	2.246660e+00	1.171080e-01	1.041435e+00	1.085936e-01	2.498731e-09	2.262770e-09	4.425246e-11	4.320951e-10	-1.274326e-11	1.001102e+02	
115  5254.48	2.240087e+00	1.151776e-01	1.041856e+00	1.172426e-01	2.501461e-09	2.298249e-09	1.162267e-11	1.190092e-10	2.719306e-11	1.001999e+02	
37  5254.35	2.240087e+00	1.151776e-01	1.041856e+00	1.172426e-01	2.501461e-09	2.298249e-09	1.162267e-11	1.190092e-10	2.719306e-11	1.001049e+02	
3  5253.72	2.223764e+00	1.167876e-01	1.041826e+00	1.073938e-01	2.469176e-09	2.258248e-09	2.059677e-11	4.391494e-11	2.690465e-11	1.002291e+02	
60  5254.38	2.223764e+00	1.167876e-01	1.041826e+00	1.073938e-01	2.469176e-09	2.258248e-09	2.059677e-11	4.391494e-11	2.690465e-11	9.973481e+01	
50  5253.82	2.223764e+00	1.167876e-01	1.041826e+00	1.073938e-01	2.469176e-09	2.258248e-09	2.059677e-11	4.391494e-11	2.690465e-11	9.986726e+01	
110  5253.66	2.223764e+00	1.167876e-01	1.041826e+00	1.073938e-01	2.469176e-09	2.258248e-09	2.059677e-11	4.391494e-11	2.690465e-11	9.992419e+01	
19  5253.62	2.223764e+00	1.167876e-01	1.041826e+00	1.073938e-01	2.469176e-09	2.258248e-09	2.059677e-11	4.391494e-11	2.690465e-11	1.001831e+02	
51  5252.16	2.251958e+00	1.155664e-01	1.042146e+00	1.120538e-01	2.495112e-09	2.276418e-09	1.115204e-11	3.674213e-10	3.410720e-12	9.974680e+01	
10  5251.91	2.251958e+00	1.155664e-01	1.042146e+00	1.120538e-01	2.495112e-09	2.276418e-09	1.115204e-11	3.674213e-10	3.410720e-12	1.003160e+02	
10  5251.37	2.251958e+00	1.155664e-01	1.042146e+00	1.120538e-01	2.495112e-09	2.276418e-09	1.115204e-11	3.674213e-10	3.410720e-12	1.000600e+02	
30  5251.38	2.251958e+00	1.155664e-01	1.042146e+00	1.120538e-01	2.495112e-09	2.276418e-09	1.115204e-11	3.674213e-10	3.410720e-12	1.000868e+02	
20  5252.02	2.251958e+00	1.155664e-01	1.042146e+00	1.120538e-01	2.495112e-09	2.276418e-09	1.115204e-11	3.674213e-10	3.410720e-12	9.977559e+01	
70  5251.63	2.251958e+00	1.155664e-01	1.042146e+00	1.120538e-01	2.495112e-09	2.276418e-09	1.115204e-11	3.674213e-10	3.410720e-12	9.987903e+01	
31  5251.96	2.251958e+00	1.155664e-01	1.042146e+00	1.120538e-01	2.495112e-09	2.276418e-09	1.115204e-11	3.674213e-10	3.410720e-12	1.003264e+02	
3  5255.84	2.230678e+00	1.168630e-01	1.041649e+00	1.098397e-01	2.506234e-09	2.268294e-09	1.461006e-11	3.063361e-10	4.102706e-13	1.007235e+02	
76  5252.32	2.251012e+00	1.152266e-01	1.042220e+00	1.034288e-01	2.424902e-09	2.239309e-09	1.990913e-11	3.251455e-10	2.618460e-11	9.984710e+01	
30  5251.97	2.251012e+00	1.152266e-01	1.042220e+00	1.034288e-01	2.424902e-09	2.239309e-09	1.990913e-11	3.251455e-10	2.618460e-11	1.000312e+02	
160  5252.1	2.251012e+00	1.152266e-01	1.042220e+00	1.034288e-01	2.424902e-09	2.239309e-09	1.990913e-11	3.251455e-10	2.618460e-11	1.001920e+02	
20  5252	2.251012e+00	1.152266e-01	1.042220e+00	1.034288e-01	2.424902e-09	2.239309e-09	1.990913e-11	3.251455e-10	2.618460e-11	9.999265e+01	
10  5252.35	2.251012e+00	1.152266e-01	1.042220e+00	1.034288e-01	2.424902e-09	2.239309e-09	1.990913e-11	3.251455e-10	2.618460e-11	9.984033e+01	
20  5253.12	2.251012e+00	1.152266e-01	1.042220e+00	1.034288e-01	2.424902e-09	2.239309e-09	1.990913e-11	3.251455e-10	2.618460e-11	1.004374e+02	
50  5253.66	2.251012e+00	1.152266e-01	1.042220e+00	1.034288e-01	2.424902e-09	2.239309e-09	1.990913e-11	3.251455e-10	2.618460e-11	1.005169e+02	
20  5252.04	2.251012e+00	1.152266e-01	1.042220e+00	1.034288e-01	2.424902e-09	2.239309e-09	1.990913e-11	3.251455e-10	2.618460e-11	1.001588e+02	
20  5251.96	2.251012e+00	1.152266e-01	1.042220e+00	1.034288e-01	2.424902e-09	2.239309e-09	1.990913e-11	3.251455e-10	2.618460e-11	1.000516e+02	
17  5252.52	2.251012e+00	1.152266e-01	1.042220e+00	1.034288e-01	2.424902e-09	2.239309e-09	1.990913e-11	3.251455e-10	2.618460e-11	1.003214e+02	
13  5252.31	2.255829e+00	1.153716e-01	1.042145e+00	9.532864e-02	2.393881e-09	2.204569e-09	1.253248e-11	5.927841e-10	1.623828e-11	9.980471e+01	
112  5251.83	2.255829e+00	1.153716e-01	1.042145e+00	9.532864e-02	2.393881e-09	2.204569e-09	1.253248e-11	5.927841e-10	1.623828e-11	1.000240e+02	
28  5250.67	2.255589e+00	1.166343e-01	1.041559e+00	9.269301e-02	2.438713e-09	2.189967e-09	1.471352e-11	7.467426e-10	-6.575864e-12	1.001902e+02	
10  5251.84	2.255589e+00	1.166343e-01	1.041559e+00	9.269301e-02	2.438713e-09	2.189967e-09	1.471352e-11	7.467426e-10	-6.575864e-12	9.964663e+01	
42  5250.76	2.255589e+00	1.166343e-01	1.041559e+00	9.269301e-02	2.438713e-09	2.189967e-09	1.471352e-11	7.467426e-10	-6.575864e-12	1.002252e+02	
38  5250.4	2.232145e+00	1.165393e-01	1.041946e+00	8.417726e-02	2.371520e-09	2.153777e-09	1.656964e-11	5.498535e-10	1.485770e-11	1.000315e+02	
80  5250.48	2.232145e+00	1.165393e-01	1.041946e+00	8.417726e-02	2.371520e-09	2.153777e-09	1.656964e-11	5.498535e-10	1.485770e-11	9.995275e+01	
110  5250.41	2.232145e+00	1.165393e-01	1.041946e+00	8.417726e-02	2.371520e-09	2.153777e-09	1.656964e-11	5.498535e-10	1.485770e-11	1.000125e+02	
140  5250.48	2.232145e+00	1.165393e-01	1.041946e+00	8.417726e-02	2.371520e-09	2.153777e-09	1.656964e-11	5.498535e-10	1.485770e-11	1.001503e+02	
10  5251.03	2.232145e+00	1.165393e-01	1.041946e+00	8.417726e-02	2.371520e-09	2.153777e-09	1.656964e-11	5.498535e-10	1.485770e-11	1.003289e+02	
70  5250.61	2.232145e+00	1.165393e-01	1.041946e+00	8.417726e-02	2.371520e-09	2.153777e-09	1.656964e-11	5.498535e-10	1.485770e-11	9.988801e+01	
50  5250.41	2.232145e+00	1.165393e-01	1.041946e+00	8.417726e-02	2.371520e-09	2.153777e-09	1.656964e-11	5.498535e-10	1.485770e-11	1.000235e+02	
10  5250.42	2.232145e+00	1.165393e-01	1.041946e+00	8.417726e-02	2.371520e-09	2.153777e-09	1.656964e-11	5.498535e-10	1.485770e-11	1.000939e+02	
30  5251.5	2.232145e+00	1.165393e-01	1.041946e+00	8.417726e-02	2.371520e-09	2.153777e-09	1.656964e-11	5.498535e-10	1.485770e-11	9.968246e+01	
80  5250.64	2.232145e+00	1.165393e-01	1.041946e+00	8.417726e-02	2.371520e-09	2.153777e-09	1.656964e-11	5.498535e-10	1.485770e-11	9.987849e+01	
10  5250.4	2.232145e+00	1.165393e-01	1.041946e+00	8.417726e-02	2.371520e-09	2.153777e-09	1.656964e-11	5.498535e-10	1.485770e-11	1.000633e+02	
40  5250.67	2.232145e+00	1.165393e-01	1.041946e+00	8.417726e-02	2.371520e-09	2.153777e-09	1.656964e-11	5.498535e-10	1.485770e-11	1.002335e+02	
20  5250.9	2.232145e+00	1.165393e-01	1.041946e+00	8.417726e-02	2.371520e-09	2.153777e-09	1.656964e-11	5.498535e-10	1.485770e-11	9.980179e+01	
20  5251.88	2.232145e+00	1.165393e-01	1.041946e+00	8.417726e-02	2.371520e-09	2.153777e-09	1.656964e-11	5.498535e-10	1.485770e-11	9.962328e+01	
116  5250.42	2.232145e+00	1.165393e-01	1.041946e+00	8.417726e-02	2.371520e-09	2.153777e-09	1.656964e-11	5.498535e-10	1.485770e-11	1.000998e+02	
14  5249.93	2.227009e+00	1.183423e-01	1.041694e+00	7.121913e-02	2.338488e-09	2.100522e-09	1.167976e-12	1.881441e-09	-1.873940e-13	9.979107e+01	
50  5250.14	2.227009e+00	1.183423e-01	1.041694e+00	7.121913e-02	2.338488e-09	2.100522e-09	1.167976e-12	1.881441e-09	-1.873940e-13	9.974386e+01	
50  5251.31	2.227009e+00	1.183423e-01	1.041694e+00	7.121913e-02	2.338488e-09	2.100522e-09	1.167976e-12	1.881441e-09	-1.873940e-13	9.955710e+01	
90  5249.67	2.227009e+00	1.183423e-01	1.041694e+00	7.121913e-02	2.338488e-09	2.100522e-09	1.167976e-12	1.881441e-09	-1.873940e-13	9.987055e+01	
30  5250.1	2.227009e+00	1.183423e-01	1.041694e+00	7.121913e-02	2.338488e-09	2.100522e-09	1.167976e-12	1.881441e-09	-1.873940e-13	1.003259e+02	
10  5250.66	2.227009e+00	1.183423e-01	1.041694e+00	7.121913e-02	2.338488e-09	2.100522e-09	1.167976e-12	1.881441e-09	-1.873940e-13	1.004275e+02	
30  5250.55	2.227009e+00	1.183423e-01	1.041694e+00	7.121913e-02	2.338488e-09	2.100522e-09	1.167976e-12	1.881441e-09	-1.873940e-13	9.966798e+01	
50  5250.15	2.227009e+00	1.183423e-01	1.041694e+00	7.121913e-02	2.338488e-09	2.100522e-09	1.167976e-12	1.881441e-09	-1.873940e-13	1.003357e+02	
100  5250.97	2.227009e+00	1.183423e-01	1.041694e+00	7.121913e-02	2.338488e-09	2.100522e-09	1.167976e-12	1.881441e-09	-1.873940e-13	9.960342e+01	
60  5249.7	2.227009e+00	1.183423e-01	1.041694e+00	7.121913e-02	2.338488e-09	2.100522e-09	1.167976e-12	1.881441e-09	-1.873940e-13	9.985763e+01	
80  5250.17	2.227009e+00	1.183423e-01	1.041694e+00	7.121913e-02	2.338488e-09	2.100522e-09	1.167976e-12	1.881441e-09	-1.873940e-13	1.003410e+02	
120  5249.44	2.227009e+00	1.183423e-01	1.041694e+00	7.121913e-02	2.338488e-09	2.100522e-09	1.167976e-12	1.881441e-09	-1.873940e-13	1.000536e+02	
90  5249.49	2.227009e+00	1.183423e-01	1.041694e+00	7.121913e-02	2.338488e-09	2.100522e-09	1.167976e-12	1.881441e-09	-1.873940e-13	1.001196e+02	
240  5249.44	2.227009e+00	1.183423e-01	1.041694e+00	7.121913e-02	2.338488e-09	2.100522e-09	1.167976e-12	1.881441e-09	-1.873940e-13	1.000324e+02	
140  5249.46	2.227009e+00	1.183423e-01	1.041694e+00	7.121913e-02	2.338488e-09	2.100522e-09	1.167976e-12	1.881441e-09	-1.873940e-13	1.000908e+02	
130  5249.44	2.227009e+00	1.183423e-01	1.041694e+00	7.121913e-02	2.338488e-09	2.100522e-09	1.167976e-12	1.881441e-09	-1.873940e-13	1.000703e+02	
20  5251.9	2.227009e+00	1.183423e-01	1.041694e+00	7.121913e-02	2.338488e-09	2.100522e-09	1.167976e-12	1.881441e-09	-1.873940e-13	9.948695e+01	
10  5249.74	2.227009e+00	1.183423e-01	1.041694e+00	7.121913e-02	2.338488e-09	2.100522e-09	1.167976e-12	1.881441e-09	-1.873940e-13	9.984488e+01	
50  5249.44	2.227009e+00	1.183423e-01	1.041694e+00	7.121913e-02	2.338488e-09	2.100522e-09	1.167976e-12	1.881441e-09	-1.873940e-13	1.000434e+02	
10  5250.42	2.227009e+00	1.183423e-01	1.041694e+00	7.121913e-02	2.338488e-09	2.100522e-09	1.167976e-12	1.881441e-09	-1.873940e-13	1.003877e+02	
45  5250.99	2.227009e+00	1.183423e-01	1.041694e+00	7.121913e-02	2.338488e-09	2.100522e-09	1.167976e-12	1.881441e-09	-1.873940e-13	1.004771e+02	
95  5252.71	2.218585e+00	1.182872e-01	1.041437e+00	6.820821e-02	2.313671e-09	2.083559e-09	6.524486e-12	1.605882e-09	-1.765921e-12	1.003020e+02	
10  5252.48	2.218585e+00	1.182872e-01	1.041437e+00	6.820821e-02	2.313671e-09	2.083559e-09	6.524486e-12	1.605882e-09	-1.765921e-12	9.983052e+01	
10  5253.08	2.218585e+00	1.182872e-01	1.041437e+00	6.820821e-02	2.313671e-09	2.083559e-09	6.524486e-12	1.605882e-09	-1.765921e-12	9.969493e+01	
40  5253.51	2.218585e+00	1.182872e-01	1.041437e+00	6.820821e-02	2.313671e-09	2.083559e-09	6.524486e-12	1.605882e-09	-1.765921e-12	9.962396e+01	
100  5252.22	2.218585e+00	1.182872e-01	1.041437e+00	6.820821e-02	2.313671e-09	2.083559e-09	6.524486e-12	1.605882e-09	-1.765921e-12	1.001396e+02	
100  5252.35	2.218585e+00	1.182872e-01	1.041437e+00	6.820821e-02	2.313671e-09	2.083559e-09	6.524486e-12	1.605882e-09	-1.765921e-12	9.987255e+01	
27  5252.15	2.218585e+00	1.182872e-01	1.041437e+00	6.820821e-02	2.313671e-09	2.083559e-09	6.524486e-12	1.605882e-09	-1.765921e-12	1.000824e+02	
9  5259.43	2.226047e+00	1.170121e-01	1.041005e+00	9.018160e-02	2.421750e-09	2.172579e-09	6.671215e-12	1.156024e-09	-1.037818e-11	1.007620e+02	
11  5259.71	2.240361e+00	1.161649e-01	1.041045e+00	9.040994e-02	2.382387e-09	2.173669e-09	5.176213e-11	1.055934e-09	-6.059574e-12	1.004335e+02	
22  5255.38	2.262177e+00	1.154517e-01	1.041542e+00	9.114864e-02	2.392506e-09	2.177223e-09	3.844335e-11	1.856783e-10	-7.976657e-12	1.002347e+02	
41  5257.8	2.243704e+00	1.168046e-01	1.041199e+00	8.552368e-02	2.387886e-09	2.155349e-09	1.009444e-11	8.646687e-12	-5.486475e-12	1.004452e+02	
60  5256.72	2.243704e+00	1.168046e-01	1.041199e+00	8.552368e-02	2.387886e-09	2.155349e-09	1.009444e-11	8.646687e-12	-5.486475e-12	9.987797e+01	
10  5257.4	2.243704e+00	1.168046e-01	1.041199e+00	8.552368e-02	2.387886e-09	2.155349e-09	1.009444e-11	8.646687e-12	-5.486475e-12	9.970931e+01	
70  5257.02	2.243704e+00	1.168046e-01	1.041199e+00	8.552368e-02	2.387886e-09	2.155349e-09	1.009444e-11	8.646687e-12	-5.486475e-12	1.002986e+02	
10  5257.14	2.243704e+00	1.168046e-01	1.041199e+00	8.552368e-02	2.387886e-09	2.155349e-09	1.009444e-11	8.646687e-12	-5.486475e-12	1.003272e+02	
