3  5437.23	2.258495e+00	1.189055e-01	1.042031e+00	9.019340e-02	2.518471e-09	2.178830e-09	7.736062e-11	4.068637e-09	-1.262541e-10	1.009230e+02	
2  5414.41	2.259597e+00	1.171188e-01	1.042553e+00	1.046147e-01	2.554669e-09	2.247453e-09	9.882044e-11	2.663250e-09	-1.347573e-10	1.012602e+02	
1  5397.57	2.263756e+00	1.127046e-01	1.043470e+00	9.694623e-02	2.415664e-09	2.212929e-09	4.036426e-11	1.384696e-09	-9.126689e-11	9.957414e+01	
17  5373.14	2.243150e+00	1.135945e-01	1.043315e+00	1.155159e-01	2.536724e-09	2.294120e-09	1.247097e-11	2.899875e-10	-8.756752e-11	1.011162e+02	
6  5301.42	2.280328e+00	1.119682e-01	1.043402e+00	1.321130e-01	2.576196e-09	2.362434e-09	3.497681e-11	2.221983e-11	-7.381985e-11	1.013123e+02	
3  5288.76	2.280328e+00	1.119682e-01	1.043402e+00	1.321130e-01	2.576196e-09	2.362434e-09	3.497681e-11	2.221983e-11	-7.381985e-11	9.991017e+01	
5  5274.62	2.266230e+00	1.154978e-01	1.042789e+00	1.090426e-01	2.504688e-09	2.268738e-09	1.969307e-11	1.162290e-09	-2.654499e-11	9.999839e+01	
2  5265.16	2.255849e+00	1.165394e-01	1.042587e+00	1.146820e-01	2.511741e-09	2.298999e-09	5.823927e-11	2.189361e-10	-2.724403e-11	1.007492e+02	
10  5261.4	2.255849e+00	1.165394e-01	1.042587e+00	1.146820e-01	2.511741e-09	2.298999e-09	5.823927e-11	2.189361e-10	-2.724403e-11	1.001481e+02	
12  5262.99	2.255849e+00	1.165394e-01	1.042587e+00	1.146820e-01	2.511741e-09	2.298999e-09	5.823927e-11	2.189361e-10	-2.724403e-11	1.005140e+02	
78  5261.95	2.286894e+00	1.155092e-01	1.042346e+00	1.184963e-01	2.510602e-09	2.312906e-09	6.593791e-11	2.641847e-10	-1.203220e-11	1.002004e+02	
1  5262.75	2.286894e+00	1.155092e-01	1.042346e+00	1.184963e-01	2.510602e-09	2.312906e-09	6.593791e-11	2.641847e-10	-1.203220e-11	1.004103e+02	
29  5261.64	2.282316e+00	1.148478e-01	1.042450e+00	1.128701e-01	2.442043e-09	2.283734e-09	8.558731e-11	5.696865e-10	-5.425499e-12	9.988273e+01	
39  5261.73	2.282316e+00	1.148478e-01	1.042450e+00	1.128701e-01	2.442043e-09	2.283734e-09	8.558731e-11	5.696865e-10	-5.425499e-12	9.985423e+01	
11  5258.38	2.250963e+00	1.153984e-01	1.042587e+00	1.123406e-01	2.413670e-09	2.278545e-09	4.613739e-11	1.247820e-09	2.489822e-11	1.001996e+02	
30  5260.66	2.250963e+00	1.153984e-01	1.042587e+00	1.123406e-01	2.413670e-09	2.278545e-09	4.613739e-11	1.247820e-09	2.489822e-11	1.006081e+02	
19  5261.09	2.250963e+00	1.153984e-01	1.042587e+00	1.123406e-01	2.413670e-09	2.278545e-09	4.613739e-11	1.247820e-09	2.489822e-11	1.006541e+02	
11  5261.63	2.259489e+00	1.146359e-01	1.043073e+00	1.122689e-01	2.429441e-09	2.276357e-09	1.248686e-11	1.699100e-09	3.303432e-11	1.004333e+02	
10  5261.23	2.259489e+00	1.146359e-01	1.043073e+00	1.122689e-01	2.429441e-09	2.276357e-09	1.248686e-11	1.699100e-09	3.303432e-11	1.003604e+02	
18  5260.5	2.259489e+00	1.146359e-01	1.043073e+00	1.122689e-01	2.429441e-09	2.276357e-09	1.248686e-11	1.699100e-09	3.303432e-11	1.001022e+02	
12  5254.73	2.261047e+00	1.133584e-01	1.043397e+00	1.161746e-01	2.404654e-09	2.292321e-09	3.842084e-12	8.698052e-10	2.527009e-11	9.983909e+01	
10  5257.41	2.261047e+00	1.133584e-01	1.043397e+00	1.161746e-01	2.404654e-09	2.292321e-09	3.842084e-12	8.698052e-10	2.527009e-11	9.943596e+01	
100  5254.45	2.261047e+00	1.133584e-01	1.043397e+00	1.161746e-01	2.404654e-09	2.292321e-09	3.842084e-12	8.698052e-10	2.527009e-11	1.001441e+02	
50  5254.39	2.261047e+00	1.133584e-01	1.043397e+00	1.161746e-01	2.404654e-09	2.292321e-09	3.842084e-12	8.698052e-10	2.527009e-11	1.000855e+02	
30  5256.22	2.261047e+00	1.133584e-01	1.043397e+00	1.161746e-01	2.404654e-09	2.292321e-09	3.842084e-12	8.698052e-10	2.527009e-11	1.005262e+02	
230  5254.38	2.261047e+00	1.133584e-01	1.043397e+00	1.161746e-01	2.404654e-09	2.292321e-09	3.842084e-12	8.698052e-10	2.527009e-11	1.000409e+02	
109  5254.38	2.261047e+00	1.133584e-01	1.043397e+00	1.161746e-01	2.404654e-09	2.292321e-09	3.842084e-12	8.698052e-10	2.527009e-11	1.000612e+02	
21  5254.28	2.235412e+00	1.143490e-01	1.042860e+00	1.113452e-01	2.393222e-09	2.272461e-09	1.959781e-11	9.276390e-10	3.207097e-11	1.002955e+02	
30  5253.8	2.235412e+00	1.143490e-01	1.042860e+00	1.113452e-01	2.393222e-09	2.272461e-09	1.959781e-11	9.276390e-10	3.207097e-11	1.000550e+02	
63  5254.06	2.235412e+00	1.143490e-01	1.042860e+00	1.113452e-01	2.393222e-09	2.272461e-09	1.959781e-11	9.276390e-10	3.207097e-11	9.987328e+01	
37  5253.7	2.231657e+00	1.177873e-01	1.041967e+00	9.025850e-02	2.414992e-09	2.189241e-09	9.023595e-12	5.836760e-10	-6.426289e-12	9.978436e+01	
40  5255.01	2.231657e+00	1.177873e-01	1.041967e+00	9.025850e-02	2.414992e-09	2.189241e-09	9.023595e-12	5.836760e-10	-6.426289e-12	1.005249e+02	
6  5255.69	2.231657e+00	1.177873e-01	1.041967e+00	9.025850e-02	2.414992e-09	2.189241e-09	9.023595e-12	5.836760e-10	-6.426289e-12	1.006057e+02	
10  5253.76	2.261740e+00	1.168138e-01	1.042059e+00	9.452282e-02	2.449107e-09	2.203267e-09	4.246191e-11	1.289981e-10	-2.409896e-11	1.003868e+02	
4  5252.81	2.262677e+00	1.140349e-01	1.042332e+00	1.055489e-01	2.453657e-09	2.243002e-09	8.864136e-13	5.115230e-10	3.075234e-12	1.000910e+02	
20  5252.86	2.262677e+00	1.140349e-01	1.042332e+00	1.055489e-01	2.453657e-09	2.243002e-09	8.864136e-13	5.115230e-10	3.075234e-12	9.996156e+01	
50  5254.06	2.262677e+00	1.140349e-01	1.042332e+00	1.055489e-01	2.453657e-09	2.243002e-09	8.864136e-13	5.115230e-10	3.075234e-12	9.965783e+01	
20  5253.51	2.262677e+00	1.140349e-01	1.042332e+00	1.055489e-01	2.453657e-09	2.243002e-09	8.864136e-13	5.115230e-10	3.075234e-12	9.975553e+01	
50  5253.38	2.262677e+00	1.140349e-01	1.042332e+00	1.055489e-01	2.453657e-09	2.243002e-09	8.864136e-13	5.115230e-10	3.075234e-12	1.003222e+02	
90  5253.4	2.262677e+00	1.140349e-01	1.042332e+00	1.055489e-01	2.453657e-09	2.243002e-09	8.864136e-13	5.115230e-10	3.075234e-12	9.977873e+01	
39  5253.83	2.262677e+00	1.140349e-01	1.042332e+00	1.055489e-01	2.453657e-09	2.243002e-09	8.864136e-13	5.115230e-10	3.075234e-12	1.004105e+02	
44  5254.29	2.248210e+00	1.143785e-01	1.042262e+00	1.060858e-01	2.429648e-09	2.243984e-09	1.824406e-12	9.402759e-10	1.074680e-11	1.005653e+02	
37  5253.78	2.257794e+00	1.145628e-01	1.041602e+00	9.769380e-02	2.387624e-09	2.207392e-09	4.293035e-11	3.583980e-10	-5.474278e-12	1.000164e+02	
10  5254.33	2.257794e+00	1.145628e-01	1.041602e+00	9.769380e-02	2.387624e-09	2.207392e-09	4.293035e-11	3.583980e-10	-5.474278e-12	1.003140e+02	
30  5254.3	2.257794e+00	1.145628e-01	1.041602e+00	9.769380e-02	2.387624e-09	2.207392e-09	4.293035e-11	3.583980e-10	-5.474278e-12	9.979288e+01	
30  5253.77	2.257794e+00	1.145628e-01	1.041602e+00	9.769380e-02	2.387624e-09	2.207392e-09	4.293035e-11	3.583980e-10	-5.474278e-12	1.000672e+02	
54  5253.79	2.257794e+00	1.145628e-01	1.041602e+00	9.769380e-02	2.387624e-09	2.207392e-09	4.293035e-11	3.583980e-10	-5.474278e-12	9.999400e+01	
26  5257.45	2.256409e+00	1.150702e-01	1.041663e+00	9.537044e-02	2.351623e-09	2.196000e-09	6.073090e-12	4.700144e-10	2.997329e-12	9.992353e+01	
10  5258.14	2.256409e+00	1.150702e-01	1.041663e+00	9.537044e-02	2.351623e-09	2.196000e-09	6.073090e-12	4.700144e-10	2.997329e-12	1.003507e+02	
10  5257.36	2.256409e+00	1.150702e-01	1.041663e+00	9.537044e-02	2.351623e-09	2.196000e-09	6.073090e-12	4.700144e-10	2.997329e-12	9.999168e+01	
40  5257.5	2.256409e+00	1.150702e-01	1.041663e+00	9.537044e-02	2.351623e-09	2.196000e-09	6.073090e-12	4.700144e-10	2.997329e-12	1.001753e+02	
10  5257.91	2.256409e+00	1.150702e-01	1.041663e+00	9.537044e-02	2.351623e-09	2.196000e-09	6.073090e-12	4.700144e-10	2.997329e-12	9.977161e+01	
70  5257.47	2.256409e+00	1.150702e-01	1.041663e+00	9.537044e-02	2.351623e-09	2.196000e-09	6.073090e-12	4.700144e-10	2.997329e-12	1.001612e+02	
57  5257.72	2.256409e+00	1.150702e-01	1.041663e+00	9.537044e-02	2.351623e-09	2.196000e-09	6.073090e-12	4.700144e-10	2.997329e-12	1.002522e+02	
18  5255.73	2.238224e+00	1.171028e-01	1.041791e+00	8.002029e-02	2.348988e-09	2.137646e-09	1.102177e-11	5.942597e-10	-1.773930e-11	1.002713e+02	
45  5256.27	2.216054e+00	1.179224e-01	1.041781e+00	7.027260e-02	2.275278e-09	2.097862e-09	1.428667e-11	1.608444e-09	-4.706088e-12	1.000674e+02	
40  5257.96	2.216054e+00	1.179224e-01	1.041781e+00	7.027260e-02	2.275278e-09	2.097862e-09	1.428667e-11	1.608444e-09	-4.706088e-12	9.956958e+01	
134  5256.38	2.216054e+00	1.179224e-01	1.041781e+00	7.027260e-02	2.275278e-09	2.097862e-09	1.428667e-11	1.608444e-09	-4.706088e-12	1.001546e+02	
18  5255.37	2.229110e+00	1.173178e-01	1.042040e+00	7.608680e-02	2.295199e-09	2.122695e-09	3.474612e-11	1.369607e-09	8.671234e-12	1.003596e+02	
8  5254.75	2.263726e+00	1.165833e-01	1.042261e+00	7.422228e-02	2.295278e-09	2.112501e-09	3.851470e-11	4.455115e-10	1.444041e-11	9.997024e+01	
30  5254.72	2.263726e+00	1.165833e-01	1.042261e+00	7.422228e-02	2.295278e-09	2.112501e-09	3.851470e-11	4.455115e-10	1.444041e-11	1.000951e+02	
60  5254.71	2.263726e+00	1.165833e-01	1.042261e+00	7.422228e-02	2.295278e-09	2.112501e-09	3.851470e-11	4.455115e-10	1.444041e-11	1.000781e+02	
20  5255.73	2.263726e+00	1.165833e-01	1.042261e+00	7.422228e-02	2.295278e-09	2.112501e-09	3.851470e-11	4.455115e-10	1.444041e-11	1.004029e+02	
9  5255.16	2.263726e+00	1.165833e-01	1.042261e+00	7.422228e-02	2.295278e-09	2.112501e-09	3.851470e-11	4.455115e-10	1.444041e-11	1.002850e+02	
1  5255.86	2.271036e+00	1.166393e-01	1.042111e+00	6.824178e-02	2.283672e-09	2.085459e-09	2.212104e-11	5.179295e-10	6.485349e-12	9.986256e+01	
50  5255.91	2.271036e+00	1.166393e-01	1.042111e+00	6.824178e-02	2.283672e-09	2.085459e-09	2.212104e-11	5.179295e-10	6.485349e-12	9.984493e+01	
70  5256.38	2.271036e+00	1.166393e-01	1.042111e+00	6.824178e-02	2.283672e-09	2.085459e-09	2.212104e-11	5.179295e-10	6.485349e-12	1.003495e+02	
50  5255.9	2.271036e+00	1.166393e-01	1.042111e+00	6.824178e-02	2.283672e-09	2.085459e-09	2.212104e-11	5.179295e-10	6.485349e-12	9.984925e+01	
40  5255.76	2.271036e+00	1.166393e-01	1.042111e+00	6.824178e-02	2.283672e-09	2.085459e-09	2.212104e-11	5.179295e-10	6.485349e-12	1.001792e+02	
27  5256.1	2.271036e+00	1.166393e-01	1.042111e+00	6.824178e-02	2.283672e-09	2.085459e-09	2.212104e-11	5.179295e-10	6.485349e-12	1.002871e+02	
30  5259.79	2.273484e+00	1.164028e-01	1.041871e+00	6.856908e-02	2.258939e-09	2.088865e-09	4.190831e-11	2.236065e-10	-4.355717e-12	1.000979e+02	
14  5256.35	2.246183e+00	1.142018e-01	1.042424e+00	7.169509e-02	2.223326e-09	2.102068e-09	3.418218e-11	7.639789e-11	1.203714e-11	9.983665e+01	
78  5255.33	2.227497e+00	1.164914e-01	1.041508e+00	6.607954e-02	2.314043e-09	2.077546e-09	1.812126e-11	7.594327e-10	1.195254e-12	1.004060e+02	
21  5256.38	2.232153e+00	1.185711e-01	1.041379e+00	6.050565e-02	2.328422e-09	2.056681e-09	4.417077e-11	3.736161e-10	-1.498150e-11	1.007818e+02	
30  5252.27	2.232153e+00	1.185711e-01	1.041379e+00	6.050565e-02	2.328422e-09	2.056681e-09	4.417077e-11	3.736161e-10	-1.498150e-11	9.988063e+01	
10  5253.33	2.232153e+00	1.185711e-01	1.041379e+00	6.050565e-02	2.328422e-09	2.056681e-09	4.417077e-11	3.736161e-10	-1.498150e-11	1.004485e+02	
40  5252.06	2.232153e+00	1.185711e-01	1.041379e+00	6.050565e-02	2.328422e-09	2.056681e-09	4.417077e-11	3.736161e-10	-1.498150e-11	9.999933e+01	
20  5252.66	2.232153e+00	1.185711e-01	1.041379e+00	6.050565e-02	2.328422e-09	2.056681e-09	4.417077e-11	3.736161e-10	-1.498150e-11	1.003263e+02	
60  5252.54	2.232153e+00	1.185711e-01	1.041379e+00	6.050565e-02	2.328422e-09	2.056681e-09	4.417077e-11	3.736161e-10	-1.498150e-11	1.002982e+02	
10  5252.11	2.232153e+00	1.185711e-01	1.041379e+00	6.050565e-02	2.328422e-09	2.056681e-09	4.417077e-11	3.736161e-10	-1.498150e-11	9.995711e+01	
160  5253.12	2.232153e+00	1.185711e-01	1.041379e+00	6.050565e-02	2.328422e-09	2.056681e-09	4.417077e-11	3.736161e-10	-1.498150e-11	9.968329e+01	
20  5252.28	2.232153e+00	1.185711e-01	1.041379e+00	6.050565e-02	2.328422e-09	2.056681e-09	4.417077e-11	3.736161e-10	-1.498150e-11	1.002221e+02	
30  5252.1	2.232153e+00	1.185711e-01	1.041379e+00	6.050565e-02	2.328422e-09	2.056681e-09	4.417077e-11	3.736161e-10	-1.498150e-11	9.996215e+01	
80  5252.24	2.232153e+00	1.185711e-01	1.041379e+00	6.050565e-02	2.328422e-09	2.056681e-09	4.417077e-11	3.736161e-10	-1.498150e-11	9.989317e+01	
100  5252.07	2.232153e+00	1.185711e-01	1.041379e+00	6.050565e-02	2.328422e-09	2.056681e-09	4.417077e-11	3.736161e-10	-1.498150e-11	9.999286e+01	
60  5252.23	2.232153e+00	1.185711e-01	1.041379e+00	6.050565e-02	2.328422e-09	2.056681e-09	4.417077e-11	3.736161e-10	-1.498150e-11	9.989488e+01	
40  5252.62	2.232153e+00	1.185711e-01	1.041379e+00	6.050565e-02	2.328422e-09	2.056681e-09	4.417077e-11	3.736161e-10	-1.498150e-11	1.003179e+02	
30  5252.4	2.232153e+00	1.185711e-01	1.041379e+00	6.050565e-02	2.328422e-09	2.056681e-09	4.417077e-11	3.736161e-10	-1.498150e-11	9.983743e+01	
250  5252.04	2.232153e+00	1.185711e-01	1.041379e+00	6.050565e-02	2.328422e-09	2.056681e-09	4.417077e-11	3.736161e-10	-1.498150e-11	1.000727e+02	
70  5252.09	2.232153e+00	1.185711e-01	1.041379e+00	6.050565e-02	2.328422e-09	2.056681e-09	4.417077e-11	3.736161e-10	-1.498150e-11	9.997276e+01	
60  5252.47	2.232153e+00	1.185711e-01	1.041379e+00	6.050565e-02	2.328422e-09	2.056681e-09	4.417077e-11	3.736161e-10	-1.498150e-11	1.002804e+02	
22  5252.83	2.232153e+00	1.185711e-01	1.041379e+00	6.050565e-02	2.328422e-09	2.056681e-09	4.417077e-11	3.736161e-10	-1.498150e-11	1.003628e+02	
48  5252.13	2.217776e+00	1.178457e-01	1.041654e+00	5.523220e-02	2.246495e-09	2.033839e-09	3.701175e-12	7.157864e-10	9.356056e-13	9.981654e+01	
40  5252	2.217776e+00	1.178457e-01	1.041654e+00	5.523220e-02	2.246495e-09	2.033839e-09	3.701175e-12	7.157864e-10	9.356056e-13	1.002031e+02	
10  5254.93	2.217776e+00	1.178457e-01	1.041654e+00	5.523220e-02	2.246495e-09	2.033839e-09	3.701175e-12	7.157864e-10	9.356056e-13	9.940438e+01	
30  5253.44	2.217776e+00	1.178457e-01	1.041654e+00	5.523220e-02	2.246495e-09	2.033839e-09	3.701175e-12	7.157864e-10	9.356056e-13	1.004867e+02	
10  5255.78	2.217776e+00	1.178457e-01	1.041654e+00	5.523220e-02	2.246495e-09	2.033839e-09	3.701175e-12	7.157864e-10	9.356056e-13	1.007358e+02	
150  5252.88	2.217776e+00	1.178457e-01	1.041654e+00	5.523220e-02	2.246495e-09	2.033839e-09	3.701175e-12	7.157864e-10	9.356056e-13	9.965891e+01	
10  5254.09	2.217776e+00	1.178457e-01	1.041654e+00	5.523220e-02	2.246495e-09	2.033839e-09	3.701175e-12	7.157864e-10	9.356056e-13	9.949437e+01	
40  5255.44	2.217776e+00	1.178457e-01	1.041654e+00	5.523220e-02	2.246495e-09	2.033839e-09	3.701175e-12	7.157864e-10	9.356056e-13	9.935621e+01	
90  5252.13	2.217776e+00	1.178457e-01	1.041654e+00	5.523220e-02	2.246495e-09	2.033839e-09	3.701175e-12	7.157864e-10	9.356056e-13	1.002456e+02	
30  5253.52	2.217776e+00	1.178457e-01	1.041654e+00	5.523220e-02	2.246495e-09	2.033839e-09	3.701175e-12	7.157864e-10	9.356056e-13	1.004969e+02	
37  5252.69	2.217776e+00	1.178457e-01	1.041654e+00	5.523220e-02	2.246495e-09	2.033839e-09	3.701175e-12	7.157864e-10	9.356056e-13	9.969126e+01	
13  5253.05	2.248241e+00	1.176808e-01	1.040925e+00	7.007720e-02	2.366744e-09	2.093864e-09	1.376808e-11	5.564570e-10	-2.508255e-11	1.001387e+02	
30  5253.55	2.248241e+00	1.176808e-01	1.040925e+00	7.007720e-02	2.366744e-09	2.093864e-09	1.376808e-11	5.564570e-10	-2.508255e-11	9.977297e+01	
98  5253.09	2.248241e+00	1.176808e-01	1.040925e+00	7.007720e-02	2.366744e-09	2.093864e-09	1.376808e-11	5.564570e-10	-2.508255e-11	1.001609e+02	
12  5253.42	2.261106e+00	1.138586e-01	1.042569e+00	9.835506e-02	2.346217e-09	2.211282e-09	1.024659e-11	9.567996e-10	2.070915e-11	1.004941e+02	
50  5253.7	2.261106e+00	1.138586e-01	1.042569e+00	9.835506e-02	2.346217e-09	2.211282e-09	1.024659e-11	9.567996e-10	2.070915e-11	1.005321e+02	
80  5253.44	2.261106e+00	1.138586e-01	1.042569e+00	9.835506e-02	2.346217e-09	2.211282e-09	1.024659e-11	9.567996e-10	2.070915e-11	1.004981e+02	
90  5254.19	2.261106e+00	1.138586e-01	1.042569e+00	9.835506e-02	2.346217e-09	2.211282e-09	1.024659e-11	9.567996e-10	2.070915e-11	1.005904e+02	
80  5252.69	2.261106e+00	1.138586e-01	1.042569e+00	9.835506e-02	2.346217e-09	2.211282e-09	1.024659e-11	9.567996e-10	2.070915e-11	9.970712e+01	
20  5252.25	2.261106e+00	1.138586e-01	1.042569e+00	9.835506e-02	2.346217e-09	2.211282e-09	1.024659e-11	9.567996e-10	2.070915e-11	1.002852e+02	
70  5253.18	2.261106e+00	1.138586e-01	1.042569e+00	9.835506e-02	2.346217e-09	2.211282e-09	1.024659e-11	9.567996e-10	2.070915e-11	1.004612e+02	
70  5251.86	2.261106e+00	1.138586e-01	1.042569e+00	9.835506e-02	2.346217e-09	2.211282e-09	1.024659e-11	9.567996e-10	2.070915e-11	1.001486e+02	
20  5252.05	2.261106e+00	1.138586e-01	1.042569e+00	9.835506e-02	2.346217e-09	2.211282e-09	1.024659e-11	9.567996e-10	2.070915e-11	9.985661e+01	
40  5252.75	2.261106e+00	1.138586e-01	1.042569e+00	9.835506e-02	2.346217e-09	2.211282e-09	1.024659e-11	9.567996e-10	2.070915e-11	9.969611e+01	
60  5252.03	2.261106e+00	1.138586e-01	1.042569e+00	9.835506e-02	2.346217e-09	2.211282e-09	1.024659e-11	9.567996e-10	2.070915e-11	1.002223e+02	
80  5251.77	2.261106e+00	1.138586e-01	1.042569e+00	9.835506e-02	2.346217e-09	2.211282e-09	1.024659e-11	9.567996e-10	2.070915e-11	1.000565e+02	
30  5251.78	2.261106e+00	1.138586e-01	1.042569e+00	9.835506e-02	2.346217e-09	2.211282e-09	1.024659e-11	9.567996e-10	2.070915e-11	1.000707e+02	
40  5251.84	2.261106e+00	1.138586e-01	1.042569e+00	9.835506e-02	2.346217e-09	2.211282e-09	1.024659e-11	9.567996e-10	2.070915e-11	1.001376e+02	
30  5252.13	2.261106e+00	1.138586e-01	1.042569e+00	9.835506e-02	2.346217e-09	2.211282e-09	1.024659e-11	9.567996e-10	2.070915e-11	1.002526e+02	
40  5252.95	2.261106e+00	1.138586e-01	1.042569e+00	9.835506e-02	2.346217e-09	2.211282e-09	1.024659e-11	9.567996e-10	2.070915e-11	1.004250e+02	
60  5252.38	2.261106e+00	1.138586e-01	1.042569e+00	9.835506e-02	2.346217e-09	2.211282e-09	1.024659e-11	9.567996e-10	2.070915e-11	9.977017e+01	
60  5252.12	2.261106e+00	1.138586e-01	1.042569e+00	9.835506e-02	2.346217e-09	2.211282e-09	1.024659e-11	9.567996e-10	2.070915e-11	9.983619e+01	
10  5252.59	2.261106e+00	1.138586e-01	1.042569e+00	9.835506e-02	2.346217e-09	2.211282e-09	1.024659e-11	9.567996e-10	2.070915e-11	9.972562e+01	
60  5252.39	2.261106e+00	1.138586e-01	1.042569e+00	9.835506e-02	2.346217e-09	2.211282e-09	1.024659e-11	9.567996e-10	2.070915e-11	1.003197e+02	
10  5251.81	2.261106e+00	1.138586e-01	1.042569e+00	9.835506e-02	2.346217e-09	2.211282e-09	1.024659e-11	9.567996e-10	2.070915e-11	1.001096e+02	
40  5252.17	2.261106e+00	1.138586e-01	1.042569e+00	9.835506e-02	2.346217e-09	2.211282e-09	1.024659e-11	9.567996e-10	2.070915e-11	1.002641e+02	
20  5252	2.261106e+00	1.138586e-01	1.042569e+00	9.835506e-02	2.346217e-09	2.211282e-09	1.024659e-11	9.567996e-10	2.070915e-11	1.002128e+02	
80  5252.07	2.261106e+00	1.138586e-01	1.042569e+00	9.835506e-02	2.346217e-09	2.211282e-09	1.024659e-11	9.567996e-10	2.070915e-11	1.002340e+02	
20  5254.03	2.261106e+00	1.138586e-01	1.042569e+00	9.835506e-02	2.346217e-09	2.211282e-09	1.024659e-11	9.567996e-10	2.070915e-11	1.005712e+02	
20  5254.24	2.261106e+00	1.138586e-01	1.042569e+00	9.835506e-02	2.346217e-09	2.211282e-09	1.024659e-11	9.567996e-10	2.070915e-11	1.005954e+02	
30  5252.01	2.261106e+00	1.138586e-01	1.042569e+00	9.835506e-02	2.346217e-09	2.211282e-09	1.024659e-11	9.567996e-10	2.070915e-11	9.987145e+01	
40  5252.44	2.261106e+00	1.138586e-01	1.042569e+00	9.835506e-02	2.346217e-09	2.211282e-09	1.024659e-11	9.567996e-10	2.070915e-11	9.975592e+01	
100  5252.73	2.261106e+00	1.138586e-01	1.042569e+00	9.835506e-02	2.346217e-09	2.211282e-09	1.024659e-11	9.567996e-10	2.070915e-11	1.003866e+02	
60  5253.92	2.261106e+00	1.138586e-01	1.042569e+00	9.835506e-02	2.346217e-09	2.211282e-09	1.024659e-11	9.567996e-10	2.070915e-11	1.005583e+02	
39  5256.26	2.261106e+00	1.138586e-01	1.042569e+00	9.835506e-02	2.346217e-09	2.211282e-09	1.024659e-11	9.567996e-10	2.070915e-11	1.007882e+02	
81  5250.12	2.251593e+00	1.155900e-01	1.042617e+00	7.553276e-02	2.293479e-09	2.115374e-09	6.657972e-12	8.024070e-10	1.091594e-11	1.002573e+02	
20  5249.75	2.251593e+00	1.155900e-01	1.042617e+00	7.553276e-02	2.293479e-09	2.115374e-09	6.657972e-12	8.024070e-10	1.091594e-11	1.000948e+02	
20  5250.55	2.251593e+00	1.155900e-01	1.042617e+00	7.553276e-02	2.293479e-09	2.115374e-09	6.657972e-12	8.024070e-10	1.091594e-11	1.003559e+02	
20  5251.55	2.251593e+00	1.155900e-01	1.042617e+00	7.553276e-02	2.293479e-09	2.115374e-09	6.657972e-12	8.024070e-10	1.091594e-11	9.956276e+01	
50  5249.73	2.251593e+00	1.155900e-01	1.042617e+00	7.553276e-02	2.293479e-09	2.115374e-09	6.657972e-12	8.024070e-10	1.091594e-11	1.000641e+02	
120  5250.01	2.251593e+00	1.155900e-01	1.042617e+00	7.553276e-02	2.293479e-09	2.115374e-09	6.657972e-12	8.024070e-10	1.091594e-11	1.002241e+02	
30  5250.77	2.251593e+00	1.155900e-01	1.042617e+00	7.553276e-02	2.293479e-09	2.115374e-09	6.657972e-12	8.024070e-10	1.091594e-11	1.003957e+02	
80  5251.54	2.251593e+00	1.155900e-01	1.042617e+00	7.553276e-02	2.293479e-09	2.115374e-09	6.657972e-12	8.024070e-10	1.091594e-11	9.956406e+01	
20  5249.82	2.251593e+00	1.155900e-01	1.042617e+00	7.553276e-02	2.293479e-09	2.115374e-09	6.657972e-12	8.024070e-10	1.091594e-11	9.993054e+01	
10  5254.02	2.251593e+00	1.155900e-01	1.042617e+00	7.553276e-02	2.293479e-09	2.115374e-09	6.657972e-12	8.024070e-10	1.091594e-11	1.007655e+02	
50  5252.25	2.251593e+00	1.155900e-01	1.042617e+00	7.553276e-02	2.293479e-09	2.115374e-09	6.657972e-12	8.024070e-10	1.091594e-11	1.005957e+02	
60  5250.71	2.251593e+00	1.155900e-01	1.042617e+00	7.553276e-02	2.293479e-09	2.115374e-09	6.657972e-12	8.024070e-10	1.091594e-11	1.003862e+02	
50  5249.95	2.251593e+00	1.155900e-01	1.042617e+00	7.553276e-02	2.293479e-09	2.115374e-09	6.657972e-12	8.024070e-10	1.091594e-11	1.002018e+02	
40  5249.96	2.251593e+00	1.155900e-01	1.042617e+00	7.553276e-02	2.293479e-09	2.115374e-09	6.657972e-12	8.024070e-10	1.091594e-11	1.002066e+02	
80  5250.51	2.251593e+00	1.155900e-01	1.042617e+00	7.553276e-02	2.293479e-09	2.115374e-09	6.657972e-12	8.024070e-10	1.091594e-11	9.972592e+01	
120  5250.98	2.251593e+00	1.155900e-01	1.042617e+00	7.553276e-02	2.293479e-09	2.115374e-09	6.657972e-12	8.024070e-10	1.091594e-11	1.004299e+02	
10  5250.93	2.251593e+00	1.155900e-01	1.042617e+00	7.553276e-02	2.293479e-09	2.115374e-09	6.657972e-12	8.024070e-10	1.091594e-11	9.965073e+01	
30  5249.83	2.251593e+00	1.155900e-01	1.042617e+00	7.553276e-02	2.293479e-09	2.115374e-09	6.657972e-12	8.024070e-10	1.091594e-11	9.992287e+01	
87  5249.85	2.251593e+00	1.155900e-01	1.042617e+00	7.553276e-02	2.293479e-09	2.115374e-09	6.657972e-12	8.024070e-10	1.091594e-11	9.991377e+01	
79  5251.32	2.253754e+00	1.148970e-01	1.042467e+00	8.208403e-02	2.319738e-09	2.142600e-09	1.497086e-11	2.944036e-10	2.694057e-11	1.001630e+02	
14  5251.61	2.240696e+00	1.150274e-01	1.042503e+00	7.517526e-02	2.262165e-09	2.114522e-09	1.624447e-11	5.027373e-10	3.160344e-11	9.986559e+01	
50  5252.08	2.240696e+00	1.150274e-01	1.042503e+00	7.517526e-02	2.262165e-09	2.114522e-09	1.624447e-11	5.027373e-10	3.160344e-11	9.974221e+01	
40  5251.52	2.240696e+00	1.150274e-01	1.042503e+00	7.517526e-02	2.262165e-09	2.114522e-09	1.624447e-11	5.027373e-10	3.160344e-11	1.001831e+02	
150  5251.53	2.240696e+00	1.150274e-01	1.042503e+00	7.517526e-02	2.262165e-09	2.114522e-09	1.624447e-11	5.027373e-10	3.160344e-11	9.989793e+01	
80  5251.44	2.240696e+00	1.150274e-01	1.042503e+00	7.517526e-02	2.262165e-09	2.114522e-09	1.624447e-11	5.027373e-10	3.160344e-11	1.001406e+02	
30  5251.36	2.240696e+00	1.150274e-01	1.042503e+00	7.517526e-02	2.262165e-09	2.114522e-09	1.624447e-11	5.027373e-10	3.160344e-11	1.000235e+02	
10  5251.89	2.240696e+00	1.150274e-01	1.042503e+00	7.517526e-02	2.262165e-09	2.114522e-09	1.624447e-11	5.027373e-10	3.160344e-11	1.002968e+02	
70  5252.35	2.240696e+00	1.150274e-01	1.042503e+00	7.517526e-02	2.262165e-09	2.114522e-09	1.624447e-11	5.027373e-10	3.160344e-11	9.969243e+01	
20  5252.26	2.240696e+00	1.150274e-01	1.042503e+00	7.517526e-02	2.262165e-09	2.114522e-09	1.624447e-11	5.027373e-10	3.160344e-11	1.003738e+02	
160  5251.6	2.240696e+00	1.150274e-01	1.042503e+00	7.517526e-02	2.262165e-09	2.114522e-09	1.624447e-11	5.027373e-10	3.160344e-11	9.987114e+01	
30  5252.13	2.240696e+00	1.150274e-01	1.042503e+00	7.517526e-02	2.262165e-09	2.114522e-09	1.624447e-11	5.027373e-10	3.160344e-11	1.003496e+02	
70  5253.51	2.240696e+00	1.150274e-01	1.042503e+00	7.517526e-02	2.262165e-09	2.114522e-09	1.624447e-11	5.027373e-10	3.160344e-11	1.005562e+02	
10  5252.55	2.240696e+00	1.150274e-01	1.042503e+00	7.517526e-02	2.262165e-09	2.114522e-09	1.624447e-11	5.027373e-10	3.160344e-11	9.965756e+01	
80  5252.53	2.240696e+00	1.150274e-01	1.042503e+00	7.517526e-02	2.262165e-09	2.114522e-09	1.624447e-11	5.027373e-10	3.160344e-11	1.004221e+02	
60  5251.51	2.240696e+00	1.150274e-01	1.042503e+00	7.517526e-02	2.262165e-09	2.114522e-09	1.624447e-11	5.027373e-10	3.160344e-11	1.001761e+02	
130  5251.52	2.240696e+00	1.150274e-01	1.042503e+00	7.517526e-02	2.262165e-09	2.114522e-09	1.624447e-11	5.027373e-10	3.160344e-11	1.001820e+02	
10  5253.05	2.240696e+00	1.150274e-01	1.042503e+00	7.517526e-02	2.262165e-09	2.114522e-09	1.624447e-11	5.027373e-10	3.160344e-11	9.958369e+01	
7  5253.36	2.240696e+00	1.150274e-01	1.042503e+00	7.517526e-02	2.262165e-09	2.114522e-09	1.624447e-11	5.027373e-10	3.160344e-11	9.954427e+01	
3  5254.19	2.231353e+00	1.159240e-01	1.041977e+00	8.543801e-02	2.363011e-09	2.162149e-09	3.976677e-11	2.618327e-10	-1.346449e-11	1.003062e+02	
20  5253.65	2.231353e+00	1.159240e-01	1.041977e+00	8.543801e-02	2.363011e-09	2.162149e-09	3.976677e-11	2.618327e-10	-1.346449e-11	1.000127e+02	
30  5254.91	2.231353e+00	1.159240e-01	1.041977e+00	8.543801e-02	2.363011e-09	2.162149e-09	3.976677e-11	2.618327e-10	-1.346449e-11	1.004416e+02	
14  5254.33	2.231353e+00	1.159240e-01	1.041977e+00	8.543801e-02	2.363011e-09	2.162149e-09	3.976677e-11	2.618327e-10	-1.346449e-11	9.975334e+01	
36  5251.88	2.225967e+00	1.159640e-01	1.041964e+00	9.162255e-02	2.381701e-09	2.189293e-09	1.879428e-11	2.274786e-10	1.561051e-11	1.002399e+02	
120  5251.99	2.225967e+00	1.159640e-01	1.041964e+00	9.162255e-02	2.381701e-09	2.189293e-09	1.879428e-11	2.274786e-10	1.561051e-11	1.002748e+02	
10  5251.62	2.225967e+00	1.159640e-01	1.041964e+00	9.162255e-02	2.381701e-09	2.189293e-09	1.879428e-11	2.274786e-10	1.561051e-11	9.999176e+01	
60  5251.69	2.225967e+00	1.159640e-01	1.041964e+00	9.162255e-02	2.381701e-09	2.189293e-09	1.879428e-11	2.274786e-10	1.561051e-11	1.001611e+02	
40  5251.83	2.225967e+00	1.159640e-01	1.041964e+00	9.162255e-02	2.381701e-09	2.189293e-09	1.879428e-11	2.274786e-10	1.561051e-11	1.002253e+02	
40  5253.6	2.225967e+00	1.159640e-01	1.041964e+00	9.162255e-02	2.381701e-09	2.189293e-09	1.879428e-11	2.274786e-10	1.561051e-11	1.005493e+02	
130  5252.43	2.225967e+00	1.159640e-01	1.041964e+00	9.162255e-02	2.381701e-09	2.189293e-09	1.879428e-11	2.274786e-10	1.561051e-11	9.972758e+01	
40  5253.12	2.225967e+00	1.159640e-01	1.041964e+00	9.162255e-02	2.381701e-09	2.189293e-09	1.879428e-11	2.274786e-10	1.561051e-11	9.961453e+01	
20  5255.38	2.225967e+00	1.159640e-01	1.041964e+00	9.162255e-02	2.381701e-09	2.189293e-09	1.879428e-11	2.274786e-10	1.561051e-11	9.936558e+01	
50  5253.13	2.225967e+00	1.159640e-01	1.041964e+00	9.162255e-02	2.381701e-09	2.189293e-09	1.879428e-11	2.274786e-10	1.561051e-11	9.961370e+01	
50  5252.45	2.225967e+00	1.159640e-01	1.041964e+00	9.162255e-02	2.381701e-09	2.189293e-09	1.879428e-11	2.274786e-10	1.561051e-11	1.003773e+02	
20  5251.68	2.225967e+00	1.159640e-01	1.041964e+00	9.162255e-02	2.381701e-09	2.189293e-09	1.879428e-11	2.274786e-10	1.561051e-11	9.994429e+01	
20  5254.15	2.225967e+00	1.159640e-01	1.041964e+00	9.162255e-02	2.381701e-09	2.189293e-09	1.879428e-11	2.274786e-10	1.561051e-11	9.948792e+01	
60  5252.6	2.225967e+00	1.159640e-01	1.041964e+00	9.162255e-02	2.381701e-09	2.189293e-09	1.879428e-11	2.274786e-10	1.561051e-11	9.969691e+01	
30  5252.87	2.225967e+00	1.159640e-01	1.041964e+00	9.162255e-02	2.381701e-09	2.189293e-09	1.879428e-11	2.274786e-10	1.561051e-11	9.965147e+01	
39  5253.74	2.225967e+00	1.159640e-01	1.041964e+00	9.162255e-02	2.381701e-09	2.189293e-09	1.879428e-11	2.274786e-10	1.561051e-11	1.005659e+02	
1  5253.46	2.243652e+00	1.151502e-01	1.042002e+00	8.206256e-02	2.306558e-09	2.143982e-09	2.222388e-11	1.303049e-10	9.516627e-12	9.956800e+01	
100  5251.69	2.243652e+00	1.151502e-01	1.042002e+00	8.206256e-02	2.306558e-09	2.143982e-09	2.222388e-11	1.303049e-10	9.516627e-12	1.001075e+02	
71  5253.94	2.243652e+00	1.151502e-01	1.042002e+00	8.206256e-02	2.306558e-09	2.143982e-09	2.222388e-11	1.303049e-10	9.516627e-12	1.005716e+02	
29  5252.9	2.245686e+00	1.149460e-01	1.042495e+00	7.475904e-02	2.255498e-09	2.110638e-09	2.491146e-11	6.564559e-10	5.960392e-12	1.000709e+02	
20  5252.89	2.245686e+00	1.149460e-01	1.042495e+00	7.475904e-02	2.255498e-09	2.110638e-09	2.491146e-11	6.564559e-10	5.960392e-12	1.000132e+02	
90  5255.72	2.245686e+00	1.149460e-01	1.042495e+00	7.475904e-02	2.255498e-09	2.110638e-09	2.491146e-11	6.564559e-10	5.960392e-12	1.006257e+02	
7  5252.95	2.245686e+00	1.149460e-01	1.042495e+00	7.475904e-02	2.255498e-09	2.110638e-09	2.491146e-11	6.564559e-10	5.960392e-12	9.994194e+01	
145  5254.63	2.235966e+00	1.128429e-01	1.042521e+00	8.545351e-02	2.250771e-09	2.153210e-09	1.486361e-11	2.926714e-10	3.695832e-11	9.999266e+01	
59  5255.69	2.259984e+00	1.130306e-01	1.041913e+00	9.491298e-02	2.312522e-09	2.189902e-09	2.806077e-11	1.194248e-09	1.122862e-11	1.001430e+02	
49  5255.3	2.255460e+00	1.150790e-01	1.042357e+00	7.355360e-02	2.222591e-09	2.108185e-09	3.592671e-11	1.079390e-09	1.938671e-11	9.981617e+01	
10  5255.38	2.255460e+00	1.150790e-01	1.042357e+00	7.355360e-02	2.222591e-09	2.108185e-09	3.592671e-11	1.079390e-09	1.938671e-11	1.002736e+02	
22  5255.43	2.255460e+00	1.150790e-01	1.042357e+00	7.355360e-02	2.222591e-09	2.108185e-09	3.592671e-11	1.079390e-09	1.938671e-11	1.002867e+02	
11  5252.53	2.263093e+00	1.139089e-01	1.042572e+00	7.935503e-02	2.270609e-09	2.128760e-09	9.372689e-12	1.035976e-09	3.004296e-12	1.001406e+02	
37  5252.05	2.265927e+00	1.154495e-01	1.041833e+00	7.447576e-02	2.314465e-09	2.107125e-09	1.794588e-11	1.292641e-09	-3.974391e-12	1.003561e+02	
39  5251.24	2.265927e+00	1.154495e-01	1.041833e+00	7.447576e-02	2.314465e-09	2.107125e-09	1.794588e-11	1.292641e-09	-3.974391e-12	1.000482e+02	
141  5250.74	2.227313e+00	1.156975e-01	1.043103e+00	6.644098e-02	2.223582e-09	2.076664e-09	4.037431e-12	2.034200e-09	1.212457e-11	1.000175e+02	
80  5251.59	2.227313e+00	1.156975e-01	1.043103e+00	6.644098e-02	2.223582e-09	2.076664e-09	4.037431e-12	2.034200e-09	1.212457e-11	9.970216e+01	
40  5250.81	2.227313e+00	1.156975e-01	1.043103e+00	6.644098e-02	2.223582e-09	2.076664e-09	4.037431e-12	2.034200e-09	1.212457e-11	1.001222e+02	
20  5251.55	2.227313e+00	1.156975e-01	1.043103e+00	6.644098e-02	2.223582e-09	2.076664e-09	4.037431e-12	2.034200e-09	1.212457e-11	1.003435e+02	
10  5252.03	2.227313e+00	1.156975e-01	1.043103e+00	6.644098e-02	2.223582e-09	2.076664e-09	4.037431e-12	2.034200e-09	1.212457e-11	9.962766e+01	
130  5252	2.227313e+00	1.156975e-01	1.043103e+00	6.644098e-02	2.223582e-09	2.076664e-09	4.037431e-12	2.034200e-09	1.212457e-11	1.004211e+02	
100  5250.82	2.227313e+00	1.156975e-01	1.043103e+00	6.644098e-02	2.223582e-09	2.076664e-09	4.037431e-12	2.034200e-09	1.212457e-11	1.001234e+02	
50  5250.98	2.227313e+00	1.156975e-01	1.043103e+00	6.644098e-02	2.223582e-09	2.076664e-09	4.037431e-12	2.034200e-09	1.212457e-11	9.985565e+01	
50  5250.83	2.227313e+00	1.156975e-01	1.043103e+00	6.644098e-02	2.223582e-09	2.076664e-09	4.037431e-12	2.034200e-09	1.212457e-11	1.001308e+02	
5  5255.89	2.227313e+00	1.156975e-01	1.043103e+00	6.644098e-02	2.223582e-09	2.076664e-09	4.037431e-12	2.034200e-09	1.212457e-11	9.922927e+01	
15  5256.68	2.218978e+00	1.164776e-01	1.043757e+00	6.620508e-02	2.234005e-09	2.082109e-09	5.175722e-12	1.359788e-09	2.283108e-11	9.977381e+01	
10  5257.88	2.218978e+00	1.164776e-01	1.043757e+00	6.620508e-02	2.234005e-09	2.082109e-09	5.175722e-12	1.359788e-09	2.283108e-11	9.956875e+01	
150  5256.16	2.218978e+00	1.164776e-01	1.043757e+00	6.620508e-02	2.234005e-09	2.082109e-09	5.175722e-12	1.359788e-09	2.283108e-11	1.000908e+02	
132  5256.57	2.218978e+00	1.164776e-01	1.043757e+00	6.620508e-02	2.234005e-09	2.082109e-09	5.175722e-12	1.359788e-09	2.283108e-11	9.980107e+01	
68  5255.56	2.215866e+00	1.171238e-01	1.042947e+00	6.858013e-02	2.239046e-09	2.089417e-09	9.725279e-12	2.599042e-09	1.636481e-11	9.986607e+01	
20  5255.44	2.215866e+00	1.171238e-01	1.042947e+00	6.858013e-02	2.239046e-09	2.089417e-09	9.725279e-12	2.599042e-09	1.636481e-11	9.992070e+01	
10  5256.31	2.215866e+00	1.171238e-01	1.042947e+00	6.858013e-02	2.239046e-09	2.089417e-09	9.725279e-12	2.599042e-09	1.636481e-11	9.968446e+01	
41  5255.84	2.215866e+00	1.171238e-01	1.042947e+00	6.858013e-02	2.239046e-09	2.089417e-09	9.725279e-12	2.599042e-09	1.636481e-11	9.978196e+01	
42  5254.04	2.217623e+00	1.151044e-01	1.042771e+00	8.655304e-02	2.274297e-09	2.165322e-09	2.885185e-12	1.595059e-09	1.040445e-11	9.998690e+01	
47  5252.38	2.255899e+00	1.150989e-01	1.041779e+00	9.041039e-02	2.370417e-09	2.180241e-09	1.877086e-11	7.763246e-10	-1.054492e-11	9.997075e+01	
50  5252.34	2.255899e+00	1.150989e-01	1.041779e+00	9.041039e-02	2.370417e-09	2.180241e-09	1.877086e-11	7.763246e-10	-1.054492e-11	1.000527e+02	
2  5253.74	2.255899e+00	1.150989e-01	1.041779e+00	9.041039e-02	2.370417e-09	2.180241e-09	1.877086e-11	7.763246e-10	-1.054492e-11	1.004570e+02	
18  5254.79	2.257361e+00	1.154996e-01	1.041366e+00	8.606568e-02	2.385766e-09	2.160796e-09	8.171300e-12	5.982773e-10	9.355062e-13	1.004349e+02	
77  5254.25	2.257361e+00	1.154996e-01	1.041366e+00	8.606568e-02	2.385766e-09	2.160796e-09	8.171300e-12	5.982773e-10	9.355062e-13	1.003380e+02	
63  5255.54	2.264880e+00	1.142341e-01	1.042507e+00	9.398992e-02	2.373006e-09	2.193716e-09	3.268004e-11	1.006250e-09	1.086455e-11	1.004480e+02	
10  5255.92	2.264880e+00	1.142341e-01	1.042507e+00	9.398992e-02	2.373006e-09	2.193716e-09	3.268004e-11	1.006250e-09	1.086455e-11	1.005028e+02	
10  5254.57	2.264880e+00	1.142341e-01	1.042507e+00	9.398992e-02	2.373006e-09	2.193716e-09	3.268004e-11	1.006250e-09	1.086455e-11	1.002415e+02	
10  5254.81	2.264880e+00	1.142341e-01	1.042507e+00	9.398992e-02	2.373006e-09	2.193716e-09	3.268004e-11	1.006250e-09	1.086455e-11	9.979658e+01	
40  5254.28	2.264880e+00	1.142341e-01	1.042507e+00	9.398992e-02	2.373006e-09	2.193716e-09	3.268004e-11	1.006250e-09	1.086455e-11	1.000466e+02	
121  5254.38	2.264880e+00	1.142341e-01	1.042507e+00	9.398992e-02	2.373006e-09	2.193716e-09	3.268004e-11	1.006250e-09	1.086455e-11	1.001635e+02	
59  5255.05	2.252574e+00	1.146864e-01	1.042857e+00	8.814470e-02	2.352012e-09	2.171475e-09	2.229748e-11	7.581022e-10	4.519324e-12	1.001061e+02	
10  5255.85	2.252574e+00	1.146864e-01	1.042857e+00	8.814470e-02	2.352012e-09	2.171475e-09	2.229748e-11	7.581022e-10	4.519324e-12	9.972635e+01	
53  5256.25	2.252574e+00	1.146864e-01	1.042857e+00	8.814470e-02	2.352012e-09	2.171475e-09	2.229748e-11	7.581022e-10	4.519324e-12	1.004352e+02	
21  5259.42	2.240960e+00	1.157455e-01	1.043103e+00	7.566271e-02	2.318143e-09	2.116077e-09	1.964864e-11	1.563148e-09	2.199867e-11	1.003107e+02	
66  5251.53	2.254962e+00	1.152350e-01	1.042667e+00	7.590549e-02	2.283671e-09	2.120007e-09	1.278369e-11	9.040847e-10	5.367537e-12	9.982950e+01	
30  5251.33	2.254962e+00	1.152350e-01	1.042667e+00	7.590549e-02	2.283671e-09	2.120007e-09	1.278369e-11	9.040847e-10	5.367537e-12	1.001655e+02	
20  5251.87	2.254962e+00	1.152350e-01	1.042667e+00	7.590549e-02	2.283671e-09	2.120007e-09	1.278369e-11	9.040847e-10	5.367537e-12	9.974528e+01	
162  5251.23	2.254962e+00	1.152350e-01	1.042667e+00	7.590549e-02	2.283671e-09	2.120007e-09	1.278369e-11	9.040847e-10	5.367537e-12	1.001076e+02	
38  5253.86	2.232230e+00	1.134748e-01	1.043138e+00	8.032762e-02	2.252290e-09	2.133422e-09	8.048471e-12	1.408265e-09	1.664508e-11	9.991559e+01	
109  5254.17	2.232230e+00	1.134748e-01	1.043138e+00	8.032762e-02	2.252290e-09	2.133422e-09	8.048471e-12	1.408265e-09	1.664508e-11	1.002592e+02	
11  5254.67	2.249833e+00	1.134536e-01	1.043193e+00	8.672013e-02	2.265069e-09	2.161232e-09	1.213098e-11	2.094739e-09	1.322550e-11	1.003648e+02	
20  5254.62	2.249833e+00	1.134536e-01	1.043193e+00	8.672013e-02	2.265069e-09	2.161232e-09	1.213098e-11	2.094739e-09	1.322550e-11	1.003546e+02	
20  5253.89	2.249833e+00	1.134536e-01	1.043193e+00	8.672013e-02	2.265069e-09	2.161232e-09	1.213098e-11	2.094739e-09	1.322550e-11	9.990527e+01	
14  5255.55	2.249833e+00	1.134536e-01	1.043193e+00	8.672013e-02	2.265069e-09	2.161232e-09	1.213098e-11	2.094739e-09	1.322550e-11	9.956136e+01	
42  5258.58	2.225316e+00	1.156053e-01	1.042570e+00	7.943136e-02	2.235683e-09	2.128732e-09	1.955487e-11	2.531458e-09	7.740146e-12	9.984102e+01	
51  5254.25	2.223614e+00	1.162146e-01	1.042920e+00	8.082791e-02	2.262270e-09	2.136476e-09	4.168614e-12	2.389409e-09	1.569704e-11	1.002559e+02	
45  5255.99	2.238690e+00	1.136775e-01	1.043641e+00	9.280729e-02	2.274075e-09	2.186653e-09	9.847810e-12	2.407796e-09	1.764432e-11	1.000448e+02	
58  5253.96	2.223217e+00	1.162829e-01	1.043067e+00	7.984199e-02	2.299330e-09	2.133635e-09	7.171142e-12	1.449987e-09	1.760982e-11	1.004700e+02	
120  5252.72	2.223217e+00	1.162829e-01	1.043067e+00	7.984199e-02	2.299330e-09	2.133635e-09	7.171142e-12	1.449987e-09	1.760982e-11	9.985328e+01	
80  5252.45	2.223217e+00	1.162829e-01	1.043067e+00	7.984199e-02	2.299330e-09	2.133635e-09	7.171142e-12	1.449987e-09	1.760982e-11	1.000623e+02	
71  5253.07	2.223217e+00	1.162829e-01	1.043067e+00	7.984199e-02	2.299330e-09	2.133635e-09	7.171142e-12	1.449987e-09	1.760982e-11	9.976062e+01	
5  5254.06	2.220655e+00	1.172355e-01	1.042579e+00	7.475133e-02	2.313695e-09	2.114935e-09	1.160409e-11	8.571687e-10	4.498835e-12	9.980352e+01	
44  5253.93	2.231906e+00	1.163606e-01	1.042266e+00	7.874971e-02	2.313685e-09	2.129010e-09	2.366608e-11	4.693977e-10	3.395826e-12	9.961758e+01	
120  5253.59	2.231906e+00	1.163606e-01	1.042266e+00	7.874971e-02	2.313685e-09	2.129010e-09	2.366608e-11	4.693977e-10	3.395826e-12	9.967075e+01	
52  5254.27	2.231906e+00	1.163606e-01	1.042266e+00	7.874971e-02	2.313685e-09	2.129010e-09	2.366608e-11	4.693977e-10	3.395826e-12	9.957002e+01	
103  5253.46	2.224403e+00	1.168043e-01	1.041753e+00	8.588452e-02	2.406056e-09	2.162911e-09	2.890971e-11	6.638480e-11	-2.515682e-11	1.001109e+02	
45  5253.49	2.242461e+00	1.161429e-01	1.041662e+00	8.003930e-02	2.363100e-09	2.138817e-09	6.465264e-12	1.799527e-10	-3.912869e-12	9.948230e+01	
10  5250.98	2.242461e+00	1.161429e-01	1.041662e+00	8.003930e-02	2.363100e-09	2.138817e-09	6.465264e-12	1.799527e-10	-3.912869e-12	1.000945e+02	
20  5251.69	2.242461e+00	1.161429e-01	1.041662e+00	8.003930e-02	2.363100e-09	2.138817e-09	6.465264e-12	1.799527e-10	-3.912869e-12	1.003425e+02	
21  5251.24	2.242461e+00	1.161429e-01	1.041662e+00	8.003930e-02	2.363100e-09	2.138817e-09	6.465264e-12	1.799527e-10	-3.912869e-12	1.002292e+02	
9  5251.62	2.242684e+00	1.160050e-01	1.042251e+00	7.827145e-02	2.299890e-09	2.125498e-09	1.277406e-11	2.088049e-09	1.309761e-11	9.998180e+01	
30  5251.71	2.242684e+00	1.160050e-01	1.042251e+00	7.827145e-02	2.299890e-09	2.125498e-09	1.277406e-11	2.088049e-09	1.309761e-11	1.001582e+02	
47  5251.63	2.242684e+00	1.160050e-01	1.042251e+00	7.827145e-02	2.299890e-09	2.125498e-09	1.277406e-11	2.088049e-09	1.309761e-11	1.001072e+02	
43  5250.2	2.258497e+00	1.144994e-01	1.042401e+00	8.802920e-02	2.344872e-09	2.167788e-09	9.748497e-12	1.308883e-09	6.741033e-12	1.001128e+02	
130  5250.3	2.258497e+00	1.144994e-01	1.042401e+00	8.802920e-02	2.344872e-09	2.167788e-09	9.748497e-12	1.308883e-09	6.741033e-12	1.001705e+02	
60  5250.71	2.258497e+00	1.144994e-01	1.042401e+00	8.802920e-02	2.344872e-09	2.167788e-09	9.748497e-12	1.308883e-09	6.741033e-12	1.003014e+02	
20  5251.48	2.258497e+00	1.144994e-01	1.042401e+00	8.802920e-02	2.344872e-09	2.167788e-09	9.748497e-12	1.308883e-09	6.741033e-12	9.963893e+01	
20  5253.47	2.258497e+00	1.144994e-01	1.042401e+00	8.802920e-02	2.344872e-09	2.167788e-09	9.748497e-12	1.308883e-09	6.741033e-12	1.006817e+02	
57  5250.72	2.258497e+00	1.144994e-01	1.042401e+00	8.802920e-02	2.344872e-09	2.167788e-09	9.748497e-12	1.308883e-09	6.741033e-12	1.003037e+02	
33  5249.92	2.240340e+00	1.165815e-01	1.041671e+00	6.937992e-02	2.316405e-09	2.091708e-09	5.199506e-12	9.973174e-10	3.224345e-12	1.001031e+02	
20  5252.87	2.240340e+00	1.165815e-01	1.041671e+00	6.937992e-02	2.316405e-09	2.091708e-09	5.199506e-12	9.973174e-10	3.224345e-12	9.943283e+01	
20  5252.18	2.240340e+00	1.165815e-01	1.041671e+00	6.937992e-02	2.316405e-09	2.091708e-09	5.199506e-12	9.973174e-10	3.224345e-12	1.005726e+02	
130  5250.15	2.240340e+00	1.165815e-01	1.041671e+00	6.937992e-02	2.316405e-09	2.091708e-09	5.199506e-12	9.973174e-10	3.224345e-12	1.002215e+02	
60  5250.34	2.240340e+00	1.165815e-01	1.041671e+00	6.937992e-02	2.316405e-09	2.091708e-09	5.199506e-12	9.973174e-10	3.224345e-12	1.002773e+02	
50  5250.14	2.240340e+00	1.165815e-01	1.041671e+00	6.937992e-02	2.316405e-09	2.091708e-09	5.199506e-12	9.973174e-10	3.224345e-12	9.986411e+01	
80  5249.96	2.240340e+00	1.165815e-01	1.041671e+00	6.937992e-02	2.316405e-09	2.091708e-09	5.199506e-12	9.973174e-10	3.224345e-12	1.001347e+02	
30  5250.89	2.240340e+00	1.165815e-01	1.041671e+00	6.937992e-02	2.316405e-09	2.091708e-09	5.199506e-12	9.973174e-10	3.224345e-12	9.968859e+01	
110  5250.91	2.240340e+00	1.165815e-01	1.041671e+00	6.937992e-02	2.316405e-09	2.091708e-09	5.199506e-12	9.973174e-10	3.224345e-12	1.003956e+02	
90  5250.34	2.240340e+00	1.165815e-01	1.041671e+00	6.937992e-02	2.316405e-09	2.091708e-09	5.199506e-12	9.973174e-10	3.224345e-12	1.002778e+02	
60  5250.66	2.240340e+00	1.165815e-01	1.041671e+00	6.937992e-02	2.316405e-09	2.091708e-09	5.199506e-12	9.973174e-10	3.224345e-12	9.973139e+01	
20  5250.65	2.240340e+00	1.165815e-01	1.041671e+00	6.937992e-02	2.316405e-09	2.091708e-09	5.199506e-12	9.973174e-10	3.224345e-12	9.973243e+01	
69  5249.92	2.240340e+00	1.165815e-01	1.041671e+00	6.937992e-02	2.316405e-09	2.091708e-09	5.199506e-12	9.973174e-10	3.224345e-12	1.000998e+02	
31  5251.79	2.238777e+00	1.145581e-01	1.041980e+00	8.331954e-02	2.307245e-09	2.148204e-09	6.740760e-12	1.234352e-09	4.051910e-12	1.000706e+02	
11  5251.91	2.238777e+00	1.145581e-01	1.041980e+00	8.331954e-02	2.307245e-09	2.148204e-09	6.740760e-12	1.234352e-09	4.051910e-12	9.990440e+01	
59  5252.03	2.220443e+00	1.168435e-01	1.041578e+00	7.445998e-02	2.331421e-09	2.111771e-09	5.795649e-12	1.177709e-09	-1.377616e-12	1.003424e+02	
20  5251.75	2.220443e+00	1.168435e-01	1.041578e+00	7.445998e-02	2.331421e-09	2.111771e-09	5.795649e-12	1.177709e-09	-1.377616e-12	1.002769e+02	
50  5251.28	2.220443e+00	1.168435e-01	1.041578e+00	7.445998e-02	2.331421e-09	2.111771e-09	5.795649e-12	1.177709e-09	-1.377616e-12	1.000360e+02	
10  5251.34	2.220443e+00	1.168435e-01	1.041578e+00	7.445998e-02	2.331421e-09	2.111771e-09	5.795649e-12	1.177709e-09	-1.377616e-12	9.995291e+01	
81  5252.3	2.220443e+00	1.168435e-01	1.041578e+00	7.445998e-02	2.331421e-09	2.111771e-09	5.795649e-12	1.177709e-09	-1.377616e-12	1.003927e+02	
59  5252.15	2.240962e+00	1.162717e-01	1.041384e+00	7.468862e-02	2.352620e-09	2.110235e-09	2.221477e-11	3.957618e-10	-1.498961e-11	1.001302e+02	
40  5252.6	2.240962e+00	1.162717e-01	1.041384e+00	7.468862e-02	2.352620e-09	2.110235e-09	2.221477e-11	3.957618e-10	-1.498961e-11	9.979202e+01	
99  5252.38	2.240962e+00	1.162717e-01	1.041384e+00	7.468862e-02	2.352620e-09	2.110235e-09	2.221477e-11	3.957618e-10	-1.498961e-11	1.002316e+02	
51  5252.92	2.226201e+00	1.177212e-01	1.041798e+00	5.825646e-02	2.296419e-09	2.044080e-09	1.498178e-11	2.034774e-10	3.200626e-13	1.001061e+02	
70  5253.66	2.226201e+00	1.177212e-01	1.041798e+00	5.825646e-02	2.296419e-09	2.044080e-09	1.498178e-11	2.034774e-10	3.200626e-13	9.973353e+01	
20  5252.91	2.226201e+00	1.177212e-01	1.041798e+00	5.825646e-02	2.296419e-09	2.044080e-09	1.498178e-11	2.034774e-10	3.200626e-13	9.998918e+01	
28  5253.37	2.226201e+00	1.177212e-01	1.041798e+00	5.825646e-02	2.296419e-09	2.044080e-09	1.498178e-11	2.034774e-10	3.200626e-13	1.002866e+02	
104  5255.44	2.225029e+00	1.163760e-01	1.041399e+00	6.093330e-02	2.291005e-09	2.053031e-09	2.357816e-11	2.029652e-11	1.329322e-11	1.000304e+02	
58  5256.63	2.254692e+00	1.169879e-01	1.041528e+00	5.833670e-02	2.277808e-09	2.042513e-09	3.801400e-11	1.355740e-09	-3.299118e-12	9.970635e+01	
10  5256.04	2.254692e+00	1.169879e-01	1.041528e+00	5.833670e-02	2.277808e-09	2.042513e-09	3.801400e-11	1.355740e-09	-3.299118e-12	1.002493e+02	
160  5255.72	2.254692e+00	1.169879e-01	1.041528e+00	5.833670e-02	2.277808e-09	2.042513e-09	3.801400e-11	1.355740e-09	-3.299118e-12	9.999766e+01	
7  5256.09	2.254692e+00	1.169879e-01	1.041528e+00	5.833670e-02	2.277808e-09	2.042513e-09	3.801400e-11	1.355740e-09	-3.299118e-12	9.982723e+01	
53  5254.5	2.236478e+00	1.165423e-01	1.041772e+00	5.203387e-02	2.242749e-09	2.016264e-09	1.135787e-11	9.670575e-10	7.585917e-12	9.954613e+01	
30  5253.87	2.236478e+00	1.165423e-01	1.041772e+00	5.203387e-02	2.242749e-09	2.016264e-09	1.135787e-11	9.670575e-10	7.585917e-12	9.963371e+01	
10  5253.98	2.236478e+00	1.165423e-01	1.041772e+00	5.203387e-02	2.242749e-09	2.016264e-09	1.135787e-11	9.670575e-10	7.585917e-12	9.961737e+01	
30  5253.34	2.236478e+00	1.165423e-01	1.041772e+00	5.203387e-02	2.242749e-09	2.016264e-09	1.135787e-11	9.670575e-10	7.585917e-12	1.003525e+02	
62  5252.94	2.236478e+00	1.165423e-01	1.041772e+00	5.203387e-02	2.242749e-09	2.016264e-09	1.135787e-11	9.670575e-10	7.585917e-12	1.002615e+02	
8  5258.6	2.222459e+00	1.166962e-01	1.042123e+00	4.212248e-02	2.143620e-09	1.973918e-09	2.390929e-11	1.379977e-09	1.571335e-11	9.980966e+01	
10  5258.31	2.222459e+00	1.166962e-01	1.042123e+00	4.212248e-02	2.143620e-09	1.973918e-09	2.390929e-11	1.379977e-09	1.571335e-11	9.991665e+01	
130  5258.26	2.222459e+00	1.166962e-01	1.042123e+00	4.212248e-02	2.143620e-09	1.973918e-09	2.390929e-11	1.379977e-09	1.571335e-11	1.001106e+02	
20  5259.39	2.222459e+00	1.166962e-01	1.042123e+00	4.212248e-02	2.143620e-09	1.973918e-09	2.390929e-11	1.379977e-09	1.571335e-11	1.004131e+02	
10  5259.68	2.222459e+00	1.166962e-01	1.042123e+00	4.212248e-02	2.143620e-09	1.973918e-09	2.390929e-11	1.379977e-09	1.571335e-11	9.960357e+01	
99  5259.08	2.222459e+00	1.166962e-01	1.042123e+00	4.212248e-02	2.143620e-09	1.973918e-09	2.390929e-11	1.379977e-09	1.571335e-11	9.970090e+01	
21  5260.81	2.248519e+00	1.175452e-01	1.041728e+00	5.482587e-02	2.271750e-09	2.025579e-09	2.970397e-11	2.616236e-09	-1.377570e-11	1.003374e+02	
31  5260.1	2.248519e+00	1.175452e-01	1.041728e+00	5.482587e-02	2.271750e-09	2.025579e-09	2.970397e-11	2.616236e-09	-1.377570e-11	1.000107e+02	
20  5254.22	2.242017e+00	1.164611e-01	1.042490e+00	5.554146e-02	2.205165e-09	2.035966e-09	5.218017e-11	2.951837e-10	2.739776e-11	1.001651e+02	
21  5254.15	2.240979e+00	1.158546e-01	1.041946e+00	5.771854e-02	2.204788e-09	2.041524e-09	3.196089e-11	1.097477e-09	1.541963e-11	9.980831e+01	
18  5254.65	2.243192e+00	1.146099e-01	1.042241e+00	7.415248e-02	2.276744e-09	2.111396e-09	2.344941e-11	5.296001e-10	2.669160e-11	1.004372e+02	
85  5253.43	2.243192e+00	1.146099e-01	1.042241e+00	7.415248e-02	2.276744e-09	2.111396e-09	2.344941e-11	5.296001e-10	2.669160e-11	1.000930e+02	
95  5254.66	2.243466e+00	1.139153e-01	1.041824e+00	8.272647e-02	2.302656e-09	2.143899e-09	3.347855e-11	5.259111e-10	1.476712e-11	1.001818e+02	
16  5255.51	2.243466e+00	1.139153e-01	1.041824e+00	8.272647e-02	2.302656e-09	2.143899e-09	3.347855e-11	5.259111e-10	1.476712e-11	9.969282e+01	
13  5255.59	2.247683e+00	1.153793e-01	1.041507e+00	8.256725e-02	2.366651e-09	2.141723e-09	6.824743e-11	4.127884e-10	-3.117209e-11	1.000381e+02	
41  5255.56	2.234182e+00	1.164523e-01	1.041545e+00	6.672244e-02	2.294656e-09	2.079881e-09	7.780909e-11	4.489056e-10	-2.131636e-11	9.969286e+01	
10  5254.79	2.234182e+00	1.164523e-01	1.041545e+00	6.672244e-02	2.294656e-09	2.079881e-09	7.780909e-11	4.489056e-10	-2.131636e-11	1.002268e+02	
10  5257.28	2.234182e+00	1.164523e-01	1.041545e+00	6.672244e-02	2.294656e-09	2.079881e-09	7.780909e-11	4.489056e-10	-2.131636e-11	1.006313e+02	
30  5257.03	2.234182e+00	1.164523e-01	1.041545e+00	6.672244e-02	2.294656e-09	2.079881e-09	7.780909e-11	4.489056e-10	-2.131636e-11	1.006040e+02	
10  5255.63	2.234182e+00	1.164523e-01	1.041545e+00	6.672244e-02	2.294656e-09	2.079881e-09	7.780909e-11	4.489056e-10	-2.131636e-11	1.004166e+02	
20  5254.61	2.234182e+00	1.164523e-01	1.041545e+00	6.672244e-02	2.294656e-09	2.079881e-09	7.780909e-11	4.489056e-10	-2.131636e-11	1.001449e+02	
140  5255	2.234182e+00	1.164523e-01	1.041545e+00	6.672244e-02	2.294656e-09	2.079881e-09	7.780909e-11	4.489056e-10	-2.131636e-11	9.980905e+01	
90  5254.63	2.234182e+00	1.164523e-01	1.041545e+00	6.672244e-02	2.294656e-09	2.079881e-09	7.780909e-11	4.489056e-10	-2.131636e-11	9.994176e+01	
32  5255.11	2.234182e+00	1.164523e-01	1.041545e+00	6.672244e-02	2.294656e-09	2.079881e-09	7.780909e-11	4.489056e-10	-2.131636e-11	9.978138e+01	
108  5253.83	2.228278e+00	1.168613e-01	1.042074e+00	6.430632e-02	2.301479e-09	2.074342e-09	6.199972e-11	1.436398e-11	2.146497e-11	1.002212e+02	
80  5253.91	2.228278e+00	1.168613e-01	1.042074e+00	6.430632e-02	2.301479e-09	2.074342e-09	6.199972e-11	1.436398e-11	2.146497e-11	9.987923e+01	
51  5253.81	2.228278e+00	1.168613e-01	1.042074e+00	6.430632e-02	2.301479e-09	2.074342e-09	6.199972e-11	1.436398e-11	2.146497e-11	1.002157e+02	
9  5253.4	2.233382e+00	1.167430e-01	1.041553e+00	6.609813e-02	2.316608e-09	2.079055e-09	6.619424e-11	7.258858e-11	7.672922e-12	1.000954e+02	
204  5253.53	2.233382e+00	1.167430e-01	1.041553e+00	6.609813e-02	2.316608e-09	2.079055e-09	6.619424e-11	7.258858e-11	7.672922e-12	1.001939e+02	
6  5257.66	2.240039e+00	1.168549e-01	1.041355e+00	6.661414e-02	2.313629e-09	2.074575e-09	6.527788e-11	2.401763e-11	9.454718e-12	1.001650e+02	
36  5258.45	2.240039e+00	1.168549e-01	1.041355e+00	6.661414e-02	2.313629e-09	2.074575e-09	6.527788e-11	2.401763e-11	9.454718e-12	1.003900e+02	
50  5259.22	2.253633e+00	1.163709e-01	1.041326e+00	6.529905e-02	2.302760e-09	2.068355e-09	1.060317e-10	8.422609e-11	-5.354733e-11	9.975661e+01	
14  5256.58	2.247809e+00	1.160633e-01	1.041543e+00	7.477030e-02	2.351843e-09	2.110609e-09	9.802839e-11	2.937048e-10	-4.442628e-11	1.002924e+02	
30  5256.13	2.247809e+00	1.160633e-01	1.041543e+00	7.477030e-02	2.351843e-09	2.110609e-09	9.802839e-11	2.937048e-10	-4.442628e-11	1.000952e+02	
103  5256.36	2.247809e+00	1.160633e-01	1.041543e+00	7.477030e-02	2.351843e-09	2.110609e-09	9.802839e-11	2.937048e-10	-4.442628e-11	9.988175e+01	
2  5258.55	2.252179e+00	1.164964e-01	1.041779e+00	7.821658e-02	2.349939e-09	2.130501e-09	9.279174e-11	5.226920e-10	-5.140270e-11	1.000812e+02	
35  5257.77	2.252485e+00	1.160776e-01	1.043185e+00	7.188541e-02	2.268667e-09	2.102185e-09	3.407738e-11	7.148852e-10	2.502466e-11	1.000052e+02	
40  5257.85	2.252485e+00	1.160776e-01	1.043185e+00	7.188541e-02	2.268667e-09	2.102185e-09	3.407738e-11	7.148852e-10	2.502466e-11	1.001526e+02	
17  5258.95	2.252485e+00	1.160776e-01	1.043185e+00	7.188541e-02	2.268667e-09	2.102185e-09	3.407738e-11	7.148852e-10	2.502466e-11	1.004299e+02	
21  5257.92	2.247828e+00	1.142830e-01	1.043446e+00	7.559410e-02	2.226769e-09	2.116376e-09	3.013347e-11	4.251013e-10	3.823432e-11	1.000830e+02	
32  5252.41	2.260038e+00	1.147600e-01	1.042543e+00	7.717421e-02	2.306935e-09	2.119224e-09	6.720834e-12	4.557843e-10	1.743933e-11	1.001193e+02	
90  5252.55	2.260038e+00	1.147600e-01	1.042543e+00	7.717421e-02	2.306935e-09	2.119224e-09	6.720834e-12	4.557843e-10	1.743933e-11	1.001924e+02	
30  5253.55	2.260038e+00	1.147600e-01	1.042543e+00	7.717421e-02	2.306935e-09	2.119224e-09	6.720834e-12	4.557843e-10	1.743933e-11	1.004252e+02	
2  5254.48	2.260038e+00	1.147600e-01	1.042543e+00	7.717421e-02	2.306935e-09	2.119224e-09	6.720834e-12	4.557843e-10	1.743933e-11	1.005541e+02	
45  5255.77	2.284887e+00	1.135926e-01	1.042296e+00	8.044387e-02	2.310734e-09	2.132802e-09	8.992481e-12	2.561844e-10	6.001000e-12	1.000829e+02	
6  5256.37	2.260538e+00	1.134049e-01	1.043516e+00	7.885077e-02	2.248805e-09	2.130804e-09	1.498745e-11	7.671934e-10	2.399260e-11	1.002305e+02	
37  5257.97	2.238644e+00	1.145318e-01	1.043049e+00	6.961933e-02	2.237824e-09	2.097512e-09	2.340980e-11	1.115853e-10	2.742496e-11	1.003412e+02	
11  5257.31	2.238644e+00	1.145318e-01	1.043049e+00	6.961933e-02	2.237824e-09	2.097512e-09	2.340980e-11	1.115853e-10	2.742496e-11	1.001352e+02	
79  5253.17	2.238783e+00	1.174661e-01	1.042490e+00	5.632136e-02	2.270050e-09	2.045876e-09	8.706863e-12	5.514968e-10	8.713661e-12	1.003136e+02	
10  5254.04	2.238783e+00	1.174661e-01	1.042490e+00	5.632136e-02	2.270050e-09	2.045876e-09	8.706863e-12	5.514968e-10	8.713661e-12	1.004672e+02	
110  5253.89	2.238783e+00	1.174661e-01	1.042490e+00	5.632136e-02	2.270050e-09	2.045876e-09	8.706863e-12	5.514968e-10	8.713661e-12	9.963581e+01	
90  5253.32	2.238783e+00	1.174661e-01	1.042490e+00	5.632136e-02	2.270050e-09	2.045876e-09	8.706863e-12	5.514968e-10	8.713661e-12	9.973589e+01	
10  5253.2	2.238783e+00	1.174661e-01	1.042490e+00	5.632136e-02	2.270050e-09	2.045876e-09	8.706863e-12	5.514968e-10	8.713661e-12	9.976151e+01	
10  5252.62	2.238783e+00	1.174661e-01	1.042490e+00	5.632136e-02	2.270050e-09	2.045876e-09	8.706863e-12	5.514968e-10	8.713661e-12	1.001191e+02	
20  5253.87	2.238783e+00	1.174661e-01	1.042490e+00	5.632136e-02	2.270050e-09	2.045876e-09	8.706863e-12	5.514968e-10	8.713661e-12	1.004411e+02	
10  5252.6	2.238783e+00	1.174661e-01	1.042490e+00	5.632136e-02	2.270050e-09	2.045876e-09	8.706863e-12	5.514968e-10	8.713661e-12	1.001018e+02	
10  5254.14	2.238783e+00	1.174661e-01	1.042490e+00	5.632136e-02	2.270050e-09	2.045876e-09	8.706863e-12	5.514968e-10	8.713661e-12	1.004818e+02	
50  5253.25	2.238783e+00	1.174661e-01	1.042490e+00	5.632136e-02	2.270050e-09	2.045876e-09	8.706863e-12	5.514968e-10	8.713661e-12	9.975086e+01	
10  5252.87	2.238783e+00	1.174661e-01	1.042490e+00	5.632136e-02	2.270050e-09	2.045876e-09	8.706863e-12	5.514968e-10	8.713661e-12	9.984743e+01	
74  5252.85	2.238783e+00	1.174661e-01	1.042490e+00	5.632136e-02	2.270050e-09	2.045876e-09	8.706863e-12	5.514968e-10	8.713661e-12	1.002277e+02	
46  5256.7	2.224981e+00	1.158374e-01	1.042840e+00	5.227588e-02	2.186118e-09	2.027415e-09	1.568831e-11	8.368201e-11	5.689988e-11	9.982385e+01	
50  5256.31	2.224981e+00	1.158374e-01	1.042840e+00	5.227588e-02	2.186118e-09	2.027415e-09	1.568831e-11	8.368201e-11	5.689988e-11	1.000974e+02	
40  5256.8	2.224981e+00	1.158374e-01	1.042840e+00	5.227588e-02	2.186118e-09	2.027415e-09	1.568831e-11	8.368201e-11	5.689988e-11	9.979780e+01	
20  5256.46	2.224981e+00	1.158374e-01	1.042840e+00	5.227588e-02	2.186118e-09	2.027415e-09	1.568831e-11	8.368201e-11	5.689988e-11	1.001907e+02	
110  5256.31	2.224981e+00	1.158374e-01	1.042840e+00	5.227588e-02	2.186118e-09	2.027415e-09	1.568831e-11	8.368201e-11	5.689988e-11	9.999848e+01	
3  5257.84	2.224981e+00	1.158374e-01	1.042840e+00	5.227588e-02	2.186118e-09	2.027415e-09	1.568831e-11	8.368201e-11	5.689988e-11	1.004845e+02	
17  5252.28	2.234726e+00	1.178716e-01	1.041897e+00	4.957628e-02	2.224524e-09	2.009643e-09	1.155006e-11	1.510223e-09	-3.272341e-12	1.003863e+02	
80  5252.21	2.234726e+00	1.178716e-01	1.041897e+00	4.957628e-02	2.224524e-09	2.009643e-09	1.155006e-11	1.510223e-09	-3.272341e-12	9.968795e+01	
30  5251.5	2.234726e+00	1.178716e-01	1.041897e+00	4.957628e-02	2.224524e-09	2.009643e-09	1.155006e-11	1.510223e-09	-3.272341e-12	1.002034e+02	
100  5251.3	2.234726e+00	1.178716e-01	1.041897e+00	4.957628e-02	2.224524e-09	2.009643e-09	1.155006e-11	1.510223e-09	-3.272341e-12	1.001030e+02	
232  5251.46	2.234726e+00	1.178716e-01	1.041897e+00	4.957628e-02	2.224524e-09	2.009643e-09	1.155006e-11	1.510223e-09	-3.272341e-12	1.001873e+02	
48  5252.4	2.243991e+00	1.168475e-01	1.041629e+00	5.825277e-02	2.236555e-09	2.044878e-09	1.236979e-11	1.702775e-09	-8.504700e-12	1.001081e+02	
42  5252.66	2.243991e+00	1.168475e-01	1.041629e+00	5.825277e-02	2.236555e-09	2.044878e-09	1.236979e-11	1.702775e-09	-8.504700e-12	9.983126e+01	
28  5251.32	2.236695e+00	1.163619e-01	1.041937e+00	6.227605e-02	2.271470e-09	2.066023e-09	1.137480e-11	1.622024e-10	5.901219e-12	1.002636e+02	
50  5251.57	2.236695e+00	1.163619e-01	1.041937e+00	6.227605e-02	2.271470e-09	2.066023e-09	1.137480e-11	1.622024e-10	5.901219e-12	1.003244e+02	
100  5251.15	2.236695e+00	1.163619e-01	1.041937e+00	6.227605e-02	2.271470e-09	2.066023e-09	1.137480e-11	1.622024e-10	5.901219e-12	1.002123e+02	
10  5251.04	2.236695e+00	1.163619e-01	1.041937e+00	6.227605e-02	2.271470e-09	2.066023e-09	1.137480e-11	1.622024e-10	5.901219e-12	1.001654e+02	
5  5252.9	2.236695e+00	1.163619e-01	1.041937e+00	6.227605e-02	2.271470e-09	2.066023e-09	1.137480e-11	1.622024e-10	5.901219e-12	1.005348e+02	
45  5253.09	2.243693e+00	1.181034e-01	1.041831e+00	4.170634e-02	2.246320e-09	1.984260e-09	2.980668e-12	8.662374e-11	-3.626049e-12	1.000292e+02	
130  5253.09	2.243693e+00	1.181034e-01	1.041831e+00	4.170634e-02	2.246320e-09	1.984260e-09	2.980668e-12	8.662374e-11	-3.626049e-12	1.000229e+02	
60  5253.31	2.243693e+00	1.181034e-01	1.041831e+00	4.170634e-02	2.246320e-09	1.984260e-09	2.980668e-12	8.662374e-11	-3.626049e-12	9.987355e+01	
90  5253.11	2.243693e+00	1.181034e-01	1.041831e+00	4.170634e-02	2.246320e-09	1.984260e-09	2.980668e-12	8.662374e-11	-3.626049e-12	1.000829e+02	
10  5253.6	2.243693e+00	1.181034e-01	1.041831e+00	4.170634e-02	2.246320e-09	1.984260e-09	2.980668e-12	8.662374e-11	-3.626049e-12	1.002886e+02	
30  5254.01	2.243693e+00	1.181034e-01	1.041831e+00	4.170634e-02	2.246320e-09	1.984260e-09	2.980668e-12	8.662374e-11	-3.626049e-12	1.003751e+02	
20  5253.19	2.243693e+00	1.181034e-01	1.041831e+00	4.170634e-02	2.246320e-09	1.984260e-09	2.980668e-12	8.662374e-11	-3.626049e-12	9.992563e+01	
60  5253.77	2.243693e+00	1.181034e-01	1.041831e+00	4.170634e-02	2.246320e-09	1.984260e-09	2.980668e-12	8.662374e-11	-3.626049e-12	1.003270e+02	
10  5253.62	2.243693e+00	1.181034e-01	1.041831e+00	4.170634e-02	2.246320e-09	1.984260e-09	2.980668e-12	8.662374e-11	-3.626049e-12	9.978277e+01	
171  5253.12	2.243693e+00	1.181034e-01	1.041831e+00	4.170634e-02	2.246320e-09	1.984260e-09	2.980668e-12	8.662374e-11	-3.626049e-12	9.998305e+01	
19  5253.23	2.249999e+00	1.169908e-01	1.041931e+00	4.939194e-02	2.245644e-09	2.013914e-09	1.630431e-11	2.594192e-10	1.179478e-11	1.000327e+02	
20  5253.36	2.249999e+00	1.169908e-01	1.041931e+00	4.939194e-02	2.245644e-09	2.013914e-09	1.630431e-11	2.594192e-10	1.179478e-11	9.991552e+01	
40  5253.26	2.249999e+00	1.169908e-01	1.041931e+00	4.939194e-02	2.245644e-09	2.013914e-09	1.630431e-11	2.594192e-10	1.179478e-11	1.001063e+02	
10  5253.45	2.249999e+00	1.169908e-01	1.041931e+00	4.939194e-02	2.245644e-09	2.013914e-09	1.630431e-11	2.594192e-10	1.179478e-11	9.988051e+01	
48  5253.61	2.249999e+00	1.169908e-01	1.041931e+00	4.939194e-02	2.245644e-09	2.013914e-09	1.630431e-11	2.594192e-10	1.179478e-11	9.982638e+01	
72  5253.43	2.247710e+00	1.185572e-01	1.041943e+00	4.996307e-02	2.269136e-09	2.016183e-09	1.012278e-11	6.293993e-10	-1.078723e-11	1.002241e+02	
102  5253.26	2.247710e+00	1.185572e-01	1.041943e+00	4.996307e-02	2.269136e-09	2.016183e-09	1.012278e-11	6.293993e-10	-1.078723e-11	9.991788e+01	
58  5253.78	2.241342e+00	1.172727e-01	1.042147e+00	5.849185e-02	2.268542e-09	2.047380e-09	8.738201e-12	1.850198e-09	1.206736e-11	9.998860e+01	
97  5256.06	2.241342e+00	1.172727e-01	1.042147e+00	5.849185e-02	2.268542e-09	2.047380e-09	8.738201e-12	1.850198e-09	1.206736e-11	9.950676e+01	
43  5256.15	2.230592e+00	1.170057e-01	1.042188e+00	5.443713e-02	2.242402e-09	2.025676e-09	3.787749e-12	2.700168e-09	5.243131e-12	9.914785e+01	
20  5250.02	2.230592e+00	1.170057e-01	1.042188e+00	5.443713e-02	2.242402e-09	2.025676e-09	3.787749e-12	2.700168e-09	5.243131e-12	9.987042e+01	
20  5250.91	2.230592e+00	1.170057e-01	1.042188e+00	5.443713e-02	2.242402e-09	2.025676e-09	3.787749e-12	2.700168e-09	5.243131e-12	1.004028e+02	
80  5250.08	2.230592e+00	1.170057e-01	1.042188e+00	5.443713e-02	2.242402e-09	2.025676e-09	3.787749e-12	2.700168e-09	5.243131e-12	1.002183e+02	
80  5250.64	2.230592e+00	1.170057e-01	1.042188e+00	5.443713e-02	2.242402e-09	2.025676e-09	3.787749e-12	2.700168e-09	5.243131e-12	9.971231e+01	
10  5249.85	2.230592e+00	1.170057e-01	1.042188e+00	5.443713e-02	2.242402e-09	2.025676e-09	3.787749e-12	2.700168e-09	5.243131e-12	9.995986e+01	
70  5250.45	2.230592e+00	1.170057e-01	1.042188e+00	5.443713e-02	2.242402e-09	2.025676e-09	3.787749e-12	2.700168e-09	5.243131e-12	1.003164e+02	
31  5250.83	2.230592e+00	1.170057e-01	1.042188e+00	5.443713e-02	2.242402e-09	2.025676e-09	3.787749e-12	2.700168e-09	5.243131e-12	9.967729e+01	
9  5249.6	2.241114e+00	1.167454e-01	1.041851e+00	6.801705e-02	2.296201e-09	2.084262e-09	6.731387e-12	1.999981e-09	-2.816607e-12	1.001852e+02	
10  5249.6	2.241114e+00	1.167454e-01	1.041851e+00	6.801705e-02	2.296201e-09	2.084262e-09	6.731387e-12	1.999981e-09	-2.816607e-12	9.988461e+01	
90  5249.63	2.241114e+00	1.167454e-01	1.041851e+00	6.801705e-02	2.296201e-09	2.084262e-09	6.731387e-12	1.999981e-09	-2.816607e-12	1.001967e+02	
140  5249.68	2.241114e+00	1.167454e-01	1.041851e+00	6.801705e-02	2.296201e-09	2.084262e-09	6.731387e-12	1.999981e-09	-2.816607e-12	9.985389e+01	
20  5251.36	2.241114e+00	1.167454e-01	1.041851e+00	6.801705e-02	2.296201e-09	2.084262e-09	6.731387e-12	1.999981e-09	-2.816607e-12	9.954386e+01	
40  5251.17	2.241114e+00	1.167454e-01	1.041851e+00	6.801705e-02	2.296201e-09	2.084262e-09	6.731387e-12	1.999981e-09	-2.816607e-12	1.005010e+02	
30  5249.97	2.241114e+00	1.167454e-01	1.041851e+00	6.801705e-02	2.296201e-09	2.084262e-09	6.731387e-12	1.999981e-09	-2.816607e-12	9.977292e+01	
30  5249.56	2.241114e+00	1.167454e-01	1.041851e+00	6.801705e-02	2.296201e-09	2.084262e-09	6.731387e-12	1.999981e-09	-2.816607e-12	1.001673e+02	
90  5249.58	2.241114e+00	1.167454e-01	1.041851e+00	6.801705e-02	2.296201e-09	2.084262e-09	6.731387e-12	1.999981e-09	-2.816607e-12	9.989096e+01	
140  5249.91	2.241114e+00	1.167454e-01	1.041851e+00	6.801705e-02	2.296201e-09	2.084262e-09	6.731387e-12	1.999981e-09	-2.816607e-12	1.002830e+02	
50  5249.83	2.241114e+00	1.167454e-01	1.041851e+00	6.801705e-02	2.296201e-09	2.084262e-09	6.731387e-12	1.999981e-09	-2.816607e-12	1.002619e+02	
20  5249.87	2.241114e+00	1.167454e-01	1.041851e+00	6.801705e-02	2.296201e-09	2.084262e-09	6.731387e-12	1.999981e-09	-2.816607e-12	9.979795e+01	
70  5250.05	2.241114e+00	1.167454e-01	1.041851e+00	6.801705e-02	2.296201e-09	2.084262e-09	6.731387e-12	1.999981e-09	-2.816607e-12	9.975416e+01	
30  5249.42	2.241114e+00	1.167454e-01	1.041851e+00	6.801705e-02	2.296201e-09	2.084262e-09	6.731387e-12	1.999981e-09	-2.816607e-12	1.000066e+02	
10  5250.6	2.241114e+00	1.167454e-01	1.041851e+00	6.801705e-02	2.296201e-09	2.084262e-09	6.731387e-12	1.999981e-09	-2.816607e-12	1.004171e+02	
60  5249.42	2.241114e+00	1.167454e-01	1.041851e+00	6.801705e-02	2.296201e-09	2.084262e-09	6.731387e-12	1.999981e-09	-2.816607e-12	1.000234e+02	
100  5249.48	2.241114e+00	1.167454e-01	1.041851e+00	6.801705e-02	2.296201e-09	2.084262e-09	6.731387e-12	1.999981e-09	-2.816607e-12	9.994614e+01	
70  5249.9	2.241114e+00	1.167454e-01	1.041851e+00	6.801705e-02	2.296201e-09	2.084262e-09	6.731387e-12	1.999981e-09	-2.816607e-12	9.978911e+01	
30  5249.72	2.241114e+00	1.167454e-01	1.041851e+00	6.801705e-02	2.296201e-09	2.084262e-09	6.731387e-12	1.999981e-09	-2.816607e-12	1.002283e+02	
10  5250.08	2.241114e+00	1.167454e-01	1.041851e+00	6.801705e-02	2.296201e-09	2.084262e-09	6.731387e-12	1.999981e-09	-2.816607e-12	9.974803e+01	
30  5249.69	2.241114e+00	1.167454e-01	1.041851e+00	6.801705e-02	2.296201e-09	2.084262e-09	6.731387e-12	1.999981e-09	-2.816607e-12	9.985155e+01	
30  5249.47	2.241114e+00	1.167454e-01	1.041851e+00	6.801705e-02	2.296201e-09	2.084262e-09	6.731387e-12	1.999981e-09	-2.816607e-12	9.994846e+01	
40  5249.69	2.241114e+00	1.167454e-01	1.041851e+00	6.801705e-02	2.296201e-09	2.084262e-09	6.731387e-12	1.999981e-09	-2.816607e-12	9.985116e+01	
20  5249.85	2.241114e+00	1.167454e-01	1.041851e+00	6.801705e-02	2.296201e-09	2.084262e-09	6.731387e-12	1.999981e-09	-2.816607e-12	1.002659e+02	
70  5249.63	2.241114e+00	1.167454e-01	1.041851e+00	6.801705e-02	2.296201e-09	2.084262e-09	6.731387e-12	1.999981e-09	-2.816607e-12	1.001991e+02	
120  5250.58	2.241114e+00	1.167454e-01	1.041851e+00	6.801705e-02	2.296201e-09	2.084262e-09	6.731387e-12	1.999981e-09	-2.816607e-12	9.965568e+01	
105  5250.12	2.241114e+00	1.167454e-01	1.041851e+00	6.801705e-02	2.296201e-09	2.084262e-09	6.731387e-12	1.999981e-09	-2.816607e-12	1.003311e+02	
65  5253.85	2.258267e+00	1.151295e-01	1.041739e+00	7.748725e-02	2.321339e-09	2.126110e-09	2.076557e-11	7.855515e-10	-1.147613e-11	1.002360e+02	
9  5253.54	2.258267e+00	1.151295e-01	1.041739e+00	7.748725e-02	2.321339e-09	2.126110e-09	2.076557e-11	7.855515e-10	-1.147613e-11	1.000268e+02	
11  5255.38	2.254001e+00	1.148794e-01	1.042790e+00	6.961124e-02	2.237394e-09	2.099530e-09	1.567815e-11	4.188622e-10	1.941681e-11	9.979437e+01	
60  5255.12	2.254001e+00	1.148794e-01	1.042790e+00	6.961124e-02	2.237394e-09	2.099530e-09	1.567815e-11	4.188622e-10	1.941681e-11	9.987597e+01	
10  5254.92	2.254001e+00	1.148794e-01	1.042790e+00	6.961124e-02	2.237394e-09	2.099530e-09	1.567815e-11	4.188622e-10	1.941681e-11	1.000540e+02	
2  5255.4	2.254001e+00	1.148794e-01	1.042790e+00	6.961124e-02	2.237394e-09	2.099530e-09	1.567815e-11	4.188622e-10	1.941681e-11	9.979047e+01	
88  5253.01	2.234029e+00	1.172549e-01	1.041799e+00	6.598630e-02	2.275280e-09	2.083980e-09	1.025756e-11	5.661619e-10	-2.878208e-12	1.002912e+02	
120  5252.77	2.234029e+00	1.172549e-01	1.041799e+00	6.598630e-02	2.275280e-09	2.083980e-09	1.025756e-11	5.661619e-10	-2.878208e-12	9.983799e+01	
31  5252.51	2.234029e+00	1.172549e-01	1.041799e+00	6.598630e-02	2.275280e-09	2.083980e-09	1.025756e-11	5.661619e-10	-2.878208e-12	1.000991e+02	
3  5255.5	2.241879e+00	1.165432e-01	1.042414e+00	5.677062e-02	2.202347e-09	2.041551e-09	1.768671e-12	2.046699e-09	5.424051e-12	9.925795e+01	
76  5254.7	2.238139e+00	1.161225e-01	1.042710e+00	6.123060e-02	2.192755e-09	2.061611e-09	6.845132e-12	1.459453e-09	1.340781e-11	9.945950e+01	
10  5252.19	2.238139e+00	1.161225e-01	1.042710e+00	6.123060e-02	2.192755e-09	2.061611e-09	6.845132e-12	1.459453e-09	1.340781e-11	9.992892e+01	
10  5257.03	2.238139e+00	1.161225e-01	1.042710e+00	6.123060e-02	2.192755e-09	2.061611e-09	6.845132e-12	1.459453e-09	1.340781e-11	9.924498e+01	
10  5254.67	2.238139e+00	1.161225e-01	1.042710e+00	6.123060e-02	2.192755e-09	2.061611e-09	6.845132e-12	1.459453e-09	1.340781e-11	1.005867e+02	
110  5253.06	2.238139e+00	1.161225e-01	1.042710e+00	6.123060e-02	2.192755e-09	2.061611e-09	6.845132e-12	1.459453e-09	1.340781e-11	9.968225e+01	
50  5252.13	2.238139e+00	1.161225e-01	1.042710e+00	6.123060e-02	2.192755e-09	2.061611e-09	6.845132e-12	1.459453e-09	1.340781e-11	1.000635e+02	
270  5252.13	2.238139e+00	1.161225e-01	1.042710e+00	6.123060e-02	2.192755e-09	2.061611e-09	6.845132e-12	1.459453e-09	1.340781e-11	1.000697e+02	
50  5252.72	2.238139e+00	1.161225e-01	1.042710e+00	6.123060e-02	2.192755e-09	2.061611e-09	6.845132e-12	1.459453e-09	1.340781e-11	1.002977e+02	
80  5252.27	2.238139e+00	1.161225e-01	1.042710e+00	6.123060e-02	2.192755e-09	2.061611e-09	6.845132e-12	1.459453e-09	1.340781e-11	1.001616e+02	
220  5253.14	2.238139e+00	1.161225e-01	1.042710e+00	6.123060e-02	2.192755e-09	2.061611e-09	6.845132e-12	1.459453e-09	1.340781e-11	9.966786e+01	
160  5253.68	2.238139e+00	1.161225e-01	1.042710e+00	6.123060e-02	2.192755e-09	2.061611e-09	6.845132e-12	1.459453e-09	1.340781e-11	1.004646e+02	
19  5253.15	2.238139e+00	1.161225e-01	1.042710e+00	6.123060e-02	2.192755e-09	2.061611e-09	6.845132e-12	1.459453e-09	1.340781e-11	9.966607e+01	
1  5255.05	2.234146e+00	1.176530e-01	1.042796e+00	5.023409e-02	2.204371e-09	2.019259e-09	2.182839e-11	9.493301e-10	2.079598e-11	9.988434e+01	
50  5254.95	2.234146e+00	1.176530e-01	1.042796e+00	5.023409e-02	2.204371e-09	2.019259e-09	2.182839e-11	9.493301e-10	2.079598e-11	9.993288e+01	
53  5255.03	2.234146e+00	1.176530e-01	1.042796e+00	5.023409e-02	2.204371e-09	2.019259e-09	2.182839e-11	9.493301e-10	2.079598e-11	9.989015e+01	
30  5251.65	2.237210e+00	1.161485e-01	1.042284e+00	6.150951e-02	2.209781e-09	2.058105e-09	8.642228e-12	9.581107e-10	1.397187e-11	9.972222e+01	
26  5255.19	2.228323e+00	1.169529e-01	1.042209e+00	6.245859e-02	2.218217e-09	2.061941e-09	1.656503e-11	5.032760e-10	1.142965e-11	1.001111e+02	
10  5254.36	2.232318e+00	1.159832e-01	1.042875e+00	7.789571e-02	2.262298e-09	2.126506e-09	5.348468e-12	1.099889e-09	1.718530e-11	1.006134e+02	
11  5253.83	2.227056e+00	1.158537e-01	1.042832e+00	7.106797e-02	2.251743e-09	2.103057e-09	1.174391e-11	1.403445e-09	1.553206e-11	1.002892e+02	
20  5253.54	2.227056e+00	1.158537e-01	1.042832e+00	7.106797e-02	2.251743e-09	2.103057e-09	1.174391e-11	1.403445e-09	1.553206e-11	1.002027e+02	
100  5254	2.227056e+00	1.158537e-01	1.042832e+00	7.106797e-02	2.251743e-09	2.103057e-09	1.174391e-11	1.403445e-09	1.553206e-11	1.003268e+02	
10  5253.3	2.227056e+00	1.158537e-01	1.042832e+00	7.106797e-02	2.251743e-09	2.103057e-09	1.174391e-11	1.403445e-09	1.553206e-11	1.000390e+02	
20  5253.77	2.227056e+00	1.158537e-01	1.042832e+00	7.106797e-02	2.251743e-09	2.103057e-09	1.174391e-11	1.403445e-09	1.553206e-11	1.002745e+02	
160  5253.59	2.227056e+00	1.158537e-01	1.042832e+00	7.106797e-02	2.251743e-09	2.103057e-09	1.174391e-11	1.403445e-09	1.553206e-11	9.984523e+01	
7  5254.13	2.227056e+00	1.158537e-01	1.042832e+00	7.106797e-02	2.251743e-09	2.103057e-09	1.174391e-11	1.403445e-09	1.553206e-11	1.003530e+02	
22  5254.05	2.235175e+00	1.149926e-01	1.042107e+00	6.649321e-02	2.254683e-09	2.076455e-09	2.459777e-11	1.058861e-09	4.672272e-12	9.973213e+01	
51  5252.37	2.240365e+00	1.162855e-01	1.041950e+00	6.857884e-02	2.291833e-09	2.086778e-09	8.019065e-12	6.881608e-10	-8.284886e-12	1.001655e+02	
14  5252.23	2.240365e+00	1.162855e-01	1.041950e+00	6.857884e-02	2.291833e-09	2.086778e-09	8.019065e-12	6.881608e-10	-8.284886e-12	1.000293e+02	
26  5251.22	2.233141e+00	1.146822e-01	1.042604e+00	8.193410e-02	2.272072e-09	2.140613e-09	6.958095e-12	9.321568e-10	1.767989e-11	1.003119e+02	
40  5250.62	2.233141e+00	1.146822e-01	1.042604e+00	8.193410e-02	2.272072e-09	2.140613e-09	6.958095e-12	9.321568e-10	1.767989e-11	1.001024e+02	
70  5251.29	2.233141e+00	1.146822e-01	1.042604e+00	8.193410e-02	2.272072e-09	2.140613e-09	6.958095e-12	9.321568e-10	1.767989e-11	1.003274e+02	
10  5250.62	2.233141e+00	1.146822e-01	1.042604e+00	8.193410e-02	2.272072e-09	2.140613e-09	6.958095e-12	9.321568e-10	1.767989e-11	1.000967e+02	
40  5251.72	2.233141e+00	1.146822e-01	1.042604e+00	8.193410e-02	2.272072e-09	2.140613e-09	6.958095e-12	9.321568e-10	1.767989e-11	1.004080e+02	
80  5251.27	2.233141e+00	1.146822e-01	1.042604e+00	8.193410e-02	2.272072e-09	2.140613e-09	6.958095e-12	9.321568e-10	1.767989e-11	1.003241e+02	
30  5251.13	2.233141e+00	1.146822e-01	1.042604e+00	8.193410e-02	2.272072e-09	2.140613e-09	6.958095e-12	9.321568e-10	1.767989e-11	9.977294e+01	
10  5251.87	2.233141e+00	1.146822e-01	1.042604e+00	8.193410e-02	2.272072e-09	2.140613e-09	6.958095e-12	9.321568e-10	1.767989e-11	9.963355e+01	
100  5251.47	2.233141e+00	1.146822e-01	1.042604e+00	8.193410e-02	2.272072e-09	2.140613e-09	6.958095e-12	9.321568e-10	1.767989e-11	9.970147e+01	
200  5250.83	2.233141e+00	1.146822e-01	1.042604e+00	8.193410e-02	2.272072e-09	2.140613e-09	6.958095e-12	9.321568e-10	1.767989e-11	1.002050e+02	
60  5250.67	2.233141e+00	1.146822e-01	1.042604e+00	8.193410e-02	2.272072e-09	2.140613e-09	6.958095e-12	9.321568e-10	1.767989e-11	9.993258e+01	
120  5251.58	2.233141e+00	1.146822e-01	1.042604e+00	8.193410e-02	2.272072e-09	2.140613e-09	6.958095e-12	9.321568e-10	1.767989e-11	1.003827e+02	
140  5250.85	2.233141e+00	1.146822e-01	1.042604e+00	8.193410e-02	2.272072e-09	2.140613e-09	6.958095e-12	9.321568e-10	1.767989e-11	9.985315e+01	
110  5250.59	2.233141e+00	1.146822e-01	1.042604e+00	8.193410e-02	2.272072e-09	2.140613e-09	6.958095e-12	9.321568e-10	1.767989e-11	1.000261e+02	
140  5251.33	2.233141e+00	1.146822e-01	1.042604e+00	8.193410e-02	2.272072e-09	2.140613e-09	6.958095e-12	9.321568e-10	1.767989e-11	1.003367e+02	
10  5251.51	2.233141e+00	1.146822e-01	1.042604e+00	8.193410e-02	2.272072e-09	2.140613e-09	6.958095e-12	9.321568e-10	1.767989e-11	1.003710e+02	
60  5251.44	2.233141e+00	1.146822e-01	1.042604e+00	8.193410e-02	2.272072e-09	2.140613e-09	6.958095e-12	9.321568e-10	1.767989e-11	9.970830e+01	
110  5251.36	2.233141e+00	1.146822e-01	1.042604e+00	8.193410e-02	2.272072e-09	2.140613e-09	6.958095e-12	9.321568e-10	1.767989e-11	1.003425e+02	
50  5251.57	2.233141e+00	1.146822e-01	1.042604e+00	8.193410e-02	2.272072e-09	2.140613e-09	6.958095e-12	9.321568e-10	1.767989e-11	9.968331e+01	
89  5253.68	2.233141e+00	1.146822e-01	1.042604e+00	8.193410e-02	2.272072e-09	2.140613e-09	6.958095e-12	9.321568e-10	1.767989e-11	9.941366e+01	
31  5253.26	2.252732e+00	1.141323e-01	1.042306e+00	9.539402e-02	2.384400e-09	2.198575e-09	9.913049e-12	2.386620e-10	1.192393e-13	9.989579e+01	
10  5253.44	2.252732e+00	1.141323e-01	1.042306e+00	9.539402e-02	2.384400e-09	2.198575e-09	9.913049e-12	2.386620e-10	1.192393e-13	1.002569e+02	
10  5253.47	2.252732e+00	1.141323e-01	1.042306e+00	9.539402e-02	2.384400e-09	2.198575e-09	9.913049e-12	2.386620e-10	1.192393e-13	9.982452e+01	
16  5253.09	2.252732e+00	1.141323e-01	1.042306e+00	9.539402e-02	2.384400e-09	2.198575e-09	9.913049e-12	2.386620e-10	1.192393e-13	1.000738e+02	
14  5255.29	2.273919e+00	1.140863e-01	1.042136e+00	8.964797e-02	2.371625e-09	2.173360e-09	1.991713e-11	9.269929e-10	1.251877e-12	9.959083e+01	
10  5254.57	2.273919e+00	1.140863e-01	1.042136e+00	8.964797e-02	2.371625e-09	2.173360e-09	1.991713e-11	9.269929e-10	1.251877e-12	1.003928e+02	
10  5254.93	2.273919e+00	1.140863e-01	1.042136e+00	8.964797e-02	2.371625e-09	2.173360e-09	1.991713e-11	9.269929e-10	1.251877e-12	1.004528e+02	
10  5253.69	2.273919e+00	1.140863e-01	1.042136e+00	8.964797e-02	2.371625e-09	2.173360e-09	1.991713e-11	9.269929e-10	1.251877e-12	9.994542e+01	
22  5253.81	2.273919e+00	1.140863e-01	1.042136e+00	8.964797e-02	2.371625e-09	2.173360e-09	1.991713e-11	9.269929e-10	1.251877e-12	1.002072e+02	
48  5252.4	2.262091e+00	1.151607e-01	1.042394e+00	7.133145e-02	2.255136e-09	2.097727e-09	1.337308e-11	1.231713e-09	1.255045e-11	9.960104e+01	
30  5251.53	2.262091e+00	1.151607e-01	1.042394e+00	7.133145e-02	2.255136e-09	2.097727e-09	1.337308e-11	1.231713e-09	1.255045e-11	1.003185e+02	
22  5251.06	2.262091e+00	1.151607e-01	1.042394e+00	7.133145e-02	2.255136e-09	2.097727e-09	1.337308e-11	1.231713e-09	1.255045e-11	9.988561e+01	
88  5250.76	2.254835e+00	1.152916e-01	1.042755e+00	7.311288e-02	2.247016e-09	2.103508e-09	2.453866e-12	1.772177e-09	6.391936e-12	9.997512e+01	
10  5250.79	2.254835e+00	1.152916e-01	1.042755e+00	7.311288e-02	2.247016e-09	2.103508e-09	2.453866e-12	1.772177e-09	6.391936e-12	9.994650e+01	
20  5251.52	2.254835e+00	1.152916e-01	1.042755e+00	7.311288e-02	2.247016e-09	2.103508e-09	2.453866e-12	1.772177e-09	6.391936e-12	9.971606e+01	
30  5250.79	2.254835e+00	1.152916e-01	1.042755e+00	7.311288e-02	2.247016e-09	2.103508e-09	2.453866e-12	1.772177e-09	6.391936e-12	9.994649e+01	
80  5250.96	2.254835e+00	1.152916e-01	1.042755e+00	7.311288e-02	2.247016e-09	2.103508e-09	2.453866e-12	1.772177e-09	6.391936e-12	9.985941e+01	
