1  19.3309	2.245088e+00	1.162906e-01	1.042491e+00	7.552420e-02	2.343205e-09	2.108300e-09	1.518142e-12	4.500530e-09	3.693425e-12	
2  19.7382	2.244679e+00	1.163103e-01	1.042488e+00	7.569808e-02	2.344213e-09	2.108353e-09	1.315838e-12	4.500273e-09	3.515367e-12	
5  12.1867	2.244685e+00	1.162978e-01	1.042486e+00	7.571352e-02	2.344257e-09	2.108649e-09	8.509847e-13	4.504777e-09	2.831465e-12	
12  7.6786	2.244764e+00	1.162793e-01	1.042488e+00	7.587408e-02	2.343085e-09	2.109666e-09	7.207747e-13	4.497862e-09	3.402294e-12	
4  4.57054	2.245019e+00	1.163194e-01	1.042487e+00	7.576198e-02	2.343889e-09	2.110039e-09	6.047207e-13	4.503468e-09	3.149734e-12	
27  2.63999	2.245291e+00	1.162844e-01	1.042486e+00	7.559492e-02	2.345358e-09	2.110172e-09	2.186276e-13	4.497179e-09	9.002195e-13	
72  3.2111	2.245281e+00	1.163049e-01	1.042483e+00	7.547945e-02	2.346094e-09	2.111313e-09	2.741433e-13	4.509747e-09	1.784331e-12	
46  3.04363	2.245637e+00	1.163258e-01	1.042475e+00	7.558584e-02	2.344961e-09	2.111384e-09	4.781707e-13	4.511117e-09	2.498085e-12	
20  6.71412	2.245363e+00	1.163361e-01	1.042477e+00	7.565748e-02	2.344553e-09	2.112219e-09	8.443323e-13	4.507085e-09	3.606023e-12	
27  3.49111	2.245449e+00	1.163407e-01	1.042480e+00	7.560646e-02	2.343393e-09	2.111795e-09	5.263059e-13	4.508268e-09	2.582606e-12	
40  3.50108	2.245146e+00	1.163379e-01	1.042483e+00	7.571284e-02	2.343577e-09	2.110698e-09	5.801038e-13	4.510248e-09	2.270370e-12	
25  2.21884	2.245200e+00	1.163470e-01	1.042482e+00	7.582090e-02	2.341831e-09	2.111251e-09	3.321584e-13	4.508514e-09	2.454796e-12	
33  1.43176	2.245139e+00	1.163325e-01	1.042478e+00	7.576401e-02	2.343224e-09	2.111150e-09	3.804126e-13	4.508317e-09	1.790867e-12	
23  1.43852	2.245112e+00	1.163274e-01	1.042478e+00	7.595160e-02	2.342315e-09	2.111364e-09	3.693079e-13	4.508392e-09	1.616055e-12	
13  2.67698	2.244698e+00	1.163199e-01	1.042479e+00	7.581948e-02	2.342130e-09	2.111435e-09	5.388385e-13	4.514578e-09	2.570905e-12	
26  1.76643	2.244451e+00	1.163330e-01	1.042484e+00	7.596304e-02	2.341613e-09	2.111123e-09	2.112386e-13	4.510672e-09	1.906715e-12	
6  2.37949	2.244310e+00	1.163577e-01	1.042483e+00	7.601542e-02	2.341526e-09	2.112550e-09	1.981749e-13	4.509340e-09	1.272483e-12	
107  2.40823	2.243948e+00	1.163496e-01	1.042485e+00	7.627025e-02	2.342798e-09	2.113435e-09	3.645404e-13	4.509337e-09	1.408496e-12	
23  5.21817	2.243704e+00	1.163469e-01	1.042481e+00	7.609228e-02	2.342923e-09	2.113766e-09	7.378324e-13	4.498969e-09	2.673449e-12	
3  5.60768	2.243770e+00	1.163100e-01	1.042479e+00	7.598105e-02	2.343660e-09	2.113510e-09	1.768282e-13	4.509449e-09	7.730465e-13	
37  5.64387	2.243592e+00	1.163260e-01	1.042482e+00	7.595657e-02	2.342708e-09	2.114736e-09	5.104805e-13	4.499681e-09	1.945009e-12	
13  6.27929	2.243481e+00	1.163357e-01	1.042483e+00	7.596705e-02	2.343088e-09	2.114344e-09	6.825569e-13	4.497956e-09	2.122484e-12	
36  1.85725	2.243561e+00	1.163446e-01	1.042485e+00	7.611674e-02	2.343466e-09	2.112713e-09	4.092244e-13	4.490365e-09	2.272309e-12	
47  0.623258	2.243726e+00	1.163217e-01	1.042483e+00	7.635521e-02	2.344096e-09	2.111987e-09	2.623302e-13	4.495477e-09	1.715111e-12	
47  1.64181	2.243653e+00	1.163403e-01	1.042479e+00	7.626510e-02	2.344477e-09	2.110575e-09	2.603627e-13	4.499495e-09	1.740558e-12	
43  0.686376	2.243257e+00	1.163288e-01	1.042477e+00	7.611790e-02	2.342719e-09	2.111537e-09	2.384784e-13	4.496112e-09	1.360400e-12	
197  0.70179	2.243736e+00	1.163322e-01	1.042476e+00	7.616611e-02	2.342159e-09	2.110756e-09	1.820263e-13	4.495413e-09	1.114741e-12	
395  0.613024	2.243626e+00	1.162721e-01	1.042475e+00	7.635666e-02	2.342638e-09	2.110921e-09	1.996016e-13	4.508048e-09	1.446614e-12	
187  0.978039	2.243641e+00	1.162453e-01	1.042476e+00	7.629563e-02	2.343334e-09	2.111209e-09	2.614405e-13	4.511528e-09	1.701440e-12	
86  2.09129	2.243556e+00	1.162464e-01	1.042469e+00	7.634918e-02	2.343595e-09	2.110228e-09	1.807503e-13	4.514457e-09	1.053452e-12	
90  1.37556	2.242815e+00	1.162247e-01	1.042468e+00	7.635540e-02	2.344785e-09	2.110081e-09	1.230896e-13	4.516678e-09	9.721520e-13	
29  2.78269	2.243042e+00	1.162184e-01	1.042465e+00	7.631361e-02	2.343923e-09	2.109924e-09	1.905443e-13	4.500439e-09	1.145167e-12	
62  4.12069	2.242626e+00	1.161978e-01	1.042469e+00	7.625339e-02	2.344965e-09	2.109153e-09	1.086633e-13	4.508406e-09	1.507271e-12	
17  2.25703	2.242445e+00	1.161888e-01	1.042470e+00	7.619883e-02	2.344284e-09	2.110762e-09	2.335685e-13	4.498307e-09	1.360988e-12	
121  2.56572	2.242198e+00	1.161742e-01	1.042471e+00	7.618509e-02	2.343989e-09	2.111781e-09	1.476454e-13	4.486168e-09	6.852492e-13	
62  3.15119	2.242519e+00	1.161797e-01	1.042469e+00	7.618491e-02	2.344053e-09	2.111678e-09	3.496647e-13	4.498861e-09	2.325661e-12	
156  3.05906	2.242456e+00	1.161488e-01	1.042470e+00	7.624811e-02	2.344139e-09	2.112305e-09	2.693682e-13	4.500872e-09	1.140747e-12	
12  5.01494	2.242719e+00	1.161879e-01	1.042468e+00	7.607532e-02	2.343435e-09	2.112002e-09	5.023834e-13	4.496617e-09	2.898824e-12	
59  1.60418	2.242646e+00	1.161818e-01	1.042470e+00	7.617037e-02	2.344151e-09	2.112292e-09	2.906532e-13	4.498951e-09	1.674221e-12	
40  1.95483	2.242648e+00	1.161605e-01	1.042470e+00	7.625637e-02	2.344545e-09	2.113335e-09	1.773548e-13	4.490704e-09	9.946019e-13	
16  2.288	2.242585e+00	1.161763e-01	1.042470e+00	7.624830e-02	2.344871e-09	2.112867e-09	1.252894e-13	4.495052e-09	8.786851e-13	
29  2.27036	2.242375e+00	1.162024e-01	1.042474e+00	7.609925e-02	2.345167e-09	2.113437e-09	2.233091e-13	4.496582e-09	1.564593e-12	
10  3.64666	2.242430e+00	1.161940e-01	1.042473e+00	7.615004e-02	2.345489e-09	2.113449e-09	2.705935e-13	4.488048e-09	1.030374e-12	
38  3.82742	2.242229e+00	1.162012e-01	1.042477e+00	7.621543e-02	2.345187e-09	2.112811e-09	2.805906e-13	4.483806e-09	1.071102e-12	
2  2.99037	2.242193e+00	1.162021e-01	1.042476e+00	7.614471e-02	2.345161e-09	2.113307e-09	3.310540e-13	4.479660e-09	1.542950e-12	
37  3.20319	2.242310e+00	1.162218e-01	1.042477e+00	7.624801e-02	2.345368e-09	2.113509e-09	3.900168e-13	4.474637e-09	1.905798e-12	
195  2.72498	2.242373e+00	1.162192e-01	1.042479e+00	7.640774e-02	2.345406e-09	2.113658e-09	3.598794e-13	4.489935e-09	2.280560e-12	
50  2.2141	2.242480e+00	1.162516e-01	1.042478e+00	7.644035e-02	2.345250e-09	2.114600e-09	2.804755e-13	4.479285e-09	1.360418e-12	
27  2.12991	2.242733e+00	1.162487e-01	1.042473e+00	7.650938e-02	2.345289e-09	2.114310e-09	1.547738e-13	4.483335e-09	9.482949e-13	
86  0.971668	2.243168e+00	1.162544e-01	1.042467e+00	7.658243e-02	2.345392e-09	2.113927e-09	2.784682e-13	4.491472e-09	1.654310e-12	
63  0.732877	2.243390e+00	1.162622e-01	1.042467e+00	7.657378e-02	2.344322e-09	2.113683e-09	2.506383e-13	4.488997e-09	1.429366e-12	
160  1.04463	2.243685e+00	1.162767e-01	1.042471e+00	7.656189e-02	2.344586e-09	2.113919e-09	1.821974e-13	4.493454e-09	1.266513e-12	
10  1.92653	2.243891e+00	1.162605e-01	1.042468e+00	7.663920e-02	2.342415e-09	2.113667e-09	2.987344e-13	4.490487e-09	2.344846e-12	
6  0.776645	2.243855e+00	1.162926e-01	1.042470e+00	7.656774e-02	2.343663e-09	2.114138e-09	2.618921e-13	4.494640e-09	1.639029e-12	
149  1.47375	2.243683e+00	1.162855e-01	1.042467e+00	7.654525e-02	2.343445e-09	2.114398e-09	3.699470e-13	4.506159e-09	1.935728e-12	
250  0.782852	2.243623e+00	1.162221e-01	1.042469e+00	7.658736e-02	2.343689e-09	2.113669e-09	1.908729e-13	4.513011e-09	1.208424e-12	
47  1.41688	2.243397e+00	1.162648e-01	1.042471e+00	7.667220e-02	2.343824e-09	2.114397e-09	3.504845e-13	4.506518e-09	2.092771e-12	
92  2.21169	2.243425e+00	1.162949e-01	1.042471e+00	7.678011e-02	2.342161e-09	2.113426e-09	3.571607e-13	4.506789e-09	1.729426e-12	
45  7.31046	2.243551e+00	1.163055e-01	1.042469e+00	7.691087e-02	2.341852e-09	2.112122e-09	2.229012e-13	4.506134e-09	2.624983e-12	
71  8.89677	2.243116e+00	1.163041e-01	1.042464e+00	7.684890e-02	2.342743e-09	2.111630e-09	3.822292e-13	4.506117e-09	3.153704e-12	
117  3.10711	2.243166e+00	1.163259e-01	1.042465e+00	7.684305e-02	2.343322e-09	2.112469e-09	1.338731e-13	4.489649e-09	6.688063e-13	
5  2.69716	2.242958e+00	1.163140e-01	1.042465e+00	7.659109e-02	2.343305e-09	2.113937e-09	1.370746e-13	4.490333e-09	1.261801e-12	
64  1.42273	2.243204e+00	1.163431e-01	1.042466e+00	7.662413e-02	2.343285e-09	2.113309e-09	1.641200e-13	4.485928e-09	8.936633e-13	
224  0.91602	2.243447e+00	1.163656e-01	1.042461e+00	7.653540e-02	2.341917e-09	2.113982e-09	2.444225e-13	4.483565e-09	1.315774e-12	
235  0.751007	2.243499e+00	1.163426e-01	1.042460e+00	7.658843e-02	2.340491e-09	2.112537e-09	2.584074e-13	4.478144e-09	1.495546e-12	
35  0.647818	2.243344e+00	1.163289e-01	1.042460e+00	7.654828e-02	2.340426e-09	2.113029e-09	2.246235e-13	4.473646e-09	1.698216e-12	
30  1.11888	2.243350e+00	1.163499e-01	1.042462e+00	7.656236e-02	2.339618e-09	2.113207e-09	3.576639e-13	4.482590e-09	2.103592e-12	
98  0.882256	2.243563e+00	1.163306e-01	1.042461e+00	7.649637e-02	2.338943e-09	2.112157e-09	1.645740e-13	4.485162e-09	1.338703e-12	
368  0.930139	2.243101e+00	1.163452e-01	1.042460e+00	7.650400e-02	2.338969e-09	2.112596e-09	3.118132e-13	4.484303e-09	1.761570e-12	
2  1.60022	2.242951e+00	1.163301e-01	1.042461e+00	7.640050e-02	2.338590e-09	2.112941e-09	3.177268e-13	4.479495e-09	2.280846e-12	
154  1.10301	2.243237e+00	1.163426e-01	1.042463e+00	7.653036e-02	2.338420e-09	2.112931e-09	2.003976e-13	4.487956e-09	1.060993e-12	
34  1.26542	2.242748e+00	1.163310e-01	1.042464e+00	7.637112e-02	2.339612e-09	2.112700e-09	2.785140e-13	4.489115e-09	2.071829e-12	
52  0.542619	2.242700e+00	1.163593e-01	1.042462e+00	7.648239e-02	2.338528e-09	2.112257e-09	2.178049e-13	4.493329e-09	1.553468e-12	
5  0.961354	2.242699e+00	1.163673e-01	1.042460e+00	7.648505e-02	2.339241e-09	2.112639e-09	2.952314e-13	4.498398e-09	1.614787e-12	
4  2.08746	2.242820e+00	1.163737e-01	1.042458e+00	7.645384e-02	2.338730e-09	2.113949e-09	2.612101e-13	4.509145e-09	1.054030e-12	
7  3.04273	2.242625e+00	1.163859e-01	1.042461e+00	7.641848e-02	2.339008e-09	2.115535e-09	3.906651e-13	4.487375e-09	1.782104e-12	
10  3.98366	2.242755e+00	1.164187e-01	1.042464e+00	7.625588e-02	2.337357e-09	2.115239e-09	3.833259e-13	4.476720e-09	1.456829e-12	
40  3.42909	2.242742e+00	1.164359e-01	1.042464e+00	7.637120e-02	2.338639e-09	2.115419e-09	5.212251e-13	4.486618e-09	2.411927e-12	
78  3.11926	2.242818e+00	1.164042e-01	1.042463e+00	7.643369e-02	2.337794e-09	2.114501e-09	2.521591e-13	4.490236e-09	9.548947e-13	
42  1.45834	2.242784e+00	1.164103e-01	1.042465e+00	7.646877e-02	2.338103e-09	2.114563e-09	3.459350e-13	4.490558e-09	1.781276e-12	
47  0.983988	2.242982e+00	1.164075e-01	1.042467e+00	7.623099e-02	2.337854e-09	2.113009e-09	3.331424e-13	4.499205e-09	1.913889e-12	
15  1.47984	2.242826e+00	1.164183e-01	1.042463e+00	7.618931e-02	2.338162e-09	2.113128e-09	3.925683e-13	4.499576e-09	2.147270e-12	
127  1.48341	2.243047e+00	1.164532e-01	1.042463e+00	7.635012e-02	2.337665e-09	2.111529e-09	2.221250e-13	4.487157e-09	1.100095e-12	
4  2.70158	2.242769e+00	1.164195e-01	1.042461e+00	7.628768e-02	2.338223e-09	2.112397e-09	1.480518e-13	4.500180e-09	1.322188e-12	
4  4.35097	2.243163e+00	1.164266e-01	1.042462e+00	7.627023e-02	2.336858e-09	2.112746e-09	4.965152e-13	4.507765e-09	3.323616e-12	
41  4.02271	2.243069e+00	1.164349e-01	1.042461e+00	7.623074e-02	2.337373e-09	2.111743e-09	2.538725e-13	4.519276e-09	2.426018e-12	
1  3.20593	2.243007e+00	1.164085e-01	1.042466e+00	7.615520e-02	2.338488e-09	2.112634e-09	2.770728e-13	4.512919e-09	2.322003e-12	
43  2.09883	2.243212e+00	1.164335e-01	1.042470e+00	7.613408e-02	2.337806e-09	2.112044e-09	5.043301e-13	4.506588e-09	2.532061e-12	
15  2.83845	2.243026e+00	1.164370e-01	1.042474e+00	7.614099e-02	2.337407e-09	2.111130e-09	4.508791e-13	4.508387e-09	1.933725e-12	
41  0.743968	2.243532e+00	1.164346e-01	1.042476e+00	7.607938e-02	2.335777e-09	2.111648e-09	3.369416e-13	4.509237e-09	2.119497e-12	
6  3.99514	2.243617e+00	1.164118e-01	1.042476e+00	7.613190e-02	2.334895e-09	2.111884e-09	5.783025e-13	4.511325e-09	3.508724e-12	
46  1.74197	2.243771e+00	1.164124e-01	1.042475e+00	7.602777e-02	2.334060e-09	2.111680e-09	5.106316e-13	4.512072e-09	2.101873e-12	
25  2.76104	2.243338e+00	1.163901e-01	1.042477e+00	7.605712e-02	2.334197e-09	2.111424e-09	6.012747e-13	4.526981e-09	2.637305e-12	
22  1.39364	2.243155e+00	1.163862e-01	1.042477e+00	7.626484e-02	2.334387e-09	2.111849e-09	2.842334e-13	4.520107e-09	2.210549e-12	
33  2.25776	2.242853e+00	1.164073e-01	1.042480e+00	7.625678e-02	2.334004e-09	2.112500e-09	1.690062e-13	4.507045e-09	1.213960e-12	
10  4.94105	2.243111e+00	1.164097e-01	1.042478e+00	7.637202e-02	2.334155e-09	2.111622e-09	4.427455e-13	4.507936e-09	1.391677e-12	
44  0.935683	2.243123e+00	1.164072e-01	1.042479e+00	7.623424e-02	2.334719e-09	2.111237e-09	3.350752e-13	4.503181e-09	1.995140e-12	
33  1.08184	2.243161e+00	1.164252e-01	1.042481e+00	7.630485e-02	2.333695e-09	2.112199e-09	2.074100e-13	4.496982e-09	1.312107e-12	
489  0.877904	2.243150e+00	1.164107e-01	1.042476e+00	7.630642e-02	2.333300e-09	2.111395e-09	3.233855e-13	4.498008e-09	2.058958e-12	
8  2.89411	2.242948e+00	1.164191e-01	1.042478e+00	7.622548e-02	2.332062e-09	2.111497e-09	5.185847e-13	4.499648e-09	2.088145e-12	
61  1.07821	2.242935e+00	1.163809e-01	1.042483e+00	7.619805e-02	2.333175e-09	2.111291e-09	3.459663e-13	4.503559e-09	1.833149e-12	
27  1.7024	2.243028e+00	1.163519e-01	1.042480e+00	7.631977e-02	2.333176e-09	2.112394e-09	4.371086e-13	4.512605e-09	1.909626e-12	
50  3.12742	2.242742e+00	1.163792e-01	1.042481e+00	7.630247e-02	2.334029e-09	2.112026e-09	4.241033e-13	4.505486e-09	1.563355e-12	
46  3.00296	2.242695e+00	1.163591e-01	1.042487e+00	7.629264e-02	2.333820e-09	2.113585e-09	2.666140e-13	4.517361e-09	1.047061e-12	
4  3.40928	2.242801e+00	1.163703e-01	1.042489e+00	7.641259e-02	2.333698e-09	2.113756e-09	6.543085e-13	4.519439e-09	2.389164e-12	
8  3.22266	2.242820e+00	1.163745e-01	1.042491e+00	7.632456e-02	2.333899e-09	2.113637e-09	5.713034e-13	4.513835e-09	3.205724e-12	
21  2.94949	2.242523e+00	1.163968e-01	1.042495e+00	7.638104e-02	2.335435e-09	2.113376e-09	5.403151e-13	4.518081e-09	3.056023e-12	
22  3.71309	2.242834e+00	1.163735e-01	1.042492e+00	7.638515e-02	2.335546e-09	2.111857e-09	2.549467e-13	4.513794e-09	2.543451e-12	
6  4.33382	2.243015e+00	1.163589e-01	1.042488e+00	7.637396e-02	2.335563e-09	2.112099e-09	2.219458e-13	4.500082e-09	2.389456e-12	
19  2.94047	2.243020e+00	1.163468e-01	1.042487e+00	7.628459e-02	2.334652e-09	2.111553e-09	5.066658e-13	4.511460e-09	2.666545e-12	
32  3.25677	2.243212e+00	1.163660e-01	1.042488e+00	7.608899e-02	2.335997e-09	2.111143e-09	1.674809e-13	4.511528e-09	1.798704e-12	
30  1.9249	2.243029e+00	1.164148e-01	1.042490e+00	7.607601e-02	2.334981e-09	2.112198e-09	3.938130e-13	4.501928e-09	2.655625e-12	
78  2.29068	2.243224e+00	1.164272e-01	1.042489e+00	7.625524e-02	2.334127e-09	2.111289e-09	3.944804e-13	4.508542e-09	1.742208e-12	
14  1.2323	2.243423e+00	1.164633e-01	1.042488e+00	7.618607e-02	2.335116e-09	2.112504e-09	3.163095e-13	4.513564e-09	1.476408e-12	
33  3.01429	2.243168e+00	1.164515e-01	1.042489e+00	7.612742e-02	2.336716e-09	2.112819e-09	2.033124e-13	4.518552e-09	9.786410e-13	
10  3.90356	2.243403e+00	1.164105e-01	1.042489e+00	7.613629e-02	2.336718e-09	2.112543e-09	3.305340e-13	4.526396e-09	9.740029e-13	
2  1.76803	2.243207e+00	1.163777e-01	1.042487e+00	7.629812e-02	2.335602e-09	2.112781e-09	4.954685e-13	4.529118e-09	2.450087e-12	
8  0.915633	2.243115e+00	1.163873e-01	1.042486e+00	7.633213e-02	2.335246e-09	2.112375e-09	3.222945e-13	4.526614e-09	1.617605e-12	
46  3.43167	2.243373e+00	1.164104e-01	1.042488e+00	7.621703e-02	2.335976e-09	2.112301e-09	2.153932e-13	4.527187e-09	2.066355e-12	
47  1.3755	2.243212e+00	1.163731e-01	1.042489e+00	7.614120e-02	2.336233e-09	2.111297e-09	3.350741e-13	4.518334e-09	2.422918e-12	
18  1.04836	2.242786e+00	1.163272e-01	1.042488e+00	7.604337e-02	2.336836e-09	2.111349e-09	3.254729e-13	4.519334e-09	1.726546e-12	
27  6.50361	2.242441e+00	1.163346e-01	1.042494e+00	7.587298e-02	2.337247e-09	2.111702e-09	2.759682e-13	4.523684e-09	6.101013e-13	
31  4.87715	2.242382e+00	1.163244e-01	1.042493e+00	7.600769e-02	2.337138e-09	2.111374e-09	5.874483e-13	4.529279e-09	2.299746e-12	
20  0.530846	2.242741e+00	1.162859e-01	1.042492e+00	7.618406e-02	2.335832e-09	2.110996e-09	2.155511e-13	4.526736e-09	1.392161e-12	
26  0.288721	2.243013e+00	1.162738e-01	1.042494e+00	7.602791e-02	2.335290e-09	2.110532e-09	2.267639e-13	4.525099e-09	1.654421e-12	
159  0.781704	2.243027e+00	1.163083e-01	1.042494e+00	7.602113e-02	2.335240e-09	2.110898e-09	1.845581e-13	4.525271e-09	1.240647e-12	
81  1.09071	2.242920e+00	1.163007e-01	1.042495e+00	7.621403e-02	2.335294e-09	2.111756e-09	1.696524e-13	4.523546e-09	1.314524e-12	
33  2.47641	2.242625e+00	1.163066e-01	1.042495e+00	7.603331e-02	2.335408e-09	2.111707e-09	4.212191e-13	4.520407e-09	1.772942e-12	
26  2.03203	2.243011e+00	1.163227e-01	1.042492e+00	7.621115e-02	2.334368e-09	2.111344e-09	2.226301e-13	4.529367e-09	1.012068e-12	
76  2.44424	2.243075e+00	1.163328e-01	1.042487e+00	7.630730e-02	2.334044e-09	2.112376e-09	5.071077e-13	4.533534e-09	2.909808e-12	
7  2.11118	2.243278e+00	1.163748e-01	1.042478e+00	7.635136e-02	2.333825e-09	2.112819e-09	3.614987e-13	4.535263e-09	2.579327e-12	
8  1.64161	2.243273e+00	1.163961e-01	1.042478e+00	7.633506e-02	2.334540e-09	2.112519e-09	4.494965e-13	4.535024e-09	1.918551e-12	
68  0.717284	2.243417e+00	1.163823e-01	1.042479e+00	7.630666e-02	2.333858e-09	2.112703e-09	3.246598e-13	4.526789e-09	1.756166e-12	
4  2.02153	2.243716e+00	1.164251e-01	1.042480e+00	7.619435e-02	2.335331e-09	2.112896e-09	2.701395e-13	4.533715e-09	1.899670e-12	
23  1.66449	2.243535e+00	1.164034e-01	1.042478e+00	7.623555e-02	2.336294e-09	2.113242e-09	4.682035e-13	4.525692e-09	2.417240e-12	
17  2.83286	2.243466e+00	1.164025e-01	1.042475e+00	7.623347e-02	2.335294e-09	2.112577e-09	2.139775e-13	4.538901e-09	8.910253e-13	
9  2.6198	2.243571e+00	1.164368e-01	1.042476e+00	7.610488e-02	2.335504e-09	2.111373e-09	1.702172e-13	4.557756e-09	1.464212e-12	
120  2.71919	2.244004e+00	1.164363e-01	1.042481e+00	7.628980e-02	2.333500e-09	2.111161e-09	1.622608e-13	4.567371e-09	9.025501e-13	
18  2.17691	2.244119e+00	1.164508e-01	1.042482e+00	7.636185e-02	2.333451e-09	2.110614e-09	2.318383e-13	4.573435e-09	1.105871e-12	
60  3.62913	2.244247e+00	1.164666e-01	1.042483e+00	7.643169e-02	2.334943e-09	2.111366e-09	4.177717e-13	4.575917e-09	3.119238e-12	
82  1.82788	2.244363e+00	1.164918e-01	1.042481e+00	7.650395e-02	2.335736e-09	2.112090e-09	5.044019e-13	4.579485e-09	2.353944e-12	
121  3.39476	2.244112e+00	1.164972e-01	1.042482e+00	7.633581e-02	2.336149e-09	2.110629e-09	4.625746e-13	4.584662e-09	1.951708e-12	
112  0.6514	2.244122e+00	1.165189e-01	1.042487e+00	7.613117e-02	2.336793e-09	2.111070e-09	2.675528e-13	4.570701e-09	1.856745e-12	
51  0.560951	2.244539e+00	1.165162e-01	1.042483e+00	7.621389e-02	2.337389e-09	2.111321e-09	2.708759e-13	4.589418e-09	1.638680e-12	
150  1.19589	2.244649e+00	1.164774e-01	1.042480e+00	7.624850e-02	2.337805e-09	2.109625e-09	2.411654e-13	4.576258e-09	1.660506e-12	
20  2.24457	2.245002e+00	1.164832e-01	1.042481e+00	7.627584e-02	2.338850e-09	2.110571e-09	3.039402e-13	4.575099e-09	2.484220e-12	
9  2.76105	2.245163e+00	1.164578e-01	1.042482e+00	7.624005e-02	2.338288e-09	2.111008e-09	5.981645e-13	4.585884e-09	2.767012e-12	
22  1.65209	2.245132e+00	1.164560e-01	1.042481e+00	7.632389e-02	2.338828e-09	2.111404e-09	3.203451e-13	4.595421e-09	1.312456e-12	
24  1.19713	2.244915e+00	1.164421e-01	1.042482e+00	7.611681e-02	2.339806e-09	2.111573e-09	2.338507e-13	4.600523e-09	1.624406e-12	
115  1.57124	2.244787e+00	1.164361e-01	1.042485e+00	7.596245e-02	2.340304e-09	2.112059e-09	4.614121e-13	4.588680e-09	2.154187e-12	
49  2.20105	2.244520e+00	1.164398e-01	1.042486e+00	7.593348e-02	2.340344e-09	2.111898e-09	5.454037e-13	4.597801e-09	2.610116e-12	
31  1.34021	2.244987e+00	1.164231e-01	1.042488e+00	7.599542e-02	2.340738e-09	2.111831e-09	3.287938e-13	4.597032e-09	2.096257e-12	
5  2.52666	2.244919e+00	1.164463e-01	1.042489e+00	7.607542e-02	2.340865e-09	2.112273e-09	5.234467e-13	4.608473e-09	2.929110e-12	
4  3.92963	2.244938e+00	1.164665e-01	1.042485e+00	7.611663e-02	2.340645e-09	2.111096e-09	4.926231e-13	4.610218e-09	3.366312e-12	
17  4.95387	2.244733e+00	1.164673e-01	1.042485e+00	7.594257e-02	2.340459e-09	2.111572e-09	8.226920e-13	4.604350e-09	3.682338e-12	
1  4.26599	2.244622e+00	1.164789e-01	1.042487e+00	7.589701e-02	2.340831e-09	2.112507e-09	6.105664e-13	4.619560e-09	3.261995e-12	
70  1.88584	2.244455e+00	1.164862e-01	1.042482e+00	7.597430e-02	2.339994e-09	2.111575e-09	5.338948e-13	4.622895e-09	2.603865e-12	
8  2.88968	2.244659e+00	1.164567e-01	1.042482e+00	7.590341e-02	2.339359e-09	2.111200e-09	2.682184e-13	4.618750e-09	2.162683e-12	
25  1.92364	2.244521e+00	1.164665e-01	1.042483e+00	7.602443e-02	2.338731e-09	2.112208e-09	2.750591e-13	4.623731e-09	1.553245e-12	
28  1.5575	2.244380e+00	1.164833e-01	1.042481e+00	7.600323e-02	2.338180e-09	2.112031e-09	3.989625e-13	4.624023e-09	2.261319e-12	
6  1.40763	2.244722e+00	1.164783e-01	1.042476e+00	7.602230e-02	2.339448e-09	2.110856e-09	4.839964e-13	4.610532e-09	2.226753e-12	
21  1.33394	2.244774e+00	1.164958e-01	1.042473e+00	7.617583e-02	2.339196e-09	2.111428e-09	2.463832e-13	4.602940e-09	1.824487e-12	
61  1.49449	2.244881e+00	1.164687e-01	1.042475e+00	7.611107e-02	2.340069e-09	2.112198e-09	4.300560e-13	4.608875e-09	1.713950e-12	
27  3.70361	2.244818e+00	1.165141e-01	1.042477e+00	7.622599e-02	2.340295e-09	2.112708e-09	7.666555e-13	4.624098e-09	3.326340e-12	
18  2.66945	2.244988e+00	1.165560e-01	1.042480e+00	7.608159e-02	2.340424e-09	2.112587e-09	6.709323e-13	4.626545e-09	2.504194e-12	
55  3.06544	2.245111e+00	1.165331e-01	1.042480e+00	7.612573e-02	2.340656e-09	2.112745e-09	7.290835e-13	4.624165e-09	2.670393e-12	
8  1.29441	2.244843e+00	1.165414e-01	1.042482e+00	7.618399e-02	2.340644e-09	2.111289e-09	3.660657e-13	4.630678e-09	1.553297e-12	
54  1.30816	2.244803e+00	1.165522e-01	1.042480e+00	7.615406e-02	2.339151e-09	2.111833e-09	3.069350e-13	4.644634e-09	1.405504e-12	
72  1.74617	2.245188e+00	1.165415e-01	1.042478e+00	7.622404e-02	2.338504e-09	2.112023e-09	5.912910e-13	4.646848e-09	2.413147e-12	
34  1.99485	2.245154e+00	1.165436e-01	1.042483e+00	7.640814e-02	2.338814e-09	2.111205e-09	4.899144e-13	4.648811e-09	2.247382e-12	
17  1.26887	2.245238e+00	1.165309e-01	1.042484e+00	7.623984e-02	2.339022e-09	2.111554e-09	2.935958e-13	4.648793e-09	2.033163e-12	
5  1.08368	2.245311e+00	1.165256e-01	1.042483e+00	7.607886e-02	2.338607e-09	2.111561e-09	3.895800e-13	4.642575e-09	2.229115e-12	
11  3.17649	2.245626e+00	1.165463e-01	1.042483e+00	7.602080e-02	2.339111e-09	2.111266e-09	7.120571e-13	4.644819e-09	3.375340e-12	
10  3.42927	2.245526e+00	1.165501e-01	1.042481e+00	7.602781e-02	2.339434e-09	2.112525e-09	6.067373e-13	4.647583e-09	1.738531e-12	
13  1.83189	2.245719e+00	1.165765e-01	1.042479e+00	7.598073e-02	2.339256e-09	2.111196e-09	4.651962e-13	4.646272e-09	2.682909e-12	
10  2.24157	2.245692e+00	1.165455e-01	1.042478e+00	7.602253e-02	2.339272e-09	2.110371e-09	6.112675e-13	4.645474e-09	2.554021e-12	
25  1.1622	2.245610e+00	1.165032e-01	1.042476e+00	7.596686e-02	2.338663e-09	2.110498e-09	4.953310e-13	4.644923e-09	2.207015e-12	
5  1.1757	2.245863e+00	1.165175e-01	1.042477e+00	7.582087e-02	2.338898e-09	2.110330e-09	3.083790e-13	4.634003e-09	1.458943e-12	
51  1.21538	2.245964e+00	1.165263e-01	1.042479e+00	7.576268e-02	2.338911e-09	2.109993e-09	5.116348e-13	4.631190e-09	2.404908e-12	
12  2.49248	2.245891e+00	1.165456e-01	1.042473e+00	7.589864e-02	2.340255e-09	2.108951e-09	4.685343e-13	4.628981e-09	2.838989e-12	
33  1.56523	2.245953e+00	1.165429e-01	1.042479e+00	7.578435e-02	2.340554e-09	2.109998e-09	5.146370e-13	4.636135e-09	2.682757e-12	
29  4.43716	2.245863e+00	1.165620e-01	1.042479e+00	7.561013e-02	2.340666e-09	2.111795e-09	5.378480e-13	4.630181e-09	2.805353e-12	
28  3.59555	2.246543e+00	1.165765e-01	1.042478e+00	7.566605e-02	2.341151e-09	2.111665e-09	6.476565e-13	4.624981e-09	2.800785e-12	
20  3.77141	2.246381e+00	1.165493e-01	1.042478e+00	7.559467e-02	2.342464e-09	2.111243e-09	7.443287e-13	4.629090e-09	2.579618e-12	
16  6.76391	2.246395e+00	1.165508e-01	1.042476e+00	7.542658e-02	2.341818e-09	2.111135e-09	8.606664e-13	4.618797e-09	1.781796e-12	
5  6.01507	2.246314e+00	1.165310e-01	1.042476e+00	7.549747e-02	2.341670e-09	2.111932e-09	6.581782e-13	4.627629e-09	1.679107e-12	
6  4.49896	2.246216e+00	1.165196e-01	1.042478e+00	7.546143e-02	2.342520e-09	2.110826e-09	5.058354e-13	4.625095e-09	2.934168e-12	
53  3.77382	2.246119e+00	1.165253e-01	1.042477e+00	7.549584e-02	2.341807e-09	2.109736e-09	7.985447e-13	4.627361e-09	2.995532e-12	
53  4.3927	2.245812e+00	1.165410e-01	1.042471e+00	7.564877e-02	2.343020e-09	2.109540e-09	8.029967e-13	4.638889e-09	2.885506e-12	
24  5.4357	2.245498e+00	1.165212e-01	1.042471e+00	7.572495e-02	2.342116e-09	2.110340e-09	5.384696e-13	4.644507e-09	1.123346e-12	
13  3.3802	2.245865e+00	1.165025e-01	1.042474e+00	7.557811e-02	2.342332e-09	2.110431e-09	5.845166e-13	4.645750e-09	3.092779e-12	
7  2.61849	2.245640e+00	1.165261e-01	1.042473e+00	7.561043e-02	2.342389e-09	2.110020e-09	6.431156e-13	4.642775e-09	2.715545e-12	
18  2.29862	2.245732e+00	1.165008e-01	1.042473e+00	7.565833e-02	2.342672e-09	2.108844e-09	4.681967e-13	4.647838e-09	1.771842e-12	
33  1.40373	2.245504e+00	1.164949e-01	1.042477e+00	7.574554e-02	2.343337e-09	2.108594e-09	3.043625e-13	4.640667e-09	1.384121e-12	
240  1.38024	2.245358e+00	1.165168e-01	1.042476e+00	7.567420e-02	2.343711e-09	2.109664e-09	3.976812e-13	4.644980e-09	1.642865e-12	
14  2.48558	2.245472e+00	1.164956e-01	1.042480e+00	7.577049e-02	2.343368e-09	2.108768e-09	4.856243e-13	4.651534e-09	2.574049e-12	
49  4.10485	2.245824e+00	1.164971e-01	1.042477e+00	7.578402e-02	2.343862e-09	2.109749e-09	6.621579e-13	4.656198e-09	3.399941e-12	
11  3.12304	2.245847e+00	1.165340e-01	1.042477e+00	7.564242e-02	2.343734e-09	2.109004e-09	6.293371e-13	4.661912e-09	2.845062e-12	
148  1.64803	2.245912e+00	1.165261e-01	1.042477e+00	7.554870e-02	2.343267e-09	2.109499e-09	5.021917e-13	4.661380e-09	2.092088e-12	
7  2.19851	2.245549e+00	1.165000e-01	1.042478e+00	7.557334e-02	2.342690e-09	2.110654e-09	3.412361e-13	4.656190e-09	1.473391e-12	
6  1.22912	2.245359e+00	1.164829e-01	1.042481e+00	7.568064e-02	2.343509e-09	2.109866e-09	3.944289e-13	4.659118e-09	2.350839e-12	
37  2.1531	2.245460e+00	1.164543e-01	1.042482e+00	7.568103e-02	2.344650e-09	2.110138e-09	5.308910e-13	4.653505e-09	2.409541e-12	
78  0.696294	2.245872e+00	1.164338e-01	1.042482e+00	7.577204e-02	2.345924e-09	2.109660e-09	3.055256e-13	4.651490e-09	1.533361e-12	
3  4.37628	2.246002e+00	1.164448e-01	1.042483e+00	7.564744e-02	2.344634e-09	2.111007e-09	5.613546e-13	4.638739e-09	1.534107e-12	
6  4.56013	2.246102e+00	1.164565e-01	1.042482e+00	7.562859e-02	2.344494e-09	2.109909e-09	3.287211e-13	4.628140e-09	2.778048e-12	
34  3.88512	2.245955e+00	1.164636e-01	1.042481e+00	7.562176e-02	2.344037e-09	2.110298e-09	7.288520e-13	4.629577e-09	3.140576e-12	
9  2.22693	2.246106e+00	1.164921e-01	1.042486e+00	7.568174e-02	2.343138e-09	2.109811e-09	2.058003e-13	4.626662e-09	1.065934e-12	
134  2.32847	2.246321e+00	1.165093e-01	1.042482e+00	7.562062e-02	2.345083e-09	2.110881e-09	3.233017e-13	4.608646e-09	1.424351e-12	
17  2.06706	2.246227e+00	1.164845e-01	1.042485e+00	7.565387e-02	2.345348e-09	2.111106e-09	3.466044e-13	4.601058e-09	1.616161e-12	
72  2.51372	2.246507e+00	1.164993e-01	1.042484e+00	7.574831e-02	2.346287e-09	2.110684e-09	2.776435e-13	4.596372e-09	1.088759e-12	
30  2.82344	2.246674e+00	1.164966e-01	1.042484e+00	7.571858e-02	2.345429e-09	2.109265e-09	5.546966e-13	4.583424e-09	2.965452e-12	
42  1.45553	2.246309e+00	1.164842e-01	1.042482e+00	7.579552e-02	2.345139e-09	2.108778e-09	2.511071e-13	4.587212e-09	2.124958e-12	
9  3.91263	2.246537e+00	1.165119e-01	1.042486e+00	7.591693e-02	2.344620e-09	2.108195e-09	3.753606e-13	4.580764e-09	1.659481e-12	
53  4.16933	2.246494e+00	1.165028e-01	1.042488e+00	7.598498e-02	2.344377e-09	2.108889e-09	2.094465e-13	4.582310e-09	7.708366e-13	
137  1.0384	2.246432e+00	1.165038e-01	1.042483e+00	7.597027e-02	2.344179e-09	2.109074e-09	2.903950e-13	4.572106e-09	1.643269e-12	
111  1.07909	2.246113e+00	1.165138e-01	1.042482e+00	7.600453e-02	2.343771e-09	2.110318e-09	2.053654e-13	4.560552e-09	1.573297e-12	
158  1.89469	2.246024e+00	1.164710e-01	1.042485e+00	7.603782e-02	2.345510e-09	2.108840e-09	3.034880e-13	4.564579e-09	1.927644e-12	
196  0.750724	2.245692e+00	1.164589e-01	1.042485e+00	7.608470e-02	2.346131e-09	2.109522e-09	2.339705e-13	4.562356e-09	1.564707e-12	
351  1.01935	2.246309e+00	1.164365e-01	1.042483e+00	7.601356e-02	2.346501e-09	2.109906e-09	2.726127e-13	4.575546e-09	2.122567e-12	
165  1.1644	2.246285e+00	1.164140e-01	1.042487e+00	7.596812e-02	2.347731e-09	2.110279e-09	3.618945e-13	4.585585e-09	1.827683e-12	
11  1.29757	2.246121e+00	1.164141e-01	1.042485e+00	7.594618e-02	2.347772e-09	2.110639e-09	4.058633e-13	4.598377e-09	2.071375e-12	
16  2.35773	2.246282e+00	1.164030e-01	1.042483e+00	7.598561e-02	2.347540e-09	2.110587e-09	5.033876e-13	4.593103e-09	2.565984e-12	
177  1.03944	2.246424e+00	1.164064e-01	1.042480e+00	7.586094e-02	2.348646e-09	2.110050e-09	2.189418e-13	4.601737e-09	1.144828e-12	
23  2.60749	2.246440e+00	1.164251e-01	1.042475e+00	7.584752e-02	2.348193e-09	2.110839e-09	1.796747e-13	4.608527e-09	1.299092e-12	
11  3.26438	2.246317e+00	1.164927e-01	1.042478e+00	7.585630e-02	2.347421e-09	2.111810e-09	2.204138e-13	4.606461e-09	1.267836e-12	
38  3.40423	2.246423e+00	1.164491e-01	1.042480e+00	7.590534e-02	2.348377e-09	2.110895e-09	6.328215e-13	4.599898e-09	2.620471e-12	
42  2.7649	2.246256e+00	1.164543e-01	1.042480e+00	7.594639e-02	2.349023e-09	2.110284e-09	4.012984e-13	4.600552e-09	2.821365e-12	
19  1.79774	2.246306e+00	1.164714e-01	1.042479e+00	7.588622e-02	2.348581e-09	2.110273e-09	4.580461e-13	4.593364e-09	2.330404e-12	
11  1.24605	2.246383e+00	1.164371e-01	1.042479e+00	7.592120e-02	2.348282e-09	2.110644e-09	3.936821e-13	4.591400e-09	1.863550e-12	
100  0.906906	2.246609e+00	1.164188e-01	1.042479e+00	7.569886e-02	2.349178e-09	2.109998e-09	2.751634e-13	4.591538e-09	1.857284e-12	
109  0.452055	2.246217e+00	1.164127e-01	1.042481e+00	7.570836e-02	2.348719e-09	2.109540e-09	2.495446e-13	4.589723e-09	1.457336e-12	
147  0.484444	2.246139e+00	1.164063e-01	1.042482e+00	7.564513e-02	2.349284e-09	2.108911e-09	1.851784e-13	4.586419e-09	1.387723e-12	
214  0.713981	2.245886e+00	1.163628e-01	1.042482e+00	7.559038e-02	2.349147e-09	2.107989e-09	1.949188e-13	4.585502e-09	1.717276e-12	
72  2.00609	2.245842e+00	1.163637e-01	1.042483e+00	7.547562e-02	2.349390e-09	2.108406e-09	2.279859e-13	4.567973e-09	9.941628e-13	
6  3.35771	2.245994e+00	1.163592e-01	1.042485e+00	7.532966e-02	2.350046e-09	2.108683e-09	5.027015e-13	4.564620e-09	2.481354e-12	
14  5.69485	2.246338e+00	1.163331e-01	1.042486e+00	7.533126e-02	2.349219e-09	2.107968e-09	4.284477e-13	4.564078e-09	1.296845e-12	
77  0.931248	2.246501e+00	1.163475e-01	1.042486e+00	7.550401e-02	2.349119e-09	2.108298e-09	1.808454e-13	4.577074e-09	1.069766e-12	
13  5.80475	2.246305e+00	1.163318e-01	1.042484e+00	7.554802e-02	2.348419e-09	2.107013e-09	3.798531e-13	4.583139e-09	1.498611e-12	
3  2.58458	2.246494e+00	1.163338e-01	1.042486e+00	7.558424e-02	2.349154e-09	2.107610e-09	2.548180e-13	4.579769e-09	1.167373e-12	
62  1.98592	2.246672e+00	1.163083e-01	1.042486e+00	7.565684e-02	2.348127e-09	2.107702e-09	1.158020e-13	4.581597e-09	1.165341e-12	
4  1.6651	2.246975e+00	1.162911e-01	1.042487e+00	7.553400e-02	2.349287e-09	2.107658e-09	3.069172e-13	4.592068e-09	2.286607e-12	
84  3.84547	2.247273e+00	1.162634e-01	1.042488e+00	7.551466e-02	2.348966e-09	2.106909e-09	4.202870e-13	4.603573e-09	2.381287e-12	
21  0.818814	2.247404e+00	1.162788e-01	1.042489e+00	7.548138e-02	2.349289e-09	2.107397e-09	1.889873e-13	4.596167e-09	1.679503e-12	
28  0.947572	2.247659e+00	1.162788e-01	1.042491e+00	7.542699e-02	2.349393e-09	2.107570e-09	1.959080e-13	4.619302e-09	1.165643e-12	
20  1.05406	2.247499e+00	1.162507e-01	1.042492e+00	7.544670e-02	2.348432e-09	2.107187e-09	3.007997e-13	4.619347e-09	2.039517e-12	
35  2.52813	2.247549e+00	1.162594e-01	1.042493e+00	7.546350e-02	2.349842e-09	2.107620e-09	3.419235e-13	4.619489e-09	2.613467e-12	
114  0.763983	2.247625e+00	1.162300e-01	1.042489e+00	7.543134e-02	2.349095e-09	2.106921e-09	2.545937e-13	4.624389e-09	1.874665e-12	
50  1.59754	2.247553e+00	1.162142e-01	1.042490e+00	7.560615e-02	2.348746e-09	2.106041e-09	1.920793e-13	4.620552e-09	1.731567e-12	
64  2.41231	2.247315e+00	1.162302e-01	1.042489e+00	7.545329e-02	2.348768e-09	2.107210e-09	2.736737e-13	4.626758e-09	2.409215e-12	
15  0.906411	2.247322e+00	1.162141e-01	1.042487e+00	7.551071e-02	2.347975e-09	2.108332e-09	2.846434e-13	4.621756e-09	1.533570e-12	
17  3.15201	2.246847e+00	1.162284e-01	1.042487e+00	7.562015e-02	2.349160e-09	2.108549e-09	4.402676e-13	4.630313e-09	1.979399e-12	
12  6.15837	2.246857e+00	1.162235e-01	1.042489e+00	7.578845e-02	2.349154e-09	2.108204e-09	5.376593e-13	4.626726e-09	3.190067e-12	
7  1.51146	2.247142e+00	1.162080e-01	1.042486e+00	7.585512e-02	2.349144e-09	2.108671e-09	1.590806e-13	4.623789e-09	1.580732e-12	
79  1.58783	2.247361e+00	1.162128e-01	1.042486e+00	7.582878e-02	2.350040e-09	2.109837e-09	2.429873e-13	4.620482e-09	1.144337e-12	
13  1.66313	2.247538e+00	1.162201e-01	1.042486e+00	7.585106e-02	2.349690e-09	2.110641e-09	2.851085e-13	4.629606e-09	1.969927e-12	
59  2.92136	2.247757e+00	1.162298e-01	1.042490e+00	7.579139e-02	2.350010e-09	2.111566e-09	3.113275e-13	4.625748e-09	1.707431e-12	
26  3.4651	2.247826e+00	1.162207e-01	1.042492e+00	7.588454e-02	2.350756e-09	2.112036e-09	4.840571e-13	4.617166e-09	2.176118e-12	
60  2.13483	2.247953e+00	1.162353e-01	1.042495e+00	7.577385e-02	2.349662e-09	2.109725e-09	4.126393e-13	4.613875e-09	1.882890e-12	
159  1.0184	2.248239e+00	1.161920e-01	1.042498e+00	7.573376e-02	2.352364e-09	2.108998e-09	2.079511e-13	4.601279e-09	1.277878e-12	
42  1.21952	2.248161e+00	1.162125e-01	1.042503e+00	7.573608e-02	2.351951e-09	2.108496e-09	1.772348e-13	4.609270e-09	1.651370e-12	
46  2.05714	2.248626e+00	1.162158e-01	1.042502e+00	7.568522e-02	2.352066e-09	2.109301e-09	2.351684e-13	4.611294e-09	1.165639e-12	
48  2.22254	2.248283e+00	1.162045e-01	1.042502e+00	7.583504e-02	2.351686e-09	2.109695e-09	3.779014e-13	4.621344e-09	1.789366e-12	
125  1.41679	2.248145e+00	1.162133e-01	1.042506e+00	7.583139e-02	2.351810e-09	2.109634e-09	3.163966e-13	4.613555e-09	2.232982e-12	
39  1.31905	2.248130e+00	1.162256e-01	1.042507e+00	7.581499e-02	2.350987e-09	2.109821e-09	3.409536e-13	4.623955e-09	2.144971e-12	
4  2.56564	2.248152e+00	1.162515e-01	1.042514e+00	7.572970e-02	2.350822e-09	2.110124e-09	4.182999e-13	4.629529e-09	2.681498e-12	
23  7.85013	2.247974e+00	1.163015e-01	1.042517e+00	7.579900e-02	2.352333e-09	2.108927e-09	4.257881e-13	4.633830e-09	1.163374e-12	
5  8.38424	2.247968e+00	1.163317e-01	1.042517e+00	7.582636e-02	2.351022e-09	2.108945e-09	6.329430e-13	4.629615e-09	4.244291e-12	
4  10.2466	2.248050e+00	1.163536e-01	1.042522e+00	7.577291e-02	2.350740e-09	2.107975e-09	6.503311e-13	4.630736e-09	4.461540e-12	
1  8.66948	2.248362e+00	1.163868e-01	1.042522e+00	7.572007e-02	2.350111e-09	2.107661e-09	5.392373e-13	4.618866e-09	4.131275e-12	
21  7.96959	2.247853e+00	1.163895e-01	1.042520e+00	7.568893e-02	2.350861e-09	2.106992e-09	5.658986e-13	4.627146e-09	3.442836e-12	
6  6.36158	2.247925e+00	1.164213e-01	1.042525e+00	7.557453e-02	2.349598e-09	2.105856e-09	4.037487e-13	4.630479e-09	3.017599e-12	
63  4.11991	2.248172e+00	1.164090e-01	1.042526e+00	7.559367e-02	2.348190e-09	2.106103e-09	3.678598e-13	4.649090e-09	2.633219e-12	
15  1.44369	2.247826e+00	1.164023e-01	1.042523e+00	7.563211e-02	2.347829e-09	2.107179e-09	1.949257e-13	4.640601e-09	1.271710e-12	
66  3.9979	2.247552e+00	1.163736e-01	1.042525e+00	7.562082e-02	2.348914e-09	2.108642e-09	4.362402e-13	4.620390e-09	1.695505e-12	
158  4.23158	2.247550e+00	1.164127e-01	1.042523e+00	7.554278e-02	2.349709e-09	2.107426e-09	2.979272e-13	4.624058e-09	1.207381e-12	
31  3.94884	2.247326e+00	1.164519e-01	1.042521e+00	7.557981e-02	2.349152e-09	2.108798e-09	3.209716e-13	4.635598e-09	1.123738e-12	
52  1.28382	2.247230e+00	1.164730e-01	1.042524e+00	7.557822e-02	2.348934e-09	2.108868e-09	2.744437e-13	4.632889e-09	2.184409e-12	
21  1.9767	2.247484e+00	1.164825e-01	1.042526e+00	7.550092e-02	2.348812e-09	2.108532e-09	4.167960e-13	4.623412e-09	2.031742e-12	
21  4.6062	2.247553e+00	1.164975e-01	1.042527e+00	7.550941e-02	2.347339e-09	2.109094e-09	6.826017e-13	4.622818e-09	2.472688e-12	
28  7.01933	2.247756e+00	1.165129e-01	1.042528e+00	7.527228e-02	2.346434e-09	2.109565e-09	1.012037e-12	4.622801e-09	3.054173e-12	
6  8.03324	2.247405e+00	1.165262e-01	1.042532e+00	7.521640e-02	2.346110e-09	2.109664e-09	1.098839e-12	4.619422e-09	3.108051e-12	
23  7.32189	2.247377e+00	1.165044e-01	1.042536e+00	7.498210e-02	2.346427e-09	2.109402e-09	8.600632e-13	4.612747e-09	2.470166e-12	
17  3.73501	2.247383e+00	1.165018e-01	1.042539e+00	7.513422e-02	2.347713e-09	2.108287e-09	5.499583e-13	4.628177e-09	3.350876e-12	
23  3.51642	2.247542e+00	1.165168e-01	1.042537e+00	7.503463e-02	2.347538e-09	2.107618e-09	3.299083e-13	4.619604e-09	2.794567e-12	
43  2.75972	2.247524e+00	1.165177e-01	1.042538e+00	7.508841e-02	2.347307e-09	2.108979e-09	3.440301e-13	4.628066e-09	2.027122e-12	
27  2.01513	2.247326e+00	1.165126e-01	1.042531e+00	7.506135e-02	2.347434e-09	2.108270e-09	3.067007e-13	4.638928e-09	1.722060e-12	
11  4.74984	2.247383e+00	1.165169e-01	1.042534e+00	7.489959e-02	2.348412e-09	2.107680e-09	6.071121e-13	4.625149e-09	2.146500e-12	
67  2.59545	2.247486e+00	1.165233e-01	1.042535e+00	7.476567e-02	2.349088e-09	2.107243e-09	4.578805e-13	4.620848e-09	2.397998e-12	
54  2.49803	2.247504e+00	1.165556e-01	1.042534e+00	7.489078e-02	2.349979e-09	2.107661e-09	4.239999e-13	4.627862e-09	2.595448e-12	
313  3.74847	2.247270e+00	1.165683e-01	1.042538e+00	7.478903e-02	2.351046e-09	2.108489e-09	3.404662e-13	4.613323e-09	1.767695e-12	
94  3.79362	2.247187e+00	1.165890e-01	1.042538e+00	7.492377e-02	2.350097e-09	2.108529e-09	5.548741e-13	4.618091e-09	2.394686e-12	
7  4.01433	2.247428e+00	1.165902e-01	1.042538e+00	7.498908e-02	2.350388e-09	2.108783e-09	4.557064e-13	4.621082e-09	1.772679e-12	
7  1.30867	2.247595e+00	1.165571e-01	1.042538e+00	7.517740e-02	2.352020e-09	2.107698e-09	2.885319e-13	4.624217e-09	2.136906e-12	
12  2.38271	2.247360e+00	1.165619e-01	1.042540e+00	7.512671e-02	2.351565e-09	2.108810e-09	3.681284e-13	4.613411e-09	2.425273e-12	
30  3.10665	2.247492e+00	1.165273e-01	1.042541e+00	7.522540e-02	2.352444e-09	2.109645e-09	3.216412e-13	4.619077e-09	1.630824e-12	
8  3.12485	2.247123e+00	1.165220e-01	1.042541e+00	7.529183e-02	2.353751e-09	2.110165e-09	3.576228e-13	4.619097e-09	2.282955e-12	
7  3.29481	2.247117e+00	1.165564e-01	1.042540e+00	7.548977e-02	2.353057e-09	2.111025e-09	3.282348e-13	4.628341e-09	2.118570e-12	
8  1.71836	2.247134e+00	1.165581e-01	1.042543e+00	7.549102e-02	2.352482e-09	2.109867e-09	3.475076e-13	4.621411e-09	2.007653e-12	
56  1.25842	2.247292e+00	1.166026e-01	1.042544e+00	7.552450e-02	2.353280e-09	2.108668e-09	3.087071e-13	4.618902e-09	2.125112e-12	
97  1.61771	2.247366e+00	1.165936e-01	1.042549e+00	7.558954e-02	2.352181e-09	2.108616e-09	3.401019e-13	4.615969e-09	2.394751e-12	
