3  14.8395	2.245660e+00	1.163304e-01	1.042491e+00	7.566239e-02	2.342091e-09	2.107536e-09	2.936498e-13	4.511679e-09	3.791977e-12	
2  13.3478	2.245805e+00	1.163281e-01	1.042491e+00	7.551777e-02	2.343621e-09	2.108620e-09	1.172441e-12	4.494485e-09	3.050803e-12	
11  11.9184	2.245728e+00	1.163175e-01	1.042492e+00	7.529788e-02	2.343841e-09	2.109307e-09	1.131768e-12	4.512006e-09	5.246548e-12	
1  12.3443	2.245909e+00	1.163380e-01	1.042489e+00	7.529499e-02	2.343095e-09	2.110311e-09	1.350382e-12	4.508447e-09	5.333115e-12	
7  13.8773	2.246029e+00	1.163301e-01	1.042486e+00	7.531050e-02	2.342999e-09	2.109884e-09	1.594463e-12	4.508570e-09	3.214960e-12	
14  2.80778	2.246354e+00	1.162872e-01	1.042480e+00	7.549877e-02	2.343017e-09	2.109203e-09	5.541389e-13	4.516721e-09	2.498998e-12	
12  3.18595	2.246944e+00	1.163148e-01	1.042479e+00	7.543901e-02	2.344222e-09	2.107431e-09	1.656257e-13	4.509159e-09	6.832946e-13	
107  1.6121	2.246734e+00	1.163525e-01	1.042484e+00	7.525250e-02	2.344143e-09	2.107795e-09	3.577404e-13	4.502161e-09	1.614794e-12	
17  0.826917	2.246448e+00	1.163510e-01	1.042484e+00	7.527335e-02	2.344577e-09	2.108079e-09	2.020129e-13	4.487219e-09	1.217810e-12	
36  2.60101	2.246678e+00	1.163642e-01	1.042490e+00	7.518142e-02	2.343805e-09	2.108413e-09	5.385154e-13	4.475441e-09	2.519858e-12	
16  3.60611	2.246894e+00	1.163594e-01	1.042491e+00	7.520921e-02	2.343552e-09	2.107349e-09	5.689773e-13	4.469050e-09	2.935793e-12	
23  3.37996	2.246824e+00	1.164106e-01	1.042492e+00	7.526250e-02	2.343984e-09	2.107282e-09	5.274088e-13	4.475976e-09	2.491416e-12	
143  1.36081	2.247168e+00	1.164008e-01	1.042492e+00	7.510597e-02	2.344017e-09	2.107091e-09	2.457462e-13	4.472854e-09	2.124730e-12	
183  1.24283	2.247658e+00	1.164036e-01	1.042493e+00	7.512011e-02	2.343446e-09	2.107034e-09	2.467262e-13	4.462983e-09	1.289809e-12	
12  2.68831	2.247811e+00	1.163672e-01	1.042491e+00	7.531444e-02	2.342871e-09	2.107695e-09	3.848017e-13	4.454336e-09	1.517311e-12	
57  2.95961	2.247389e+00	1.163754e-01	1.042495e+00	7.534908e-02	2.344279e-09	2.108386e-09	5.609974e-13	4.453496e-09	2.998911e-12	
2  1.85641	2.247136e+00	1.163783e-01	1.042499e+00	7.541828e-02	2.344133e-09	2.106611e-09	3.068806e-13	4.459141e-09	2.085809e-12	
35  3.63825	2.246974e+00	1.163705e-01	1.042503e+00	7.555444e-02	2.344771e-09	2.106726e-09	1.805914e-13	4.454705e-09	2.174471e-12	
78  3.36903	2.246988e+00	1.163385e-01	1.042505e+00	7.559812e-02	2.344871e-09	2.108473e-09	3.266416e-13	4.450783e-09	1.343856e-12	
44  1.70486	2.246960e+00	1.163484e-01	1.042502e+00	7.550567e-02	2.343285e-09	2.107677e-09	1.651048e-13	4.450695e-09	9.892563e-13	
23  1.04493	2.247225e+00	1.163814e-01	1.042502e+00	7.541037e-02	2.342571e-09	2.107488e-09	1.590787e-13	4.453288e-09	1.290667e-12	
108  1.44332	2.247242e+00	1.163734e-01	1.042504e+00	7.558085e-02	2.342756e-09	2.107854e-09	3.438947e-13	4.466248e-09	2.437118e-12	
9  2.90376	2.247039e+00	1.163532e-01	1.042504e+00	7.552870e-02	2.342287e-09	2.107327e-09	4.184269e-13	4.462004e-09	2.666347e-12	
67  2.04267	2.247553e+00	1.163652e-01	1.042503e+00	7.546744e-02	2.343103e-09	2.107393e-09	3.627434e-13	4.458345e-09	1.909605e-12	
43  3.46432	2.247587e+00	1.163311e-01	1.042502e+00	7.559184e-02	2.341704e-09	2.106788e-09	2.704030e-13	4.456704e-09	1.357607e-12	
103  2.96789	2.247252e+00	1.163416e-01	1.042502e+00	7.561389e-02	2.340662e-09	2.106290e-09	2.614805e-13	4.448419e-09	1.700697e-12	
7  6.42402	2.247167e+00	1.163718e-01	1.042500e+00	7.545814e-02	2.341126e-09	2.107833e-09	7.465854e-13	4.446270e-09	2.731212e-12	
16  2.75281	2.247276e+00	1.163481e-01	1.042499e+00	7.564600e-02	2.341959e-09	2.108991e-09	3.167438e-13	4.437279e-09	2.794004e-12	
55  1.63177	2.247147e+00	1.163829e-01	1.042504e+00	7.578664e-02	2.341797e-09	2.110544e-09	4.786845e-13	4.440552e-09	2.794176e-12	
30  1.84978	2.246776e+00	1.163899e-01	1.042503e+00	7.577021e-02	2.341882e-09	2.110545e-09	2.415949e-13	4.451718e-09	2.047963e-12	
64  0.907374	2.246576e+00	1.163911e-01	1.042503e+00	7.573005e-02	2.343052e-09	2.110186e-09	3.522151e-13	4.451524e-09	1.831830e-12	
147  1.60705	2.246685e+00	1.163804e-01	1.042503e+00	7.567561e-02	2.342460e-09	2.111093e-09	4.221229e-13	4.453614e-09	2.379566e-12	
6  1.0308	2.246579e+00	1.164054e-01	1.042503e+00	7.581883e-02	2.342164e-09	2.111268e-09	3.423538e-13	4.446557e-09	1.852756e-12	
68  2.62542	2.246313e+00	1.164182e-01	1.042501e+00	7.596337e-02	2.342351e-09	2.110776e-09	5.564294e-13	4.443780e-09	2.517902e-12	
17  1.22644	2.246677e+00	1.164008e-01	1.042500e+00	7.597866e-02	2.343744e-09	2.110419e-09	3.836009e-13	4.452212e-09	2.005658e-12	
5  1.43869	2.246482e+00	1.164401e-01	1.042499e+00	7.611656e-02	2.343932e-09	2.111040e-09	3.474089e-13	4.462632e-09	2.587422e-12	
152  0.505933	2.246295e+00	1.164566e-01	1.042495e+00	7.603302e-02	2.343379e-09	2.110505e-09	2.209552e-13	4.471724e-09	1.456168e-12	
13  1.73623	2.246455e+00	1.164160e-01	1.042493e+00	7.601873e-02	2.344284e-09	2.109768e-09	3.410216e-13	4.465814e-09	2.515102e-12	
79  1.90688	2.246071e+00	1.163939e-01	1.042495e+00	7.598083e-02	2.343784e-09	2.110845e-09	4.640286e-13	4.459465e-09	2.733039e-12	
13  3.07883	2.245967e+00	1.164356e-01	1.042492e+00	7.584871e-02	2.342600e-09	2.110233e-09	5.468668e-13	4.443586e-09	2.295234e-12	
54  3.72804	2.246401e+00	1.164515e-01	1.042496e+00	7.575987e-02	2.342695e-09	2.110048e-09	6.451504e-13	4.447405e-09	2.565057e-12	
37  5.587	2.246705e+00	1.164300e-01	1.042492e+00	7.549622e-02	2.341604e-09	2.109524e-09	3.520737e-13	4.436347e-09	3.222376e-12	
6  5.64977	2.247101e+00	1.164419e-01	1.042493e+00	7.548058e-02	2.340296e-09	2.109423e-09	7.504073e-13	4.447089e-09	4.255085e-12	
47  2.37717	2.246947e+00	1.164233e-01	1.042492e+00	7.561532e-02	2.340613e-09	2.110139e-09	4.856940e-13	4.452497e-09	1.801464e-12	
13  1.84132	2.247185e+00	1.164619e-01	1.042492e+00	7.563964e-02	2.339944e-09	2.110991e-09	4.549644e-13	4.438482e-09	2.016884e-12	
47  2.55042	2.246982e+00	1.164958e-01	1.042490e+00	7.566343e-02	2.339564e-09	2.111167e-09	3.246527e-13	4.438767e-09	2.149597e-12	
53  3.7986	2.247118e+00	1.164888e-01	1.042491e+00	7.583390e-02	2.340791e-09	2.111375e-09	2.067619e-13	4.441492e-09	1.662115e-12	
10  3.01679	2.247207e+00	1.164790e-01	1.042487e+00	7.580603e-02	2.339525e-09	2.111477e-09	3.473667e-13	4.450942e-09	1.289844e-12	
59  2.25032	2.247205e+00	1.164599e-01	1.042486e+00	7.583542e-02	2.340508e-09	2.111770e-09	3.741261e-13	4.450495e-09	2.308058e-12	
21  1.08516	2.247053e+00	1.164465e-01	1.042487e+00	7.599416e-02	2.340330e-09	2.111406e-09	3.363754e-13	4.449345e-09	1.651587e-12	
1  0.735282	2.247151e+00	1.164582e-01	1.042485e+00	7.595290e-02	2.340834e-09	2.111065e-09	3.534388e-13	4.451916e-09	1.919789e-12	
37  0.893237	2.247076e+00	1.164259e-01	1.042485e+00	7.589113e-02	2.340255e-09	2.110663e-09	3.614152e-13	4.448781e-09	1.755416e-12	
78  1.99269	2.246725e+00	1.164182e-01	1.042487e+00	7.582191e-02	2.340970e-09	2.111704e-09	4.615162e-13	4.440040e-09	2.652052e-12	
15  1.82416	2.246526e+00	1.163824e-01	1.042488e+00	7.578917e-02	2.340709e-09	2.110631e-09	2.191913e-13	4.433239e-09	1.141696e-12	
38  0.791297	2.246800e+00	1.163943e-01	1.042487e+00	7.570421e-02	2.339005e-09	2.110165e-09	3.912638e-13	4.437010e-09	2.253657e-12	
18  0.898353	2.247038e+00	1.163901e-01	1.042487e+00	7.575399e-02	2.340117e-09	2.109962e-09	3.336055e-13	4.435085e-09	1.645496e-12	
30  0.812652	2.246841e+00	1.164084e-01	1.042486e+00	7.565451e-02	2.338673e-09	2.109249e-09	3.249944e-13	4.441714e-09	1.632473e-12	
3  0.682238	2.246898e+00	1.163989e-01	1.042483e+00	7.568238e-02	2.338544e-09	2.109872e-09	3.028202e-13	4.432105e-09	1.685858e-12	
104  0.428008	2.246680e+00	1.164107e-01	1.042484e+00	7.553085e-02	2.339108e-09	2.108709e-09	3.080723e-13	4.423897e-09	1.763761e-12	
123  0.843824	2.247002e+00	1.163959e-01	1.042487e+00	7.552671e-02	2.339273e-09	2.108182e-09	3.432630e-13	4.439710e-09	1.857451e-12	
16  2.64213	2.246899e+00	1.163863e-01	1.042487e+00	7.549612e-02	2.338883e-09	2.108923e-09	3.834944e-13	4.438109e-09	2.945632e-12	
21  3.7268	2.247170e+00	1.163455e-01	1.042487e+00	7.538567e-02	2.338647e-09	2.108778e-09	7.388974e-13	4.443835e-09	3.332936e-12	
9  3.3942	2.247241e+00	1.163544e-01	1.042493e+00	7.543829e-02	2.337040e-09	2.108415e-09	4.718005e-13	4.429303e-09	1.611831e-12	
29  1.07219	2.246992e+00	1.163375e-01	1.042496e+00	7.561592e-02	2.335339e-09	2.107935e-09	3.657930e-13	4.439562e-09	2.387779e-12	
4  2.24848	2.247528e+00	1.163299e-01	1.042498e+00	7.579470e-02	2.335913e-09	2.108689e-09	3.564014e-13	4.433209e-09	1.589905e-12	
46  2.9303	2.247998e+00	1.163200e-01	1.042495e+00	7.570762e-02	2.334855e-09	2.108539e-09	6.114761e-13	4.431033e-09	3.265770e-12	
14  1.42866	2.247780e+00	1.163372e-01	1.042492e+00	7.575364e-02	2.335168e-09	2.107323e-09	2.348175e-13	4.434833e-09	1.887590e-12	
29  2.19759	2.247477e+00	1.163683e-01	1.042497e+00	7.571272e-02	2.336379e-09	2.107419e-09	3.217079e-13	4.439419e-09	2.548828e-12	
26  0.857664	2.247716e+00	1.163433e-01	1.042493e+00	7.569066e-02	2.336006e-09	2.108431e-09	3.637862e-13	4.432807e-09	2.269691e-12	
10  0.969368	2.247907e+00	1.163440e-01	1.042492e+00	7.570398e-02	2.336911e-09	2.108180e-09	3.496828e-13	4.444405e-09	2.255477e-12	
6  1.67765	2.247643e+00	1.163158e-01	1.042491e+00	7.575532e-02	2.337526e-09	2.108740e-09	2.639230e-13	4.434483e-09	1.290875e-12	
64  1.58718	2.247600e+00	1.162975e-01	1.042489e+00	7.558515e-02	2.337249e-09	2.108566e-09	2.966976e-13	4.424263e-09	1.378176e-12	
2  2.59266	2.247497e+00	1.162951e-01	1.042489e+00	7.547662e-02	2.337580e-09	2.108428e-09	4.929647e-13	4.417757e-09	3.180933e-12	
3  2.50437	2.247763e+00	1.163417e-01	1.042491e+00	7.544233e-02	2.337613e-09	2.108631e-09	3.517222e-13	4.414662e-09	2.786294e-12	
9  1.38839	2.247890e+00	1.163488e-01	1.042488e+00	7.538687e-02	2.337356e-09	2.107813e-09	3.678555e-13	4.413991e-09	2.600936e-12	
28  1.52094	2.247752e+00	1.163512e-01	1.042487e+00	7.552933e-02	2.337298e-09	2.109294e-09	2.429128e-13	4.410266e-09	1.533636e-12	
31  1.57404	2.247748e+00	1.163754e-01	1.042484e+00	7.543630e-02	2.336666e-09	2.109168e-09	4.948245e-13	4.400757e-09	2.717292e-12	
17  0.822149	2.247338e+00	1.163436e-01	1.042485e+00	7.549428e-02	2.337468e-09	2.109053e-09	2.905266e-13	4.397948e-09	1.981178e-12	
120  0.994165	2.247362e+00	1.163141e-01	1.042486e+00	7.546055e-02	2.337768e-09	2.109256e-09	3.481270e-13	4.393824e-09	1.815612e-12	
15  1.41916	2.247240e+00	1.163376e-01	1.042483e+00	7.542881e-02	2.337697e-09	2.108502e-09	2.545084e-13	4.391508e-09	1.263274e-12	
4  2.06812	2.247173e+00	1.163160e-01	1.042480e+00	7.553493e-02	2.336816e-09	2.108469e-09	4.767390e-13	4.383916e-09	2.935038e-12	
16  3.16616	2.246911e+00	1.162944e-01	1.042481e+00	7.553639e-02	2.336805e-09	2.108395e-09	5.958887e-13	4.378007e-09	2.883704e-12	
27  2.14658	2.247166e+00	1.163263e-01	1.042480e+00	7.568116e-02	2.336447e-09	2.108803e-09	3.794042e-13	4.371443e-09	2.852714e-12	
81  1.44178	2.247183e+00	1.163039e-01	1.042478e+00	7.569140e-02	2.336276e-09	2.108483e-09	2.978024e-13	4.370105e-09	1.484742e-12	
66  1.94462	2.247144e+00	1.163087e-01	1.042478e+00	7.557303e-02	2.335856e-09	2.107592e-09	2.443745e-13	4.383785e-09	1.210873e-12	
141  1.79081	2.247190e+00	1.162985e-01	1.042474e+00	7.560510e-02	2.336908e-09	2.106447e-09	2.312770e-13	4.400100e-09	1.611654e-12	
56  1.57357	2.247419e+00	1.162311e-01	1.042476e+00	7.568080e-02	2.336069e-09	2.107664e-09	1.601679e-13	4.401889e-09	1.094595e-12	
89  1.45834	2.247696e+00	1.162194e-01	1.042477e+00	7.570331e-02	2.335738e-09	2.107612e-09	2.120891e-13	4.409725e-09	1.919226e-12	
5  2.97946	2.247450e+00	1.162067e-01	1.042475e+00	7.586867e-02	2.336117e-09	2.109060e-09	5.309555e-13	4.411350e-09	2.322053e-12	
13  1.92577	2.248005e+00	1.162153e-01	1.042475e+00	7.580291e-02	2.335912e-09	2.109595e-09	5.296712e-13	4.422666e-09	2.844198e-12	
97  2.78391	2.248281e+00	1.162641e-01	1.042476e+00	7.556185e-02	2.337437e-09	2.110645e-09	5.207768e-13	4.418792e-09	2.586170e-12	
14  3.31201	2.248130e+00	1.162706e-01	1.042476e+00	7.540861e-02	2.337714e-09	2.110152e-09	5.293813e-13	4.408044e-09	2.874849e-12	
5  5.07335	2.247878e+00	1.162986e-01	1.042477e+00	7.544453e-02	2.337785e-09	2.110270e-09	5.883417e-13	4.426835e-09	3.564347e-12	
127  1.91123	2.247947e+00	1.162968e-01	1.042477e+00	7.548362e-02	2.337600e-09	2.109387e-09	3.927126e-13	4.433483e-09	2.517541e-12	
5  3.55692	2.248092e+00	1.163064e-01	1.042480e+00	7.543567e-02	2.336905e-09	2.109811e-09	6.758368e-13	4.442816e-09	2.194096e-12	
12  3.22384	2.248068e+00	1.163135e-01	1.042480e+00	7.541558e-02	2.336372e-09	2.109412e-09	7.506451e-13	4.440073e-09	2.836060e-12	
1  4.21024	2.248233e+00	1.163074e-01	1.042483e+00	7.545974e-02	2.337902e-09	2.109496e-09	5.542176e-13	4.434632e-09	3.522911e-12	
13  4.98523	2.248286e+00	1.163289e-01	1.042484e+00	7.556287e-02	2.338705e-09	2.109739e-09	6.597437e-13	4.440770e-09	3.945497e-12	
21  3.9682	2.248426e+00	1.163489e-01	1.042482e+00	7.561151e-02	2.338024e-09	2.110687e-09	4.130363e-13	4.440403e-09	2.783566e-12	
2  4.7601	2.248764e+00	1.163558e-01	1.042478e+00	7.552041e-02	2.337207e-09	2.111150e-09	5.701039e-13	4.439034e-09	2.967787e-12	
17  2.44557	2.248207e+00	1.163487e-01	1.042481e+00	7.566526e-02	2.336448e-09	2.109929e-09	2.908401e-13	4.421184e-09	1.301240e-12	
6  5.26582	2.247882e+00	1.163075e-01	1.042479e+00	7.574113e-02	2.338226e-09	2.109819e-09	9.265055e-13	4.416350e-09	3.857654e-12	
19  2.93364	2.248250e+00	1.162745e-01	1.042479e+00	7.564726e-02	2.336859e-09	2.109196e-09	5.358227e-13	4.402623e-09	1.908299e-12	
2  4.21928	2.248035e+00	1.162968e-01	1.042474e+00	7.562655e-02	2.336666e-09	2.110719e-09	6.425074e-13	4.402353e-09	3.554348e-12	
25  5.93294	2.247740e+00	1.163071e-01	1.042472e+00	7.562552e-02	2.337947e-09	2.111608e-09	3.638030e-13	4.414808e-09	2.634749e-12	
9  7.18377	2.247466e+00	1.162659e-01	1.042474e+00	7.551980e-02	2.337441e-09	2.111682e-09	1.148039e-12	4.417912e-09	3.376124e-12	
41  5.60375	2.247068e+00	1.162453e-01	1.042475e+00	7.563236e-02	2.338731e-09	2.111887e-09	4.773149e-13	4.420363e-09	1.256175e-12	
4  5.68657	2.247049e+00	1.162970e-01	1.042476e+00	7.575956e-02	2.338940e-09	2.110917e-09	1.893486e-13	4.411442e-09	1.909961e-12	
4  5.29954	2.246870e+00	1.162592e-01	1.042476e+00	7.546059e-02	2.340713e-09	2.110824e-09	4.448983e-13	4.406906e-09	3.139477e-12	
22  4.81883	2.246621e+00	1.162728e-01	1.042472e+00	7.531800e-02	2.340252e-09	2.109701e-09	4.472043e-13	4.398082e-09	1.194490e-12	
151  1.07133	2.246433e+00	1.162948e-01	1.042474e+00	7.550191e-02	2.340111e-09	2.109937e-09	3.578907e-13	4.388819e-09	2.132759e-12	
19  1.11185	2.246044e+00	1.163149e-01	1.042475e+00	7.557542e-02	2.340539e-09	2.109051e-09	3.306908e-13	4.393538e-09	1.637791e-12	
265  1.59283	2.246066e+00	1.163189e-01	1.042475e+00	7.569314e-02	2.341157e-09	2.107987e-09	1.161691e-13	4.399129e-09	1.099910e-12	
315  0.670136	2.246281e+00	1.163233e-01	1.042475e+00	7.557339e-02	2.342162e-09	2.108365e-09	1.798925e-13	4.399615e-09	1.136672e-12	
62  0.859978	2.245997e+00	1.162875e-01	1.042471e+00	7.562246e-02	2.342786e-09	2.108910e-09	2.209059e-13	4.405267e-09	1.189320e-12	
15  2.18134	2.246183e+00	1.163022e-01	1.042470e+00	7.570341e-02	2.342257e-09	2.110161e-09	1.839861e-13	4.404604e-09	1.710998e-12	
33  2.50197	2.246394e+00	1.163601e-01	1.042469e+00	7.566643e-02	2.341640e-09	2.110107e-09	3.452740e-13	4.405284e-09	1.221363e-12	
11  1.40922	2.246479e+00	1.163786e-01	1.042471e+00	7.580802e-02	2.342757e-09	2.110072e-09	4.235931e-13	4.407901e-09	2.043451e-12	
21  0.516751	2.246793e+00	1.164004e-01	1.042474e+00	7.567213e-02	2.344832e-09	2.109829e-09	2.733742e-13	4.411793e-09	1.906349e-12	
58  2.68336	2.246629e+00	1.164248e-01	1.042477e+00	7.546901e-02	2.344503e-09	2.110594e-09	2.923347e-13	4.412259e-09	1.197474e-12	
17  4.14471	2.246491e+00	1.164391e-01	1.042477e+00	7.556629e-02	2.344548e-09	2.109062e-09	3.006739e-13	4.413909e-09	9.177456e-13	
58  3.79146	2.246626e+00	1.164341e-01	1.042480e+00	7.557506e-02	2.344944e-09	2.108107e-09	4.865339e-13	4.406720e-09	2.421282e-12	
104  1.05762	2.246449e+00	1.164261e-01	1.042484e+00	7.562099e-02	2.344634e-09	2.107565e-09	2.242041e-13	4.403991e-09	1.630410e-12	
164  0.802951	2.246517e+00	1.164779e-01	1.042482e+00	7.564069e-02	2.343499e-09	2.107903e-09	2.117639e-13	4.391094e-09	1.737149e-12	
7  1.39049	2.246468e+00	1.164754e-01	1.042480e+00	7.562709e-02	2.343225e-09	2.109083e-09	3.131211e-13	4.404353e-09	2.442186e-12	
25  1.41381	2.246059e+00	1.164594e-01	1.042477e+00	7.546561e-02	2.343547e-09	2.109489e-09	3.956476e-13	4.398279e-09	2.544613e-12	
28  2.92435	2.245962e+00	1.164774e-01	1.042477e+00	7.551903e-02	2.342238e-09	2.110151e-09	6.409752e-13	4.419371e-09	2.594756e-12	
43  0.344553	2.245891e+00	1.164580e-01	1.042481e+00	7.560102e-02	2.341898e-09	2.108952e-09	2.898186e-13	4.404439e-09	1.934793e-12	
39  1.7714	2.245575e+00	1.164961e-01	1.042479e+00	7.556530e-02	2.341571e-09	2.110170e-09	4.490076e-13	4.407981e-09	1.852139e-12	
66  1.42239	2.245893e+00	1.164731e-01	1.042478e+00	7.568022e-02	2.342411e-09	2.110181e-09	3.283645e-13	4.412470e-09	1.416602e-12	
14  1.48432	2.246023e+00	1.164973e-01	1.042477e+00	7.582043e-02	2.341661e-09	2.110387e-09	4.632151e-13	4.404326e-09	2.153930e-12	
25  2.36942	2.246394e+00	1.164893e-01	1.042476e+00	7.573747e-02	2.340484e-09	2.111066e-09	5.149701e-13	4.399833e-09	3.033076e-12	
3  7.31564	2.246882e+00	1.164566e-01	1.042472e+00	7.582969e-02	2.340260e-09	2.111442e-09	4.416316e-13	4.392267e-09	3.664678e-12	
1  6.57836	2.246876e+00	1.164780e-01	1.042472e+00	7.583959e-02	2.342186e-09	2.111912e-09	1.135021e-12	4.387883e-09	3.057437e-12	
24  5.54053	2.247074e+00	1.164993e-01	1.042473e+00	7.555730e-02	2.342532e-09	2.111229e-09	7.367301e-13	4.386080e-09	3.960357e-12	
10  2.48806	2.247328e+00	1.165623e-01	1.042472e+00	7.551641e-02	2.342301e-09	2.110639e-09	5.560583e-13	4.384023e-09	2.939736e-12	
124  0.684289	2.247145e+00	1.165274e-01	1.042469e+00	7.547312e-02	2.342024e-09	2.109179e-09	2.763913e-13	4.388323e-09	1.611981e-12	
84  1.11617	2.247523e+00	1.165532e-01	1.042465e+00	7.561169e-02	2.342138e-09	2.109919e-09	4.566615e-13	4.391945e-09	2.357823e-12	
43  0.871427	2.247600e+00	1.165863e-01	1.042462e+00	7.549477e-02	2.342242e-09	2.109131e-09	4.041294e-13	4.398796e-09	2.004611e-12	
69  0.786839	2.247860e+00	1.165543e-01	1.042463e+00	7.564860e-02	2.342409e-09	2.108979e-09	3.633469e-13	4.405079e-09	2.054251e-12	
58  0.884467	2.247685e+00	1.165350e-01	1.042462e+00	7.560359e-02	2.342143e-09	2.109689e-09	4.044586e-13	4.391022e-09	2.179085e-12	
9  1.0482	2.247721e+00	1.165707e-01	1.042461e+00	7.562420e-02	2.342042e-09	2.110050e-09	3.628412e-13	4.388634e-09	2.088269e-12	
4  1.12394	2.247963e+00	1.165702e-01	1.042462e+00	7.557573e-02	2.340290e-09	2.109842e-09	4.088280e-13	4.387389e-09	2.047521e-12	
59  1.66503	2.248290e+00	1.165835e-01	1.042458e+00	7.547551e-02	2.340717e-09	2.109377e-09	5.259467e-13	4.392941e-09	2.640252e-12	
1  1.43502	2.247960e+00	1.165930e-01	1.042453e+00	7.557048e-02	2.341345e-09	2.109033e-09	2.900032e-13	4.383886e-09	1.338417e-12	
54  2.18444	2.247723e+00	1.165834e-01	1.042447e+00	7.544936e-02	2.341234e-09	2.110025e-09	6.119320e-13	4.383756e-09	2.209167e-12	
29  5.3828	2.247835e+00	1.165882e-01	1.042450e+00	7.534589e-02	2.342493e-09	2.110826e-09	2.556356e-13	4.380241e-09	1.132539e-12	
12  2.24729	2.247842e+00	1.166312e-01	1.042451e+00	7.528510e-02	2.342421e-09	2.110029e-09	4.772617e-13	4.373332e-09	1.986658e-12	
10  3.72911	2.248084e+00	1.166474e-01	1.042451e+00	7.537329e-02	2.342672e-09	2.108543e-09	1.598179e-13	4.368594e-09	1.047875e-12	
1  1.22358	2.248031e+00	1.166777e-01	1.042450e+00	7.532830e-02	2.343888e-09	2.108540e-09	4.178683e-13	4.376467e-09	1.847930e-12	
17  2.33798	2.248083e+00	1.166857e-01	1.042447e+00	7.525174e-02	2.345129e-09	2.108778e-09	5.507192e-13	4.372978e-09	2.894174e-12	
4  3.13668	2.247738e+00	1.166722e-01	1.042445e+00	7.518924e-02	2.345538e-09	2.107939e-09	5.981886e-13	4.378721e-09	3.169129e-12	
10  3.88461	2.248032e+00	1.167022e-01	1.042448e+00	7.536948e-02	2.345367e-09	2.108296e-09	5.388210e-13	4.378549e-09	3.380987e-12	
50  3.49905	2.248312e+00	1.166985e-01	1.042447e+00	7.546796e-02	2.343167e-09	2.107458e-09	5.825428e-13	4.370652e-09	2.701115e-12	
1  3.45279	2.248295e+00	1.167097e-01	1.042448e+00	7.539278e-02	2.341977e-09	2.108536e-09	4.919146e-13	4.361088e-09	3.213679e-12	
10  3.30939	2.248578e+00	1.167004e-01	1.042446e+00	7.549978e-02	2.342345e-09	2.108941e-09	3.186305e-13	4.362248e-09	2.473189e-12	
2  3.3435	2.248535e+00	1.166730e-01	1.042447e+00	7.545526e-02	2.342574e-09	2.108108e-09	6.668155e-13	4.369815e-09	2.491459e-12	
19  1.2698	2.248275e+00	1.166615e-01	1.042447e+00	7.532784e-02	2.343187e-09	2.108826e-09	4.255281e-13	4.376345e-09	2.232017e-12	
55  2.32383	2.248155e+00	1.166673e-01	1.042451e+00	7.524041e-02	2.343011e-09	2.108846e-09	2.604615e-13	4.371452e-09	1.667384e-12	
17  2.46095	2.248387e+00	1.166670e-01	1.042453e+00	7.520217e-02	2.343150e-09	2.109572e-09	3.980172e-13	4.369153e-09	2.005373e-12	
9  3.76365	2.247996e+00	1.166579e-01	1.042453e+00	7.520736e-02	2.342890e-09	2.109054e-09	2.992663e-13	4.381288e-09	2.264968e-12	
10  3.60211	2.247814e+00	1.166553e-01	1.042453e+00	7.531674e-02	2.341831e-09	2.109814e-09	8.139919e-13	4.382010e-09	2.455678e-12	
18  2.94234	2.247747e+00	1.166566e-01	1.042456e+00	7.524011e-02	2.341209e-09	2.109418e-09	5.019214e-13	4.381272e-09	1.543577e-12	
4  3.82344	2.247546e+00	1.166803e-01	1.042455e+00	7.517539e-02	2.340262e-09	2.110221e-09	8.096153e-13	4.370043e-09	2.621788e-12	
20  4.32154	2.247586e+00	1.167079e-01	1.042458e+00	7.497270e-02	2.338411e-09	2.109321e-09	8.411001e-13	4.379124e-09	3.411109e-12	
24  5.02157	2.247430e+00	1.167163e-01	1.042458e+00	7.483192e-02	2.338414e-09	2.109255e-09	9.510361e-13	4.382233e-09	3.219060e-12	
28  5.02406	2.247471e+00	1.166932e-01	1.042457e+00	7.463994e-02	2.340627e-09	2.108424e-09	7.060263e-13	4.388186e-09	3.312993e-12	
18  6.58602	2.248011e+00	1.166504e-01	1.042460e+00	7.473325e-02	2.340801e-09	2.108918e-09	6.388687e-13	4.380339e-09	3.488170e-12	
1  6.29044	2.248271e+00	1.166767e-01	1.042457e+00	7.471062e-02	2.340411e-09	2.108902e-09	9.004413e-13	4.382764e-09	3.667878e-12	
45  5.72878	2.248425e+00	1.167054e-01	1.042458e+00	7.478891e-02	2.337916e-09	2.108786e-09	9.414637e-13	4.389177e-09	3.756724e-12	
11  4.55998	2.248130e+00	1.166879e-01	1.042455e+00	7.493958e-02	2.336010e-09	2.108269e-09	8.275950e-13	4.390719e-09	3.830919e-12	
46  3.54318	2.248245e+00	1.166761e-01	1.042456e+00	7.498787e-02	2.336938e-09	2.108335e-09	6.685909e-13	4.391909e-09	3.318493e-12	
53  2.36638	2.248509e+00	1.166791e-01	1.042457e+00	7.509364e-02	2.337422e-09	2.107372e-09	5.902145e-13	4.390477e-09	3.079162e-12	
6  3.84524	2.248551e+00	1.166702e-01	1.042454e+00	7.504608e-02	2.335620e-09	2.108075e-09	9.121784e-13	4.379893e-09	3.671593e-12	
6  3.09666	2.248383e+00	1.166569e-01	1.042452e+00	7.500500e-02	2.335240e-09	2.108041e-09	6.030811e-13	4.391102e-09	1.782024e-12	
38  3.18081	2.248344e+00	1.166783e-01	1.042453e+00	7.481318e-02	2.335950e-09	2.107829e-09	4.260387e-13	4.386826e-09	1.617891e-12	
15  3.98247	2.248631e+00	1.166587e-01	1.042453e+00	7.483179e-02	2.337394e-09	2.105733e-09	3.642569e-13	4.392874e-09	2.878394e-12	
47  2.96706	2.248395e+00	1.166418e-01	1.042454e+00	7.502187e-02	2.337407e-09	2.105251e-09	5.376471e-13	4.404398e-09	2.679088e-12	
5  6.90872	2.248208e+00	1.166020e-01	1.042456e+00	7.488810e-02	2.336470e-09	2.104108e-09	5.552105e-13	4.410170e-09	1.661440e-12	
1  6.53179	2.247950e+00	1.165781e-01	1.042459e+00	7.491969e-02	2.337392e-09	2.104299e-09	7.023233e-13	4.415733e-09	2.734232e-12	
2  5.02552	2.248163e+00	1.165845e-01	1.042460e+00	7.477844e-02	2.337000e-09	2.104024e-09	6.494162e-13	4.398830e-09	2.831443e-12	
30  3.56187	2.247977e+00	1.165520e-01	1.042459e+00	7.471241e-02	2.337227e-09	2.103354e-09	3.672136e-13	4.395900e-09	2.754560e-12	
32  1.66991	2.247630e+00	1.165579e-01	1.042460e+00	7.453737e-02	2.336258e-09	2.103614e-09	3.677653e-13	4.401590e-09	2.437055e-12	
28  4.07171	2.247423e+00	1.166225e-01	1.042463e+00	7.446715e-02	2.335848e-09	2.103272e-09	6.013395e-13	4.393334e-09	3.033479e-12	
20  1.85422	2.247359e+00	1.166291e-01	1.042464e+00	7.444242e-02	2.335875e-09	2.103539e-09	2.753433e-13	4.396743e-09	1.304430e-12	
54  1.6861	2.247724e+00	1.165901e-01	1.042467e+00	7.442816e-02	2.336515e-09	2.103763e-09	2.652743e-13	4.398329e-09	2.149629e-12	
29  1.39669	2.247620e+00	1.165894e-01	1.042470e+00	7.437755e-02	2.337002e-09	2.102643e-09	3.022736e-13	4.399226e-09	1.887196e-12	
24  5.46029	2.247701e+00	1.165960e-01	1.042470e+00	7.444021e-02	2.335788e-09	2.101618e-09	2.417953e-13	4.407071e-09	2.555396e-12	
1  2.31124	2.247681e+00	1.165758e-01	1.042470e+00	7.446591e-02	2.335801e-09	2.102983e-09	3.337380e-13	4.417473e-09	1.585465e-12	
96  2.42012	2.247755e+00	1.166081e-01	1.042466e+00	7.450425e-02	2.335860e-09	2.103088e-09	3.153070e-13	4.411901e-09	1.473991e-12	
14  2.58793	2.247617e+00	1.166069e-01	1.042470e+00	7.453064e-02	2.337163e-09	2.104741e-09	4.029528e-13	4.425603e-09	1.446149e-12	
3  3.03675	2.247505e+00	1.165792e-01	1.042472e+00	7.437737e-02	2.337282e-09	2.103299e-09	5.452086e-13	4.422512e-09	2.906876e-12	
6  4.92857	2.247418e+00	1.165726e-01	1.042469e+00	7.453425e-02	2.336724e-09	2.104041e-09	7.434133e-13	4.425750e-09	2.882502e-12	
2  2.58617	2.247647e+00	1.165825e-01	1.042468e+00	7.460522e-02	2.335645e-09	2.104410e-09	5.820453e-13	4.430654e-09	2.915834e-12	
2  3.09361	2.247581e+00	1.165701e-01	1.042468e+00	7.453450e-02	2.336161e-09	2.104331e-09	3.945946e-13	4.438779e-09	1.349325e-12	
114  1.86642	2.247604e+00	1.165729e-01	1.042468e+00	7.449485e-02	2.336580e-09	2.103412e-09	4.259020e-13	4.446908e-09	2.492929e-12	
7  1.59216	2.247612e+00	1.165557e-01	1.042465e+00	7.450274e-02	2.336385e-09	2.103402e-09	2.210910e-13	4.440205e-09	1.865736e-12	
70  1.81038	2.247488e+00	1.165440e-01	1.042465e+00	7.445878e-02	2.336370e-09	2.103047e-09	2.618923e-13	4.449581e-09	1.288329e-12	
3  4.05754	2.247359e+00	1.165616e-01	1.042465e+00	7.433830e-02	2.335272e-09	2.104091e-09	6.298114e-13	4.445711e-09	3.646564e-12	
4  2.14436	2.247079e+00	1.165572e-01	1.042461e+00	7.434930e-02	2.334893e-09	2.103541e-09	5.359203e-13	4.456116e-09	2.463361e-12	
49  1.57884	2.247456e+00	1.165168e-01	1.042464e+00	7.411687e-02	2.336243e-09	2.103565e-09	4.056906e-13	4.455335e-09	2.486486e-12	
5  1.1554	2.247524e+00	1.164879e-01	1.042466e+00	7.415224e-02	2.337270e-09	2.103824e-09	3.815881e-13	4.446641e-09	2.156852e-12	
7  2.38187	2.247572e+00	1.164790e-01	1.042468e+00	7.414412e-02	2.337807e-09	2.104533e-09	5.335694e-13	4.472221e-09	2.241404e-12	
11  2.58437	2.247555e+00	1.164403e-01	1.042463e+00	7.418306e-02	2.338550e-09	2.104444e-09	5.465432e-13	4.480284e-09	2.169520e-12	
13  1.09475	2.247390e+00	1.164331e-01	1.042463e+00	7.434807e-02	2.338557e-09	2.104581e-09	3.637812e-13	4.473006e-09	2.113401e-12	
10  3.13144	2.247338e+00	1.164276e-01	1.042462e+00	7.444551e-02	2.338480e-09	2.104435e-09	6.155787e-13	4.470516e-09	2.593003e-12	
127  1.49465	2.247542e+00	1.164133e-01	1.042463e+00	7.447184e-02	2.338180e-09	2.104154e-09	1.919183e-13	4.466364e-09	1.536501e-12	
5  1.97956	2.247973e+00	1.164406e-01	1.042460e+00	7.443982e-02	2.338533e-09	2.104367e-09	3.953328e-13	4.467260e-09	2.629158e-12	
185  1.20195	2.247822e+00	1.164582e-01	1.042458e+00	7.452908e-02	2.339431e-09	2.104405e-09	2.631122e-13	4.473322e-09	1.280074e-12	
17  1.35663	2.247665e+00	1.164754e-01	1.042457e+00	7.454290e-02	2.340369e-09	2.105178e-09	2.493196e-13	4.460695e-09	1.263993e-12	
121  2.96927	2.247053e+00	1.164863e-01	1.042456e+00	7.450316e-02	2.341974e-09	2.105382e-09	4.773287e-13	4.458650e-09	1.613259e-12	
89  1.28509	2.247023e+00	1.165391e-01	1.042456e+00	7.443925e-02	2.342023e-09	2.105668e-09	3.084807e-13	4.446976e-09	1.884871e-12	
58  1.67511	2.246968e+00	1.165125e-01	1.042457e+00	7.449249e-02	2.342233e-09	2.105709e-09	4.393688e-13	4.446651e-09	2.421816e-12	
176  1.22323	2.246481e+00	1.165036e-01	1.042459e+00	7.449597e-02	2.343155e-09	2.106117e-09	2.749239e-13	4.448495e-09	1.604195e-12	
20  0.656383	2.246780e+00	1.164727e-01	1.042458e+00	7.459612e-02	2.343785e-09	2.105705e-09	2.890756e-13	4.437568e-09	1.835354e-12	
1  2.38491	2.246368e+00	1.164992e-01	1.042463e+00	7.457658e-02	2.344659e-09	2.105878e-09	4.584282e-13	4.455083e-09	2.686568e-12	
7  3.33027	2.246324e+00	1.165501e-01	1.042457e+00	7.454757e-02	2.344489e-09	2.105866e-09	5.343760e-13	4.460111e-09	3.033241e-12	
4  4.50325	2.245982e+00	1.165215e-01	1.042454e+00	7.451152e-02	2.343278e-09	2.107127e-09	1.840621e-13	4.465953e-09	1.277849e-12	
25  3.58701	2.246384e+00	1.165256e-01	1.042455e+00	7.451255e-02	2.342900e-09	2.106733e-09	6.070593e-13	4.465558e-09	2.945608e-12	
7  3.78326	2.246041e+00	1.164843e-01	1.042451e+00	7.440030e-02	2.342905e-09	2.106570e-09	6.239174e-13	4.463841e-09	2.506604e-12	
69  1.35297	2.245934e+00	1.164963e-01	1.042451e+00	7.437863e-02	2.343791e-09	2.105659e-09	3.614082e-13	4.460804e-09	1.911428e-12	
4  2.45108	2.245633e+00	1.164880e-01	1.042454e+00	7.447265e-02	2.343253e-09	2.104295e-09	4.201742e-13	4.460363e-09	2.268464e-12	
142  1.85912	2.245744e+00	1.164851e-01	1.042452e+00	7.452024e-02	2.342876e-09	2.104898e-09	3.805137e-13	4.458311e-09	1.708147e-12	
87  1.97254	2.245537e+00	1.164835e-01	1.042451e+00	7.452129e-02	2.341486e-09	2.105253e-09	4.319897e-13	4.459474e-09	1.894122e-12	
3  1.64236	2.245607e+00	1.164727e-01	1.042454e+00	7.442536e-02	2.340893e-09	2.104681e-09	4.144577e-13	4.455163e-09	2.121116e-12	
12  4.01972	2.245634e+00	1.164285e-01	1.042455e+00	7.471779e-02	2.340293e-09	2.107207e-09	5.355674e-13	4.456051e-09	3.178045e-12	
11  3.90316	2.245587e+00	1.163901e-01	1.042451e+00	7.477957e-02	2.340635e-09	2.106824e-09	6.291664e-13	4.459147e-09	2.305016e-12	
7  5.74418	2.245788e+00	1.163904e-01	1.042449e+00	7.464307e-02	2.341405e-09	2.105694e-09	2.844254e-13	4.457563e-09	2.788022e-12	
10  6.45634	2.245499e+00	1.164082e-01	1.042453e+00	7.465056e-02	2.342542e-09	2.106105e-09	6.537078e-13	4.460403e-09	3.751113e-12	
26  3.59629	2.245087e+00	1.164113e-01	1.042450e+00	7.466845e-02	2.342425e-09	2.104965e-09	4.379175e-13	4.433844e-09	2.033283e-12	
73  1.32793	2.245115e+00	1.164175e-01	1.042453e+00	7.468779e-02	2.341070e-09	2.104205e-09	2.662509e-13	4.433894e-09	1.847759e-12	
119  1.54855	2.245230e+00	1.164501e-01	1.042451e+00	7.477270e-02	2.341229e-09	2.104183e-09	2.263439e-13	4.408303e-09	1.379396e-12	
83  3.07056	2.245335e+00	1.164386e-01	1.042451e+00	7.475717e-02	2.341925e-09	2.104557e-09	3.704103e-13	4.405539e-09	2.196218e-12	
21  4.90754	2.245510e+00	1.164347e-01	1.042450e+00	7.472634e-02	2.342243e-09	2.105408e-09	1.170226e-13	4.405966e-09	3.782977e-13	
99  2.52599	2.245614e+00	1.164423e-01	1.042447e+00	7.482134e-02	2.343572e-09	2.104660e-09	1.247938e-13	4.410020e-09	6.243421e-13	
74  2.36489	2.245651e+00	1.164216e-01	1.042446e+00	7.484701e-02	2.343344e-09	2.104926e-09	2.231128e-13	4.413327e-09	9.992858e-13	
42  4.1058	2.245988e+00	1.163916e-01	1.042445e+00	7.465851e-02	2.343133e-09	2.105820e-09	5.628676e-13	4.411526e-09	2.188313e-12	
4  5.52646	2.246161e+00	1.163876e-01	1.042442e+00	7.466737e-02	2.343188e-09	2.105843e-09	7.035722e-13	4.412699e-09	2.715575e-12	
69  2.40651	2.246571e+00	1.164724e-01	1.042439e+00	7.464050e-02	2.343434e-09	2.104697e-09	4.180248e-13	4.413133e-09	2.435236e-12	
25  3.29543	2.246756e+00	1.164597e-01	1.042440e+00	7.456323e-02	2.344598e-09	2.103868e-09	4.215680e-13	4.413889e-09	2.190772e-12	
32  4.61006	2.246706e+00	1.164705e-01	1.042444e+00	7.461582e-02	2.344933e-09	2.105633e-09	5.792584e-13	4.401919e-09	3.286326e-12	
21  1.17395	2.246415e+00	1.164674e-01	1.042450e+00	7.465862e-02	2.344935e-09	2.105888e-09	2.659614e-13	4.396777e-09	2.041669e-12	
5  0.726364	2.246675e+00	1.164890e-01	1.042448e+00	7.472218e-02	2.344041e-09	2.105052e-09	2.222403e-13	4.402274e-09	1.217599e-12	
139  1.50069	2.246240e+00	1.165116e-01	1.042450e+00	7.478087e-02	2.344037e-09	2.104591e-09	2.024915e-13	4.402359e-09	1.073665e-12	
6  1.49265	2.246269e+00	1.165092e-01	1.042452e+00	7.473024e-02	2.343771e-09	2.104933e-09	3.097909e-13	4.413935e-09	1.582465e-12	
7  1.08873	2.246077e+00	1.164967e-01	1.042455e+00	7.474189e-02	2.344535e-09	2.106140e-09	3.057826e-13	4.416430e-09	2.172594e-12	
125  1.09232	2.246369e+00	1.165226e-01	1.042453e+00	7.479265e-02	2.344357e-09	2.106024e-09	3.206964e-13	4.404192e-09	1.547949e-12	
53  3.09904	2.246638e+00	1.165335e-01	1.042453e+00	7.456661e-02	2.346061e-09	2.106618e-09	5.629900e-13	4.381441e-09	2.293873e-12	
2  2.31174	2.246596e+00	1.165465e-01	1.042448e+00	7.445584e-02	2.346531e-09	2.105515e-09	4.599859e-13	4.373393e-09	2.088152e-12	
17  3.7917	2.246637e+00	1.165403e-01	1.042450e+00	7.445565e-02	2.346820e-09	2.106921e-09	5.327268e-13	4.379554e-09	1.784109e-12	
8  4.10109	2.246221e+00	1.165260e-01	1.042449e+00	7.449403e-02	2.347518e-09	2.108210e-09	4.983886e-13	4.379002e-09	1.998758e-12	
1  4.55611	2.246001e+00	1.164813e-01	1.042445e+00	7.435759e-02	2.348286e-09	2.107029e-09	1.661835e-13	4.384631e-09	9.464681e-13	
42  4.07989	2.245968e+00	1.164796e-01	1.042446e+00	7.441830e-02	2.348328e-09	2.106033e-09	2.698846e-13	4.386423e-09	7.791686e-13	
2  4.26872	2.245523e+00	1.164551e-01	1.042447e+00	7.436594e-02	2.349976e-09	2.106305e-09	5.097272e-13	4.385654e-09	2.563443e-12	
34  4.67718	2.245702e+00	1.164564e-01	1.042451e+00	7.439366e-02	2.350564e-09	2.107689e-09	2.684562e-13	4.401601e-09	1.959591e-12	
9  3.4225	2.245977e+00	1.164283e-01	1.042448e+00	7.436475e-02	2.349838e-09	2.107350e-09	2.683572e-13	4.390740e-09	1.585392e-12	
8  5.27514	2.246214e+00	1.163902e-01	1.042446e+00	7.447402e-02	2.350204e-09	2.107019e-09	6.006383e-13	4.392691e-09	2.386105e-12	
19  5.11991	2.245765e+00	1.163927e-01	1.042442e+00	7.446630e-02	2.351093e-09	2.107249e-09	4.199130e-13	4.387448e-09	1.296377e-12	
10  5.67034	2.245823e+00	1.163890e-01	1.042444e+00	7.438579e-02	2.352105e-09	2.107692e-09	3.883291e-13	4.390954e-09	1.216719e-12	
40  5.50093	2.245999e+00	1.164032e-01	1.042443e+00	7.438402e-02	2.353013e-09	2.107976e-09	4.549788e-13	4.396285e-09	2.282348e-12	
87  4.44643	2.245765e+00	1.163728e-01	1.042442e+00	7.432441e-02	2.351550e-09	2.107705e-09	2.953158e-13	4.377951e-09	1.600967e-12	
19  3.97804	2.245855e+00	1.163467e-01	1.042443e+00	7.429883e-02	2.351278e-09	2.107143e-09	2.812004e-13	4.366594e-09	1.810453e-12	
3  7.15547	2.245883e+00	1.163345e-01	1.042442e+00	7.449148e-02	2.351802e-09	2.107492e-09	6.347340e-13	4.374385e-09	3.088501e-12	
97  7.95778	2.245872e+00	1.163526e-01	1.042442e+00	7.454163e-02	2.353639e-09	2.109216e-09	5.319741e-13	4.366281e-09	2.803115e-12	
20  7.16985	2.245512e+00	1.163526e-01	1.042440e+00	7.472960e-02	2.354616e-09	2.108177e-09	6.279689e-13	4.368753e-09	2.847176e-12	
9  7.65485	2.245822e+00	1.163826e-01	1.042439e+00	7.465203e-02	2.354097e-09	2.107951e-09	6.483324e-13	4.363741e-09	3.284815e-12	
13  7.13192	2.246262e+00	1.163679e-01	1.042437e+00	7.460165e-02	2.353103e-09	2.108147e-09	6.971489e-13	4.359706e-09	2.826342e-12	
46  5.37315	2.246419e+00	1.163613e-01	1.042435e+00	7.447133e-02	2.352733e-09	2.108429e-09	3.389479e-13	4.358232e-09	2.008469e-12	
11  5.62295	2.246596e+00	1.163831e-01	1.042441e+00	7.446555e-02	2.353806e-09	2.108277e-09	4.778814e-13	4.361790e-09	2.308613e-12	
37  4.37404	2.246769e+00	1.164083e-01	1.042442e+00	7.436216e-02	2.354930e-09	2.107514e-09	2.020784e-13	4.356452e-09	1.286185e-12	
65  4.88731	2.246598e+00	1.163560e-01	1.042444e+00	7.440743e-02	2.355976e-09	2.108065e-09	2.369303e-13	4.364238e-09	1.404872e-12	
44  6.17776	2.246658e+00	1.163935e-01	1.042446e+00	7.439344e-02	2.355944e-09	2.108554e-09	2.894927e-13	4.367629e-09	1.764059e-12	
23  6.52555	2.246619e+00	1.164097e-01	1.042450e+00	7.445783e-02	2.356000e-09	2.109167e-09	3.167694e-13	4.362975e-09	1.583491e-12	
24  7.13129	2.246821e+00	1.164003e-01	1.042447e+00	7.441955e-02	2.355672e-09	2.108514e-09	4.850458e-13	4.348825e-09	2.689471e-12	
5  4.98668	2.246860e+00	1.164428e-01	1.042441e+00	7.458474e-02	2.354863e-09	2.107236e-09	3.051727e-13	4.354370e-09	8.379249e-13	
62  2.79245	2.246849e+00	1.164415e-01	1.042441e+00	7.468018e-02	2.355017e-09	2.106913e-09	1.203362e-13	4.351224e-09	9.707178e-13	
48  1.49881	2.246797e+00	1.164431e-01	1.042443e+00	7.489798e-02	2.355129e-09	2.107510e-09	2.978748e-13	4.345853e-09	1.888774e-12	
68  0.477022	2.246563e+00	1.164488e-01	1.042441e+00	7.494761e-02	2.354778e-09	2.105908e-09	1.576381e-13	4.347692e-09	1.309331e-12	
42  0.5517	2.246572e+00	1.164480e-01	1.042439e+00	7.505937e-02	2.354280e-09	2.106699e-09	2.012827e-13	4.351667e-09	1.391482e-12	
82  1.55911	2.246430e+00	1.164307e-01	1.042436e+00	7.509398e-02	2.353729e-09	2.107011e-09	2.058931e-13	4.334709e-09	1.025865e-12	
144  1.48986	2.246272e+00	1.164469e-01	1.042431e+00	7.505428e-02	2.352391e-09	2.106543e-09	2.270143e-13	4.326976e-09	1.889973e-12	
102  1.6486	2.245847e+00	1.164555e-01	1.042430e+00	7.504979e-02	2.353527e-09	2.105815e-09	1.004599e-13	4.314691e-09	1.144891e-12	
57  1.31894	2.245909e+00	1.164399e-01	1.042431e+00	7.509432e-02	2.352723e-09	2.105509e-09	1.463513e-13	4.316662e-09	1.084009e-12	
141  1.0289	2.245477e+00	1.164143e-01	1.042427e+00	7.500045e-02	2.352194e-09	2.106709e-09	1.548864e-13	4.321174e-09	1.495123e-12	
6  0.579974	2.244962e+00	1.163764e-01	1.042427e+00	7.479228e-02	2.352917e-09	2.106307e-09	1.776207e-13	4.321707e-09	1.277213e-12	
44  0.480376	2.245277e+00	1.163964e-01	1.042428e+00	7.478636e-02	2.352356e-09	2.105793e-09	1.189349e-13	4.318712e-09	1.030770e-12	
63  3.90323	2.244851e+00	1.164232e-01	1.042430e+00	7.481235e-02	2.352526e-09	2.105319e-09	2.664756e-13	4.316971e-09	2.158651e-12	
339  2.77889	2.244819e+00	1.164255e-01	1.042426e+00	7.488492e-02	2.351266e-09	2.104932e-09	1.047694e-13	4.319404e-09	5.281641e-13	
126  1.20579	2.244905e+00	1.164251e-01	1.042427e+00	7.493778e-02	2.351530e-09	2.105506e-09	8.971143e-14	4.315097e-09	7.165674e-13	
27  0.850148	2.244823e+00	1.164163e-01	1.042425e+00	7.496064e-02	2.350658e-09	2.105848e-09	1.762925e-13	4.330080e-09	1.289596e-12	
15  0.64781	2.244902e+00	1.164311e-01	1.042425e+00	7.502966e-02	2.351459e-09	2.107078e-09	2.030254e-13	4.341622e-09	1.244710e-12	
36  2.26347	2.245055e+00	1.164497e-01	1.042425e+00	7.517190e-02	2.351760e-09	2.106937e-09	1.936900e-13	4.340526e-09	1.894112e-12	
83  1.6131	2.245242e+00	1.164518e-01	1.042430e+00	7.512845e-02	2.353551e-09	2.106215e-09	8.578132e-14	4.342313e-09	6.634056e-13	
29  4.05325	2.245008e+00	1.164540e-01	1.042431e+00	7.493408e-02	2.354378e-09	2.105986e-09	1.088803e-13	4.330799e-09	1.510778e-12	
18  6.18152	2.244882e+00	1.164353e-01	1.042435e+00	7.492342e-02	2.354827e-09	2.107022e-09	2.055492e-13	4.333121e-09	4.769534e-13	
79  6.36088	2.244871e+00	1.164265e-01	1.042435e+00	7.497941e-02	2.355722e-09	2.107823e-09	1.013107e-13	4.340454e-09	1.435138e-12	
32  1.8704	2.245052e+00	1.164343e-01	1.042433e+00	7.502122e-02	2.355850e-09	2.108629e-09	2.548372e-13	4.352176e-09	1.248873e-12	
49  1.6668	2.245364e+00	1.164531e-01	1.042432e+00	7.513766e-02	2.355823e-09	2.107756e-09	2.676343e-13	4.346083e-09	1.714698e-12	
24  2.875	2.245869e+00	1.164448e-01	1.042431e+00	7.498302e-02	2.355836e-09	2.106733e-09	3.100350e-13	4.340849e-09	2.057762e-12	
18  3.2212	2.245899e+00	1.164133e-01	1.042431e+00	7.491371e-02	2.356322e-09	2.108440e-09	2.798722e-13	4.350268e-09	2.158601e-12	
37  3.14489	2.245900e+00	1.164403e-01	1.042431e+00	7.491236e-02	2.355857e-09	2.108883e-09	3.634835e-13	4.364467e-09	1.514234e-12	
59  1.49773	2.246370e+00	1.163938e-01	1.042434e+00	7.506261e-02	2.355618e-09	2.107022e-09	2.618301e-13	4.370228e-09	1.642598e-12	
46  1.10971	2.246376e+00	1.163981e-01	1.042435e+00	7.493966e-02	2.356698e-09	2.106828e-09	2.230457e-13	4.361515e-09	1.343706e-12	
3  3.85849	2.246267e+00	1.164183e-01	1.042435e+00	7.489136e-02	2.357950e-09	2.107175e-09	2.655419e-13	4.351304e-09	2.358135e-12	
1  4.03345	2.246419e+00	1.163838e-01	1.042436e+00	7.491776e-02	2.357271e-09	2.109037e-09	4.188455e-13	4.352150e-09	2.241892e-12	
18  5.65941	2.246538e+00	1.163842e-01	1.042437e+00	7.507808e-02	2.356396e-09	2.108151e-09	5.381853e-13	4.345788e-09	2.341786e-12	
46  3.14023	2.246614e+00	1.164019e-01	1.042434e+00	7.505436e-02	2.355941e-09	2.108467e-09	4.087695e-13	4.344397e-09	2.252995e-12	
160  1.75024	2.246453e+00	1.164025e-01	1.042434e+00	7.494823e-02	2.356273e-09	2.108024e-09	1.861041e-13	4.349164e-09	1.559313e-12	
15  7.87372	2.246169e+00	1.164179e-01	1.042435e+00	7.486689e-02	2.353288e-09	2.107488e-09	6.656588e-13	4.344370e-09	2.029833e-12	
8  10.3066	2.246151e+00	1.164077e-01	1.042435e+00	7.485138e-02	2.354038e-09	2.107882e-09	9.232717e-13	4.353527e-09	2.907445e-12	
8  7.50028	2.246157e+00	1.163972e-01	1.042436e+00	7.500934e-02	2.353279e-09	2.108299e-09	4.975097e-13	4.365078e-09	1.134723e-12	
1  3.69523	2.245984e+00	1.163672e-01	1.042437e+00	7.494880e-02	2.353146e-09	2.107747e-09	2.892788e-13	4.365454e-09	9.652660e-13	
92  1.10317	2.246018e+00	1.163911e-01	1.042438e+00	7.500120e-02	2.353409e-09	2.107280e-09	1.476146e-13	4.358591e-09	1.364784e-12	
36  3.68976	2.246188e+00	1.163780e-01	1.042441e+00	7.507386e-02	2.353246e-09	2.106651e-09	3.311070e-13	4.349470e-09	2.415156e-12	
26  2.51639	2.246573e+00	1.163823e-01	1.042443e+00	7.506431e-02	2.352985e-09	2.107685e-09	3.201826e-13	4.353352e-09	1.390786e-12	
6  4.10683	2.246347e+00	1.163974e-01	1.042441e+00	7.509605e-02	2.353298e-09	2.108090e-09	4.513040e-13	4.355873e-09	2.753702e-12	
7  3.25298	2.246300e+00	1.164404e-01	1.042442e+00	7.524747e-02	2.355006e-09	2.107713e-09	2.600479e-13	4.348868e-09	1.049112e-12	
36  2.22373	2.246637e+00	1.164975e-01	1.042444e+00	7.512146e-02	2.353888e-09	2.109171e-09	3.522230e-13	4.354233e-09	1.478320e-12	
13  2.538	2.246269e+00	1.164895e-01	1.042443e+00	7.499179e-02	2.353547e-09	2.108304e-09	1.367130e-13	4.346459e-09	1.193963e-12	
51  1.94601	2.246314e+00	1.164951e-01	1.042443e+00	7.487337e-02	2.353800e-09	2.106662e-09	3.181974e-13	4.349429e-09	1.717966e-12	
29  1.22625	2.246135e+00	1.165127e-01	1.042444e+00	7.495376e-02	2.353603e-09	2.106669e-09	1.525387e-13	4.359339e-09	8.312598e-13	
206  1.07234	2.246194e+00	1.165165e-01	1.042440e+00	7.496723e-02	2.354653e-09	2.106999e-09	1.829392e-13	4.360729e-09	1.638374e-12	
80  0.701439	2.246264e+00	1.164825e-01	1.042440e+00	7.482775e-02	2.354168e-09	2.106477e-09	1.875994e-13	4.376268e-09	1.092607e-12	
24  2.5079	2.246063e+00	1.164712e-01	1.042436e+00	7.467751e-02	2.354976e-09	2.107108e-09	3.317441e-13	4.382854e-09	2.157128e-12	
22  5.2982	2.246676e+00	1.164725e-01	1.042437e+00	7.478073e-02	2.354802e-09	2.105269e-09	4.361439e-13	4.382191e-09	2.334630e-12	
123  3.86081	2.246612e+00	1.164634e-01	1.042438e+00	7.473835e-02	2.354741e-09	2.105431e-09	2.139431e-13	4.380344e-09	7.402878e-13	
28  3.34384	2.245728e+00	1.164727e-01	1.042436e+00	7.476568e-02	2.354557e-09	2.104927e-09	2.773204e-13	4.384509e-09	1.576421e-12	
204  1.48575	2.245846e+00	1.164602e-01	1.042434e+00	7.459287e-02	2.354588e-09	2.104685e-09	2.019365e-13	4.382308e-09	1.733448e-12	
7  0.923679	2.246085e+00	1.164581e-01	1.042431e+00	7.457110e-02	2.356222e-09	2.104123e-09	1.632350e-13	4.374497e-09	1.275476e-12	
232  1.5966	2.246245e+00	1.164807e-01	1.042431e+00	7.438578e-02	2.356189e-09	2.102753e-09	1.451633e-13	4.370868e-09	1.406458e-12	
61  3.86561	2.246204e+00	1.164856e-01	1.042433e+00	7.423966e-02	2.356297e-09	2.101017e-09	5.773952e-14	4.381632e-09	6.975481e-13	
305  2.98934	2.246407e+00	1.165117e-01	1.042435e+00	7.414577e-02	2.355466e-09	2.100441e-09	8.866518e-14	4.377073e-09	7.036450e-13	
656  1.19946	2.245768e+00	1.165113e-01	1.042436e+00	7.400779e-02	2.355622e-09	2.101410e-09	1.247472e-13	4.379619e-09	9.945943e-13	
11  1.85451	2.245583e+00	1.165186e-01	1.042439e+00	7.391379e-02	2.355909e-09	2.101887e-09	1.931276e-13	4.368168e-09	1.573240e-12	
150  1.64904	2.245870e+00	1.165050e-01	1.042438e+00	7.384260e-02	2.356580e-09	2.102575e-09	2.127568e-13	4.366679e-09	1.336354e-12	
3  1.49632	2.245515e+00	1.165164e-01	1.042436e+00	7.390921e-02	2.357312e-09	2.102956e-09	1.831998e-13	4.360164e-09	1.576795e-12	
9  1.40818	2.245545e+00	1.165180e-01	1.042431e+00	7.397747e-02	2.357608e-09	2.102656e-09	1.808308e-13	4.361249e-09	1.223872e-12	
207  1.55042	2.245764e+00	1.165251e-01	1.042430e+00	7.387785e-02	2.358698e-09	2.103809e-09	1.874587e-13	4.351223e-09	1.416356e-12	
