3  45.5222	2.244951e+00	1.163061e-01	1.042491e+00	7.560743e-02	2.342261e-09	2.107718e-09	1.626022e-12	4.511022e-09	-2.072987e-13	
9  42.1711	2.244633e+00	1.163484e-01	1.042492e+00	7.556049e-02	2.341671e-09	2.107201e-09	1.455580e-12	4.505561e-09	1.878148e-13	
2  40.6456	2.244742e+00	1.163624e-01	1.042494e+00	7.546130e-02	2.342129e-09	2.107781e-09	9.583615e-13	4.507482e-09	-7.222751e-13	
11  36.0308	2.244971e+00	1.163431e-01	1.042493e+00	7.548186e-02	2.341773e-09	2.108447e-09	2.418713e-12	4.517996e-09	1.504337e-12	
19  3.3696	2.244937e+00	1.163143e-01	1.042493e+00	7.545122e-02	2.341427e-09	2.109596e-09	5.682261e-13	4.536501e-09	2.997980e-12	
19  2.63939	2.244980e+00	1.163175e-01	1.042491e+00	7.553261e-02	2.341099e-09	2.110325e-09	4.113764e-13	4.534859e-09	2.736640e-12	
1  2.91612	2.245213e+00	1.162901e-01	1.042491e+00	7.560574e-02	2.340344e-09	2.109826e-09	4.833728e-13	4.547166e-09	3.046971e-12	
1  0.968704	2.245207e+00	1.163080e-01	1.042489e+00	7.550895e-02	2.340166e-09	2.109729e-09	3.190022e-13	4.549784e-09	2.038995e-12	
5  1.18473	2.245443e+00	1.162997e-01	1.042492e+00	7.556513e-02	2.340317e-09	2.109294e-09	3.728845e-13	4.556685e-09	2.426253e-12	
130  0.4102	2.245076e+00	1.162933e-01	1.042487e+00	7.538194e-02	2.340796e-09	2.108366e-09	2.296794e-13	4.563192e-09	1.692067e-12	
13  1.87039	2.245006e+00	1.162778e-01	1.042489e+00	7.535203e-02	2.340662e-09	2.108294e-09	4.394025e-13	4.577425e-09	2.336741e-12	
3  3.43549	2.244543e+00	1.162926e-01	1.042482e+00	7.544890e-02	2.340106e-09	2.106731e-09	3.823798e-13	4.568179e-09	2.442033e-12	
12  4.82224	2.244586e+00	1.162751e-01	1.042476e+00	7.543603e-02	2.340000e-09	2.107691e-09	5.029652e-13	4.573265e-09	3.237906e-12	
57  7.1385	2.244773e+00	1.162382e-01	1.042479e+00	7.526402e-02	2.341538e-09	2.106884e-09	4.936714e-13	4.586877e-09	3.641572e-12	
121  4.29992	2.244773e+00	1.162574e-01	1.042477e+00	7.521962e-02	2.340999e-09	2.106132e-09	3.240991e-13	4.584577e-09	2.828453e-12	
56  2.71812	2.244562e+00	1.162387e-01	1.042481e+00	7.531703e-02	2.341222e-09	2.107919e-09	3.333016e-13	4.588908e-09	1.302938e-12	
8  2.51276	2.244852e+00	1.162357e-01	1.042485e+00	7.539693e-02	2.339936e-09	2.108119e-09	4.607800e-13	4.575621e-09	2.266013e-12	
129  2.19405	2.244878e+00	1.162571e-01	1.042489e+00	7.529275e-02	2.339673e-09	2.107590e-09	4.351282e-13	4.565578e-09	2.332482e-12	
12  4.94061	2.245095e+00	1.162530e-01	1.042494e+00	7.530383e-02	2.340104e-09	2.107637e-09	1.125440e-13	4.556024e-09	4.987586e-13	
44  5.95211	2.245003e+00	1.162449e-01	1.042492e+00	7.535525e-02	2.340112e-09	2.107806e-09	2.203220e-13	4.566205e-09	5.348765e-13	
61  6.0107	2.245344e+00	1.162685e-01	1.042491e+00	7.532523e-02	2.340753e-09	2.108254e-09	3.794363e-13	4.556400e-09	9.384888e-13	
55  1.90549	2.245199e+00	1.162642e-01	1.042495e+00	7.534700e-02	2.341279e-09	2.109861e-09	3.528217e-13	4.547836e-09	1.751892e-12	
42  2.19814	2.245484e+00	1.162775e-01	1.042497e+00	7.533430e-02	2.341255e-09	2.108388e-09	4.634658e-13	4.556905e-09	2.217910e-12	
107  1.93957	2.245704e+00	1.162488e-01	1.042504e+00	7.524741e-02	2.340959e-09	2.108386e-09	4.508729e-13	4.548260e-09	2.390067e-12	
46  2.12327	2.245880e+00	1.162577e-01	1.042497e+00	7.533818e-02	2.341666e-09	2.109551e-09	3.610874e-13	4.554581e-09	2.360072e-12	
59  1.71806	2.246045e+00	1.162220e-01	1.042494e+00	7.545623e-02	2.341218e-09	2.109243e-09	3.108025e-13	4.567729e-09	1.391018e-12	
4  1.54038	2.246251e+00	1.162085e-01	1.042493e+00	7.536317e-02	2.339547e-09	2.108488e-09	3.355100e-13	4.577006e-09	2.396079e-12	
16  0.976614	2.246145e+00	1.162041e-01	1.042488e+00	7.547306e-02	2.339954e-09	2.108026e-09	3.167268e-13	4.582532e-09	1.584143e-12	
50  0.639255	2.246266e+00	1.161862e-01	1.042491e+00	7.547096e-02	2.340572e-09	2.108513e-09	3.151096e-13	4.577422e-09	1.780553e-12	
78  1.34855	2.246270e+00	1.161960e-01	1.042493e+00	7.553696e-02	2.340914e-09	2.107584e-09	1.435343e-13	4.576632e-09	9.640464e-13	
51  1.51821	2.246273e+00	1.162019e-01	1.042498e+00	7.542797e-02	2.340600e-09	2.106914e-09	2.325742e-13	4.573419e-09	1.203586e-12	
59  2.36237	2.246309e+00	1.162182e-01	1.042499e+00	7.555628e-02	2.339419e-09	2.107984e-09	3.186057e-13	4.574071e-09	2.699826e-12	
58  3.43583	2.246253e+00	1.162084e-01	1.042500e+00	7.544584e-02	2.339348e-09	2.108220e-09	4.228579e-13	4.586481e-09	3.163019e-12	
32  5.30932	2.246497e+00	1.162326e-01	1.042499e+00	7.531890e-02	2.339469e-09	2.109383e-09	6.690898e-13	4.585713e-09	1.923019e-12	
3  5.81652	2.246089e+00	1.162353e-01	1.042501e+00	7.552111e-02	2.339065e-09	2.110393e-09	4.142688e-13	4.579443e-09	3.233511e-12	
2  5.80904	2.246086e+00	1.162658e-01	1.042503e+00	7.541814e-02	2.339406e-09	2.109630e-09	6.941792e-13	4.576601e-09	1.901596e-12	
14  5.36424	2.246242e+00	1.162257e-01	1.042502e+00	7.548767e-02	2.339615e-09	2.110631e-09	8.238854e-13	4.571522e-09	3.308625e-12	
31  5.25304	2.246369e+00	1.162427e-01	1.042501e+00	7.536843e-02	2.340085e-09	2.110900e-09	7.257988e-13	4.565472e-09	2.850871e-12	
7  5.08847	2.246516e+00	1.162492e-01	1.042502e+00	7.551107e-02	2.339115e-09	2.110588e-09	7.565405e-13	4.566888e-09	2.347698e-12	
1  5.96934	2.246178e+00	1.162491e-01	1.042500e+00	7.538434e-02	2.337590e-09	2.110801e-09	2.262430e-13	4.566988e-09	1.276186e-12	
2  6.06684	2.246187e+00	1.162631e-01	1.042500e+00	7.533169e-02	2.337125e-09	2.108968e-09	9.262506e-13	4.579421e-09	3.970170e-12	
27  4.00344	2.246177e+00	1.162382e-01	1.042504e+00	7.525885e-02	2.336865e-09	2.109270e-09	6.885724e-13	4.580124e-09	2.509646e-12	
8  3.54994	2.246216e+00	1.162324e-01	1.042500e+00	7.519427e-02	2.337081e-09	2.108451e-09	6.724324e-13	4.567804e-09	3.032446e-12	
6  2.50853	2.246376e+00	1.162559e-01	1.042497e+00	7.522580e-02	2.336183e-09	2.108592e-09	4.663203e-13	4.554075e-09	1.780562e-12	
9  8.38007	2.246587e+00	1.162751e-01	1.042500e+00	7.521456e-02	2.336448e-09	2.109593e-09	1.065150e-12	4.551161e-09	2.368358e-12	
28  4.9154	2.246392e+00	1.162704e-01	1.042502e+00	7.534324e-02	2.336995e-09	2.110624e-09	6.134894e-13	4.557290e-09	1.926232e-12	
26  3.97243	2.246351e+00	1.162756e-01	1.042503e+00	7.544043e-02	2.335983e-09	2.110364e-09	5.150510e-13	4.554065e-09	3.122679e-12	
1  5.64615	2.246412e+00	1.162646e-01	1.042501e+00	7.542340e-02	2.336336e-09	2.110795e-09	4.439778e-13	4.549502e-09	3.027600e-12	
4  4.97011	2.246647e+00	1.162378e-01	1.042504e+00	7.529449e-02	2.336111e-09	2.110470e-09	6.992447e-13	4.545848e-09	2.374150e-12	
2  7.32243	2.246479e+00	1.162389e-01	1.042501e+00	7.513644e-02	2.335316e-09	2.110695e-09	4.611566e-13	4.553723e-09	1.413025e-12	
15  3.42301	2.246919e+00	1.162272e-01	1.042500e+00	7.524791e-02	2.335358e-09	2.109562e-09	6.017622e-13	4.554581e-09	2.797149e-12	
179  1.73215	2.246733e+00	1.162646e-01	1.042496e+00	7.548399e-02	2.334472e-09	2.109389e-09	5.111519e-13	4.553352e-09	2.659115e-12	
12  1.42593	2.246490e+00	1.162418e-01	1.042493e+00	7.559399e-02	2.334327e-09	2.108725e-09	4.655692e-13	4.554816e-09	2.746710e-12	
188  0.987202	2.246786e+00	1.162566e-01	1.042497e+00	7.568611e-02	2.333022e-09	2.108350e-09	3.621311e-13	4.555496e-09	2.495298e-12	
97  0.530428	2.246908e+00	1.162427e-01	1.042497e+00	7.561880e-02	2.334302e-09	2.108679e-09	3.024325e-13	4.554921e-09	1.974237e-12	
75  0.775365	2.246959e+00	1.162262e-01	1.042497e+00	7.563000e-02	2.334586e-09	2.108693e-09	3.993274e-13	4.550836e-09	2.096103e-12	
7  1.04568	2.247389e+00	1.162328e-01	1.042492e+00	7.566091e-02	2.334146e-09	2.109307e-09	4.446626e-13	4.552504e-09	2.348475e-12	
23  2.11891	2.247753e+00	1.162476e-01	1.042498e+00	7.560938e-02	2.333897e-09	2.109552e-09	6.070018e-13	4.565530e-09	2.543483e-12	
24  2.03141	2.248042e+00	1.162323e-01	1.042498e+00	7.587116e-02	2.335423e-09	2.109580e-09	4.426161e-13	4.553264e-09	1.748923e-12	
10  2.25635	2.248109e+00	1.162074e-01	1.042498e+00	7.574157e-02	2.334816e-09	2.107751e-09	5.036557e-13	4.559725e-09	2.703679e-12	
29  2.52553	2.248099e+00	1.162046e-01	1.042501e+00	7.565736e-02	2.333738e-09	2.107260e-09	5.062151e-13	4.555810e-09	2.513307e-12	
13  6.16157	2.248019e+00	1.162256e-01	1.042506e+00	7.577911e-02	2.334058e-09	2.109928e-09	1.047730e-12	4.558680e-09	4.535498e-12	
19  3.71079	2.248017e+00	1.162360e-01	1.042503e+00	7.572353e-02	2.334753e-09	2.108955e-09	7.937821e-13	4.580779e-09	3.187197e-12	
6  4.03048	2.248224e+00	1.162303e-01	1.042502e+00	7.588996e-02	2.333751e-09	2.108441e-09	7.065545e-13	4.581530e-09	2.845509e-12	
30  3.56126	2.247887e+00	1.161845e-01	1.042500e+00	7.581115e-02	2.332227e-09	2.108316e-09	2.730464e-13	4.570440e-09	2.584772e-12	
9  1.66878	2.248119e+00	1.161995e-01	1.042500e+00	7.579540e-02	2.331188e-09	2.109312e-09	4.899234e-13	4.563943e-09	2.069740e-12	
4  1.44544	2.247777e+00	1.162014e-01	1.042501e+00	7.576652e-02	2.331818e-09	2.109453e-09	4.039053e-13	4.570379e-09	2.557951e-12	
1  3.62847	2.247578e+00	1.161926e-01	1.042501e+00	7.588345e-02	2.333068e-09	2.109783e-09	6.751433e-13	4.571612e-09	2.219525e-12	
5  1.85459	2.247527e+00	1.161649e-01	1.042503e+00	7.589689e-02	2.333540e-09	2.109157e-09	5.155265e-13	4.571127e-09	2.363156e-12	
211  1.49073	2.247136e+00	1.161543e-01	1.042506e+00	7.590928e-02	2.333343e-09	2.108500e-09	4.200526e-13	4.562720e-09	2.502741e-12	
90  1.79985	2.247157e+00	1.161586e-01	1.042511e+00	7.590181e-02	2.333663e-09	2.109738e-09	5.405204e-13	4.561770e-09	2.899783e-12	
27  1.65993	2.247123e+00	1.161340e-01	1.042510e+00	7.595504e-02	2.332407e-09	2.108311e-09	4.021818e-13	4.569653e-09	2.499649e-12	
9  4.20053	2.246995e+00	1.161274e-01	1.042511e+00	7.589639e-02	2.333400e-09	2.108151e-09	5.679814e-13	4.586690e-09	2.496593e-12	
233  3.57136	2.247293e+00	1.161426e-01	1.042514e+00	7.588994e-02	2.333009e-09	2.107279e-09	2.244283e-13	4.583038e-09	1.071893e-12	
12  4.88504	2.247716e+00	1.161237e-01	1.042511e+00	7.582176e-02	2.334041e-09	2.108678e-09	7.464341e-13	4.594332e-09	3.893933e-12	
4  3.72413	2.248128e+00	1.161276e-01	1.042511e+00	7.565236e-02	2.333799e-09	2.109086e-09	7.710342e-13	4.594980e-09	2.952995e-12	
19  3.27603	2.248530e+00	1.161552e-01	1.042512e+00	7.556741e-02	2.334041e-09	2.108153e-09	4.283873e-13	4.594831e-09	1.511693e-12	
22  6.01701	2.248525e+00	1.161310e-01	1.042516e+00	7.560318e-02	2.333979e-09	2.108721e-09	9.505215e-13	4.590283e-09	2.914686e-12	
9  5.65851	2.248811e+00	1.161340e-01	1.042516e+00	7.547789e-02	2.333853e-09	2.108028e-09	9.678330e-13	4.601481e-09	4.065950e-12	
6  4.71995	2.248826e+00	1.161455e-01	1.042516e+00	7.545351e-02	2.334387e-09	2.107554e-09	8.442607e-13	4.605416e-09	3.539524e-12	
10  3.32455	2.248877e+00	1.161393e-01	1.042517e+00	7.547966e-02	2.334530e-09	2.107843e-09	6.576495e-13	4.597842e-09	3.507669e-12	
2  3.53335	2.248528e+00	1.161377e-01	1.042519e+00	7.552200e-02	2.335797e-09	2.108699e-09	2.604072e-13	4.599042e-09	2.252062e-12	
9  2.69561	2.248427e+00	1.161371e-01	1.042517e+00	7.574100e-02	2.335257e-09	2.107905e-09	5.248600e-13	4.588165e-09	2.461854e-12	
69  0.86666	2.248329e+00	1.161383e-01	1.042518e+00	7.558006e-02	2.333545e-09	2.107877e-09	2.944296e-13	4.602535e-09	2.017276e-12	
4  3.33364	2.248439e+00	1.161518e-01	1.042519e+00	7.558407e-02	2.333308e-09	2.108129e-09	5.276232e-13	4.590622e-09	3.523139e-12	
1  6.14605	2.248239e+00	1.161735e-01	1.042520e+00	7.565027e-02	2.333520e-09	2.108992e-09	1.050619e-12	4.594628e-09	3.391741e-12	
11  2.88113	2.248327e+00	1.161710e-01	1.042520e+00	7.540423e-02	2.333221e-09	2.107955e-09	4.361718e-13	4.605401e-09	1.631295e-12	
4  2.16135	2.248326e+00	1.161799e-01	1.042519e+00	7.533528e-02	2.333093e-09	2.106383e-09	1.786096e-13	4.609101e-09	1.447493e-12	
49  3.20052	2.248460e+00	1.161600e-01	1.042521e+00	7.540788e-02	2.331890e-09	2.106803e-09	5.303589e-13	4.606240e-09	3.495814e-12	
18  2.46292	2.248603e+00	1.161702e-01	1.042518e+00	7.550798e-02	2.331513e-09	2.107171e-09	5.945937e-13	4.595903e-09	2.808560e-12	
15  2.87681	2.248491e+00	1.162122e-01	1.042514e+00	7.548680e-02	2.332366e-09	2.107470e-09	3.189511e-13	4.603202e-09	2.680958e-12	
133  1.97326	2.248259e+00	1.161797e-01	1.042513e+00	7.544973e-02	2.333306e-09	2.108306e-09	2.737329e-13	4.607207e-09	1.827277e-12	
7  4.00924	2.248355e+00	1.161635e-01	1.042512e+00	7.542335e-02	2.334224e-09	2.108472e-09	3.319728e-13	4.614022e-09	2.694586e-12	
2  5.88875	2.248540e+00	1.161684e-01	1.042510e+00	7.544423e-02	2.334285e-09	2.109017e-09	7.453457e-13	4.606837e-09	1.872893e-12	
13  5.47376	2.248654e+00	1.161505e-01	1.042512e+00	7.536005e-02	2.333140e-09	2.109572e-09	2.859839e-13	4.606883e-09	1.674145e-12	
18  5.57332	2.248503e+00	1.161311e-01	1.042514e+00	7.519051e-02	2.332654e-09	2.108184e-09	4.777715e-13	4.582407e-09	1.310607e-12	
16  5.56842	2.248601e+00	1.161323e-01	1.042518e+00	7.529774e-02	2.332148e-09	2.108407e-09	4.648608e-13	4.588723e-09	3.465161e-12	
15  2.64185	2.248522e+00	1.161141e-01	1.042521e+00	7.533439e-02	2.332713e-09	2.107564e-09	5.274076e-13	4.585147e-09	2.135095e-12	
30  2.0742	2.248510e+00	1.161313e-01	1.042520e+00	7.529549e-02	2.331932e-09	2.107610e-09	5.480148e-13	4.583709e-09	2.915222e-12	
2  3.19849	2.249006e+00	1.160990e-01	1.042518e+00	7.535699e-02	2.331943e-09	2.107034e-09	4.655207e-13	4.584195e-09	3.313831e-12	
100  1.30571	2.248975e+00	1.160987e-01	1.042521e+00	7.540615e-02	2.332459e-09	2.107032e-09	4.122405e-13	4.583020e-09	2.257144e-12	
11  1.2689	2.248818e+00	1.160919e-01	1.042523e+00	7.537880e-02	2.332598e-09	2.106425e-09	3.946540e-13	4.586347e-09	2.395469e-12	
39  1.24987	2.248743e+00	1.160955e-01	1.042519e+00	7.527383e-02	2.331977e-09	2.106458e-09	3.504457e-13	4.589458e-09	2.445243e-12	
93  1.5782	2.248785e+00	1.161089e-01	1.042519e+00	7.551665e-02	2.333171e-09	2.106813e-09	3.959588e-13	4.584915e-09	2.679538e-12	
16  2.5892	2.248912e+00	1.160951e-01	1.042519e+00	7.563747e-02	2.333333e-09	2.106377e-09	3.832797e-13	4.598210e-09	1.976240e-12	
18  4.77665	2.248874e+00	1.160592e-01	1.042522e+00	7.564769e-02	2.333710e-09	2.107036e-09	6.807835e-13	4.607510e-09	3.558329e-12	
10  3.39624	2.248984e+00	1.160694e-01	1.042520e+00	7.557463e-02	2.333554e-09	2.108668e-09	4.472158e-13	4.598252e-09	3.174752e-12	
2  3.66091	2.248816e+00	1.160799e-01	1.042520e+00	7.558147e-02	2.331879e-09	2.108026e-09	5.586191e-13	4.592313e-09	3.638028e-12	
67  2.46263	2.248620e+00	1.160584e-01	1.042526e+00	7.564955e-02	2.330634e-09	2.106487e-09	4.035464e-13	4.583882e-09	2.169071e-12	
56  3.27997	2.248709e+00	1.160611e-01	1.042527e+00	7.543586e-02	2.331300e-09	2.107195e-09	4.013675e-13	4.578844e-09	3.203200e-12	
24  4.23822	2.248784e+00	1.160679e-01	1.042529e+00	7.524940e-02	2.332130e-09	2.106179e-09	7.080283e-13	4.588458e-09	3.419562e-12	
144  1.91066	2.249035e+00	1.160770e-01	1.042531e+00	7.516505e-02	2.332560e-09	2.106582e-09	4.466680e-13	4.577497e-09	2.854420e-12	
9  5.78715	2.249301e+00	1.160925e-01	1.042529e+00	7.530066e-02	2.334622e-09	2.107282e-09	9.254391e-13	4.571905e-09	3.576584e-12	
14  4.62111	2.249397e+00	1.160634e-01	1.042530e+00	7.537993e-02	2.334297e-09	2.106758e-09	7.348262e-13	4.571340e-09	3.511979e-12	
8  3.78148	2.249673e+00	1.160801e-01	1.042531e+00	7.544500e-02	2.334696e-09	2.106567e-09	6.248842e-13	4.575610e-09	3.087280e-12	
25  4.18344	2.249689e+00	1.160771e-01	1.042532e+00	7.562112e-02	2.334495e-09	2.107180e-09	6.624927e-13	4.567303e-09	3.226091e-12	
48  4.13555	2.249624e+00	1.160619e-01	1.042531e+00	7.563798e-02	2.332474e-09	2.107224e-09	6.775362e-13	4.556149e-09	3.354948e-12	
31  4.72982	2.249583e+00	1.160694e-01	1.042529e+00	7.569691e-02	2.332935e-09	2.107330e-09	5.290968e-13	4.548252e-09	3.805639e-12	
2  2.94853	2.249163e+00	1.160675e-01	1.042525e+00	7.578152e-02	2.333871e-09	2.106876e-09	3.866723e-13	4.552808e-09	2.078625e-12	
113  2.03264	2.249351e+00	1.160398e-01	1.042526e+00	7.570729e-02	2.334515e-09	2.106903e-09	2.986897e-13	4.557934e-09	1.697331e-12	
23  2.12813	2.249387e+00	1.160315e-01	1.042521e+00	7.554665e-02	2.334483e-09	2.108168e-09	4.939122e-13	4.557562e-09	2.861848e-12	
20  3.28391	2.249448e+00	1.160208e-01	1.042516e+00	7.552482e-02	2.334672e-09	2.107278e-09	4.346435e-13	4.550189e-09	1.774436e-12	
22  3.0553	2.249103e+00	1.160315e-01	1.042515e+00	7.559402e-02	2.333849e-09	2.108370e-09	6.393051e-13	4.552469e-09	3.151969e-12	
15  4.11933	2.248820e+00	1.160482e-01	1.042511e+00	7.554259e-02	2.333062e-09	2.108674e-09	7.760079e-13	4.548055e-09	2.945889e-12	
10  4.39719	2.249223e+00	1.160112e-01	1.042511e+00	7.554358e-02	2.332889e-09	2.109422e-09	7.840234e-13	4.553934e-09	2.887794e-12	
31  1.94703	2.249232e+00	1.160094e-01	1.042511e+00	7.567264e-02	2.333056e-09	2.107519e-09	1.939036e-13	4.556252e-09	1.414077e-12	
92  1.04375	2.248851e+00	1.160191e-01	1.042513e+00	7.573698e-02	2.333833e-09	2.107049e-09	2.348445e-13	4.546276e-09	1.789714e-12	
45  2.1624	2.248529e+00	1.159878e-01	1.042516e+00	7.560373e-02	2.335463e-09	2.108380e-09	1.842784e-13	4.521132e-09	1.541054e-12	
19  1.0551	2.249044e+00	1.159931e-01	1.042518e+00	7.562298e-02	2.335006e-09	2.107871e-09	2.483985e-13	4.522882e-09	1.758725e-12	
161  1.84318	2.249270e+00	1.159675e-01	1.042518e+00	7.548723e-02	2.334895e-09	2.108386e-09	3.829991e-13	4.520731e-09	2.400588e-12	
10  8.53391	2.249232e+00	1.160014e-01	1.042520e+00	7.557892e-02	2.334346e-09	2.108019e-09	1.065064e-12	4.517306e-09	4.825280e-12	
2  9.1991	2.249282e+00	1.160058e-01	1.042521e+00	7.561263e-02	2.333208e-09	2.107966e-09	1.150797e-12	4.532607e-09	3.424454e-12	
83  3.72133	2.249566e+00	1.159797e-01	1.042520e+00	7.559941e-02	2.333307e-09	2.108749e-09	7.002030e-13	4.526264e-09	3.362498e-12	
5  3.30499	2.249082e+00	1.159798e-01	1.042522e+00	7.559802e-02	2.333043e-09	2.109425e-09	5.561616e-13	4.513023e-09	2.263177e-12	
1  3.79409	2.249152e+00	1.160035e-01	1.042520e+00	7.546488e-02	2.333359e-09	2.108413e-09	7.157446e-13	4.530319e-09	3.269998e-12	
23  2.71056	2.249348e+00	1.159814e-01	1.042527e+00	7.556254e-02	2.333155e-09	2.108449e-09	5.579795e-13	4.523630e-09	3.103545e-12	
40  2.72458	2.249566e+00	1.159852e-01	1.042529e+00	7.549126e-02	2.331644e-09	2.108296e-09	5.783004e-13	4.519462e-09	3.006775e-12	
1  3.02152	2.249346e+00	1.160034e-01	1.042531e+00	7.556342e-02	2.329730e-09	2.108927e-09	5.466537e-13	4.532314e-09	3.243975e-12	
13  4.52015	2.249226e+00	1.160204e-01	1.042529e+00	7.564407e-02	2.330211e-09	2.108815e-09	8.071888e-13	4.528418e-09	4.031369e-12	
11  2.84515	2.249063e+00	1.160388e-01	1.042527e+00	7.574649e-02	2.329939e-09	2.109048e-09	5.589771e-13	4.531026e-09	3.408030e-12	
7  4.04516	2.248991e+00	1.160425e-01	1.042522e+00	7.553822e-02	2.330692e-09	2.109875e-09	5.512744e-13	4.519227e-09	3.221795e-12	
47  3.21584	2.248995e+00	1.160657e-01	1.042521e+00	7.566705e-02	2.331364e-09	2.109991e-09	6.530343e-13	4.522584e-09	2.680708e-12	
41  2.80182	2.249057e+00	1.160969e-01	1.042520e+00	7.582268e-02	2.330238e-09	2.110495e-09	5.843887e-13	4.514917e-09	2.441597e-12	
26  3.99789	2.249117e+00	1.160582e-01	1.042516e+00	7.584617e-02	2.332642e-09	2.111233e-09	4.099323e-13	4.517330e-09	1.737531e-12	
30  4.07177	2.249199e+00	1.160216e-01	1.042514e+00	7.605260e-02	2.332836e-09	2.110058e-09	6.258741e-13	4.523186e-09	3.816452e-12	
14  6.51908	2.249042e+00	1.160350e-01	1.042515e+00	7.596246e-02	2.332940e-09	2.109436e-09	6.883621e-13	4.528622e-09	1.894502e-12	
11  6.20277	2.249158e+00	1.160340e-01	1.042515e+00	7.589128e-02	2.331977e-09	2.109435e-09	9.711363e-13	4.537603e-09	3.043619e-12	
24  2.95706	2.249325e+00	1.160282e-01	1.042515e+00	7.601536e-02	2.331696e-09	2.110977e-09	6.571778e-13	4.542449e-09	2.821241e-12	
9  4.66228	2.249250e+00	1.160432e-01	1.042517e+00	7.593092e-02	2.331794e-09	2.111793e-09	7.983166e-13	4.536496e-09	3.101436e-12	
42  4.0198	2.249334e+00	1.160568e-01	1.042522e+00	7.611089e-02	2.331480e-09	2.112309e-09	7.285698e-13	4.534003e-09	3.093056e-12	
6  3.70288	2.248879e+00	1.160511e-01	1.042528e+00	7.593637e-02	2.333188e-09	2.111407e-09	5.047497e-13	4.519507e-09	3.143744e-12	
17  4.25266	2.248950e+00	1.160103e-01	1.042526e+00	7.595486e-02	2.333404e-09	2.111517e-09	7.207878e-13	4.522447e-09	2.625246e-12	
30  4.231	2.248763e+00	1.159756e-01	1.042526e+00	7.612687e-02	2.333769e-09	2.112071e-09	4.507452e-13	4.519197e-09	1.630443e-12	
8  2.8387	2.248678e+00	1.159587e-01	1.042529e+00	7.615698e-02	2.333031e-09	2.112028e-09	5.224807e-13	4.531675e-09	2.376050e-12	
15  4.52609	2.248871e+00	1.159468e-01	1.042525e+00	7.618761e-02	2.333787e-09	2.111930e-09	8.284828e-13	4.540544e-09	3.518191e-12	
6  2.93875	2.248721e+00	1.159320e-01	1.042523e+00	7.612031e-02	2.333382e-09	2.111956e-09	4.221200e-13	4.550272e-09	2.488244e-12	
22  4.87109	2.248727e+00	1.159105e-01	1.042523e+00	7.609074e-02	2.333985e-09	2.111164e-09	7.370875e-13	4.551671e-09	2.513788e-12	
56  2.05648	2.248577e+00	1.158975e-01	1.042523e+00	7.608787e-02	2.334897e-09	2.110961e-09	4.479424e-13	4.549427e-09	2.631734e-12	
8  3.542	2.248780e+00	1.159046e-01	1.042522e+00	7.616977e-02	2.334239e-09	2.110628e-09	6.499159e-13	4.544779e-09	2.822377e-12	
6  7.27759	2.248887e+00	1.159531e-01	1.042521e+00	7.617950e-02	2.334973e-09	2.111107e-09	1.079261e-12	4.552850e-09	3.426173e-12	
1  7.63308	2.248554e+00	1.159606e-01	1.042520e+00	7.616705e-02	2.335167e-09	2.110988e-09	9.725624e-13	4.541449e-09	4.812532e-12	
1  7.6982	2.248251e+00	1.159798e-01	1.042525e+00	7.624749e-02	2.335608e-09	2.110935e-09	1.046236e-12	4.544850e-09	3.590166e-12	
2  4.53336	2.248629e+00	1.159388e-01	1.042526e+00	7.642649e-02	2.336045e-09	2.111182e-09	4.099665e-13	4.547295e-09	1.433654e-12	
21  4.8605	2.248552e+00	1.159716e-01	1.042526e+00	7.654197e-02	2.335734e-09	2.110288e-09	5.839014e-13	4.554752e-09	2.795460e-12	
8  9.77909	2.248106e+00	1.159844e-01	1.042524e+00	7.666947e-02	2.336720e-09	2.110917e-09	9.652540e-13	4.555762e-09	3.872623e-12	
25  5.5054	2.248142e+00	1.159921e-01	1.042521e+00	7.668188e-02	2.336600e-09	2.110976e-09	3.797526e-13	4.558552e-09	3.461939e-12	
5  4.9945	2.248027e+00	1.159780e-01	1.042518e+00	7.683268e-02	2.335810e-09	2.111039e-09	4.786849e-13	4.546560e-09	3.408152e-12	
29  1.1001	2.248153e+00	1.159770e-01	1.042517e+00	7.686412e-02	2.336331e-09	2.111583e-09	2.113843e-13	4.549226e-09	1.653249e-12	
62  4.39174	2.248059e+00	1.159899e-01	1.042514e+00	7.698171e-02	2.337395e-09	2.110576e-09	3.237893e-13	4.552378e-09	2.596709e-12	
175  1.04214	2.248295e+00	1.160121e-01	1.042514e+00	7.687788e-02	2.336697e-09	2.112177e-09	3.000387e-13	4.551098e-09	2.191485e-12	
71  1.24862	2.247806e+00	1.159753e-01	1.042511e+00	7.689692e-02	2.336381e-09	2.112525e-09	2.534959e-13	4.553171e-09	1.458618e-12	
27  4.85581	2.247815e+00	1.159990e-01	1.042512e+00	7.685764e-02	2.336965e-09	2.113046e-09	1.245127e-13	4.554984e-09	1.114784e-12	
9  4.10432	2.247699e+00	1.159731e-01	1.042515e+00	7.691756e-02	2.336144e-09	2.113348e-09	5.723635e-13	4.547387e-09	2.058013e-12	
2  2.81146	2.247721e+00	1.159717e-01	1.042516e+00	7.693526e-02	2.335640e-09	2.113776e-09	6.220214e-13	4.540007e-09	3.131154e-12	
2  4.33601	2.248304e+00	1.159694e-01	1.042512e+00	7.705134e-02	2.335711e-09	2.113708e-09	7.282439e-13	4.523185e-09	2.851428e-12	
12  4.74703	2.248039e+00	1.159405e-01	1.042514e+00	7.703931e-02	2.336789e-09	2.113495e-09	7.129333e-13	4.525991e-09	2.965139e-12	
1  5.76152	2.248495e+00	1.159661e-01	1.042517e+00	7.697609e-02	2.337574e-09	2.115153e-09	7.029374e-13	4.527081e-09	1.910824e-12	
38  3.51203	2.248497e+00	1.159276e-01	1.042519e+00	7.706908e-02	2.337967e-09	2.114405e-09	6.063156e-13	4.524663e-09	2.387374e-12	
24  2.09305	2.248944e+00	1.159405e-01	1.042515e+00	7.727730e-02	2.336331e-09	2.113702e-09	3.739871e-13	4.524493e-09	2.711827e-12	
19  2.14886	2.248851e+00	1.159411e-01	1.042515e+00	7.715243e-02	2.335465e-09	2.113232e-09	4.574028e-13	4.532308e-09	2.513154e-12	
2  1.89083	2.249176e+00	1.159060e-01	1.042517e+00	7.698583e-02	2.336634e-09	2.111619e-09	2.749421e-13	4.521009e-09	2.207476e-12	
14  2.01798	2.248585e+00	1.159691e-01	1.042517e+00	7.692527e-02	2.336202e-09	2.112389e-09	3.945806e-13	4.519883e-09	2.074716e-12	
226  1.01615	2.248605e+00	1.160026e-01	1.042512e+00	7.695312e-02	2.335738e-09	2.112926e-09	3.170299e-13	4.525430e-09	2.135950e-12	
26  6.41639	2.248744e+00	1.159678e-01	1.042513e+00	7.683542e-02	2.335257e-09	2.113606e-09	4.317241e-13	4.512906e-09	1.069425e-12	
32  4.11557	2.248810e+00	1.159756e-01	1.042509e+00	7.682705e-02	2.334765e-09	2.114852e-09	6.134304e-13	4.521146e-09	2.012407e-12	
4  4.88321	2.248821e+00	1.159979e-01	1.042509e+00	7.682140e-02	2.334416e-09	2.114543e-09	8.882290e-13	4.529471e-09	3.996671e-12	
27  4.80096	2.248426e+00	1.159886e-01	1.042511e+00	7.690283e-02	2.333594e-09	2.115287e-09	7.757084e-13	4.540646e-09	2.303920e-12	
9  5.81672	2.248000e+00	1.159801e-01	1.042510e+00	7.686171e-02	2.333232e-09	2.115626e-09	9.424869e-13	4.548131e-09	2.645546e-12	
23  4.69667	2.247857e+00	1.159531e-01	1.042509e+00	7.689170e-02	2.331234e-09	2.116108e-09	4.522385e-13	4.531758e-09	1.886271e-12	
7  5.27343	2.247520e+00	1.159552e-01	1.042510e+00	7.688974e-02	2.331368e-09	2.116022e-09	6.015103e-13	4.529690e-09	1.801047e-12	
23  5.69533	2.247592e+00	1.159589e-01	1.042514e+00	7.705408e-02	2.330300e-09	2.116012e-09	5.543083e-13	4.538818e-09	1.455201e-12	
5  6.18163	2.247511e+00	1.159799e-01	1.042516e+00	7.713748e-02	2.329955e-09	2.114948e-09	2.383751e-13	4.537277e-09	7.790189e-13	
22  4.27313	2.247492e+00	1.159947e-01	1.042519e+00	7.711163e-02	2.328958e-09	2.115727e-09	5.376221e-13	4.526567e-09	3.524337e-12	
3  2.93219	2.247636e+00	1.160013e-01	1.042518e+00	7.724244e-02	2.329227e-09	2.115613e-09	7.712529e-13	4.522247e-09	3.137727e-12	
9  1.90476	2.247447e+00	1.159978e-01	1.042517e+00	7.727651e-02	2.330447e-09	2.115696e-09	4.192105e-13	4.530610e-09	2.667602e-12	
31  2.1691	2.247689e+00	1.160011e-01	1.042512e+00	7.742030e-02	2.330428e-09	2.114859e-09	5.564281e-13	4.529709e-09	2.646542e-12	
11  2.17861	2.247797e+00	1.160055e-01	1.042513e+00	7.737914e-02	2.328787e-09	2.115752e-09	6.168197e-13	4.517502e-09	3.147277e-12	
76  1.34038	2.247829e+00	1.159596e-01	1.042518e+00	7.722390e-02	2.328028e-09	2.114699e-09	4.080103e-13	4.518213e-09	2.260015e-12	
14  2.9919	2.247791e+00	1.159736e-01	1.042519e+00	7.709979e-02	2.327173e-09	2.114182e-09	5.637543e-13	4.517247e-09	3.543873e-12	
12  2.90599	2.247497e+00	1.159369e-01	1.042519e+00	7.702879e-02	2.327202e-09	2.113937e-09	4.811351e-13	4.513222e-09	1.837121e-12	
84  2.72974	2.247340e+00	1.159082e-01	1.042522e+00	7.703923e-02	2.326391e-09	2.114554e-09	4.945487e-13	4.524590e-09	1.925707e-12	
21  2.75255	2.246991e+00	1.159215e-01	1.042521e+00	7.705769e-02	2.326200e-09	2.114233e-09	3.805862e-13	4.534796e-09	2.920585e-12	
4  1.2586	2.246866e+00	1.158971e-01	1.042523e+00	7.711119e-02	2.326523e-09	2.114072e-09	2.893997e-13	4.544190e-09	1.816191e-12	
15  1.91143	2.246955e+00	1.158889e-01	1.042525e+00	7.718395e-02	2.326310e-09	2.113684e-09	4.147791e-13	4.548110e-09	2.018840e-12	
11  2.90872	2.246328e+00	1.158538e-01	1.042529e+00	7.707739e-02	2.326413e-09	2.113314e-09	5.186472e-13	4.528041e-09	2.437304e-12	
19  1.32978	2.246060e+00	1.158522e-01	1.042529e+00	7.702858e-02	2.327334e-09	2.113605e-09	3.051978e-13	4.526735e-09	1.693941e-12	
10  1.49885	2.246012e+00	1.158629e-01	1.042531e+00	7.735495e-02	2.326570e-09	2.113785e-09	2.984902e-13	4.519275e-09	2.350628e-12	
66  2.78796	2.245768e+00	1.158452e-01	1.042526e+00	7.726839e-02	2.327818e-09	2.113513e-09	2.111105e-13	4.515157e-09	1.149735e-12	
51  3.75881	2.245639e+00	1.157992e-01	1.042522e+00	7.712202e-02	2.326719e-09	2.113712e-09	5.949449e-13	4.519708e-09	2.867341e-12	
29  3.98847	2.245811e+00	1.158157e-01	1.042521e+00	7.703257e-02	2.327425e-09	2.112899e-09	5.504531e-13	4.514247e-09	2.697815e-12	
48  3.61838	2.245655e+00	1.158180e-01	1.042523e+00	7.705664e-02	2.326122e-09	2.111945e-09	4.039655e-13	4.514855e-09	2.778192e-12	
4  2.51567	2.245585e+00	1.158108e-01	1.042522e+00	7.704561e-02	2.327312e-09	2.113308e-09	3.301306e-13	4.523566e-09	1.570461e-12	
4  2.55015	2.245965e+00	1.157989e-01	1.042527e+00	7.710757e-02	2.327483e-09	2.113023e-09	2.889561e-13	4.516851e-09	2.661366e-12	
8  2.9809	2.245788e+00	1.157795e-01	1.042527e+00	7.711854e-02	2.326869e-09	2.113606e-09	5.050016e-13	4.508119e-09	3.087888e-12	
101  2.26322	2.246092e+00	1.157854e-01	1.042527e+00	7.719696e-02	2.327378e-09	2.113862e-09	4.004866e-13	4.510145e-09	2.051050e-12	
51  3.72568	2.245885e+00	1.158257e-01	1.042527e+00	7.713090e-02	2.327363e-09	2.112208e-09	3.185260e-13	4.527118e-09	1.677515e-12	
7  3.95588	2.245636e+00	1.158070e-01	1.042527e+00	7.715355e-02	2.327759e-09	2.113822e-09	4.990370e-13	4.532455e-09	2.089482e-12	
66  2.76801	2.245678e+00	1.158126e-01	1.042528e+00	7.709883e-02	2.327287e-09	2.113809e-09	4.620713e-13	4.527653e-09	3.201104e-12	
40  3.43775	2.245464e+00	1.157893e-01	1.042529e+00	7.710859e-02	2.326706e-09	2.116152e-09	5.841226e-13	4.521413e-09	2.377890e-12	
17  5.07352	2.245778e+00	1.157812e-01	1.042528e+00	7.708784e-02	2.326556e-09	2.115912e-09	7.049305e-13	4.523052e-09	2.260831e-12	
1  5.98867	2.245966e+00	1.157942e-01	1.042529e+00	7.713078e-02	2.327539e-09	2.115279e-09	6.869787e-13	4.525804e-09	4.353103e-12	
14  7.43429	2.246151e+00	1.157873e-01	1.042526e+00	7.732257e-02	2.327398e-09	2.115592e-09	8.600790e-13	4.516088e-09	2.343914e-12	
1  7.466	2.245918e+00	1.158047e-01	1.042523e+00	7.715130e-02	2.327779e-09	2.115133e-09	1.107199e-12	4.520974e-09	3.690892e-12	
25  2.74954	2.246148e+00	1.157892e-01	1.042521e+00	7.711785e-02	2.328584e-09	2.115010e-09	5.538826e-13	4.523931e-09	2.418461e-12	
9  2.9581	2.246227e+00	1.157890e-01	1.042520e+00	7.704622e-02	2.327968e-09	2.115103e-09	2.245230e-13	4.528147e-09	1.405678e-12	
67  1.68561	2.245508e+00	1.157982e-01	1.042523e+00	7.697642e-02	2.329622e-09	2.114986e-09	3.448448e-13	4.530986e-09	1.890763e-12	
23  2.10863	2.244878e+00	1.158060e-01	1.042519e+00	7.717320e-02	2.329175e-09	2.115839e-09	3.729574e-13	4.545103e-09	1.785189e-12	
4  3.56431	2.244788e+00	1.157990e-01	1.042519e+00	7.722595e-02	2.329651e-09	2.115969e-09	1.681559e-13	4.542949e-09	1.174596e-12	
45  2.85834	2.244300e+00	1.158133e-01	1.042518e+00	7.725251e-02	2.329085e-09	2.116606e-09	4.905886e-13	4.536719e-09	2.149784e-12	
6  3.50626	2.244554e+00	1.158004e-01	1.042519e+00	7.718070e-02	2.329671e-09	2.116456e-09	6.037841e-13	4.533783e-09	2.918692e-12	
11  2.6785	2.244698e+00	1.158037e-01	1.042517e+00	7.723696e-02	2.329771e-09	2.116231e-09	2.790635e-13	4.526635e-09	2.264653e-12	
1  2.74121	2.244656e+00	1.158333e-01	1.042515e+00	7.718491e-02	2.330230e-09	2.115752e-09	1.802002e-13	4.530175e-09	1.246504e-12	
9  2.3079	2.244771e+00	1.157874e-01	1.042514e+00	7.704735e-02	2.329048e-09	2.115492e-09	3.898093e-13	4.540608e-09	1.833003e-12	
38  2.91327	2.244983e+00	1.158038e-01	1.042514e+00	7.705356e-02	2.330353e-09	2.115987e-09	4.136600e-13	4.538402e-09	2.665964e-12	
9  1.58064	2.244806e+00	1.158146e-01	1.042514e+00	7.719456e-02	2.330738e-09	2.115654e-09	3.427653e-13	4.540120e-09	1.798929e-12	
46  2.41182	2.245028e+00	1.158117e-01	1.042516e+00	7.711557e-02	2.330861e-09	2.115040e-09	2.591337e-13	4.541244e-09	2.281659e-12	
20  2.6766	2.244599e+00	1.158432e-01	1.042517e+00	7.709381e-02	2.331047e-09	2.113966e-09	2.948432e-13	4.524193e-09	2.676717e-12	
14  1.72079	2.244499e+00	1.158321e-01	1.042516e+00	7.721890e-02	2.330751e-09	2.113863e-09	3.256688e-13	4.518468e-09	2.281949e-12	
62  1.44964	2.244794e+00	1.158556e-01	1.042517e+00	7.719821e-02	2.330703e-09	2.113571e-09	2.777803e-13	4.519277e-09	2.260282e-12	
74  1.92563	2.245065e+00	1.158758e-01	1.042515e+00	7.730046e-02	2.331885e-09	2.113409e-09	2.126266e-13	4.529093e-09	2.092901e-12	
45  1.79685	2.244664e+00	1.158732e-01	1.042518e+00	7.725510e-02	2.331119e-09	2.113639e-09	2.443823e-13	4.524951e-09	1.470371e-12	
28  2.30586	2.244998e+00	1.158695e-01	1.042515e+00	7.729780e-02	2.331299e-09	2.113855e-09	2.152711e-13	4.529608e-09	1.173415e-12	
3  1.18568	2.244817e+00	1.158694e-01	1.042515e+00	7.715532e-02	2.333126e-09	2.113627e-09	1.471967e-13	4.529129e-09	1.227289e-12	
64  1.77903	2.245038e+00	1.158485e-01	1.042518e+00	7.705619e-02	2.333984e-09	2.114511e-09	1.622225e-13	4.546386e-09	1.390573e-12	
18  2.34396	2.245421e+00	1.158727e-01	1.042518e+00	7.701439e-02	2.334110e-09	2.114633e-09	4.369985e-13	4.548044e-09	2.918996e-12	
40  1.82832	2.245063e+00	1.158759e-01	1.042516e+00	7.715837e-02	2.333892e-09	2.114871e-09	1.623451e-13	4.552179e-09	1.322134e-12	
36  3.13804	2.245157e+00	1.158828e-01	1.042516e+00	7.718870e-02	2.332194e-09	2.114731e-09	4.000272e-13	4.552417e-09	1.601776e-12	
27  2.16688	2.245324e+00	1.158771e-01	1.042521e+00	7.700553e-02	2.331339e-09	2.114428e-09	2.733771e-13	4.555676e-09	1.288858e-12	
5  1.46435	2.245261e+00	1.158976e-01	1.042518e+00	7.701550e-02	2.332489e-09	2.114766e-09	3.894019e-13	4.549359e-09	2.541617e-12	
56  2.06224	2.245154e+00	1.158937e-01	1.042516e+00	7.711560e-02	2.332768e-09	2.113486e-09	3.220751e-13	4.545307e-09	2.616487e-12	
1  1.863	2.245032e+00	1.159003e-01	1.042516e+00	7.706842e-02	2.332582e-09	2.113334e-09	3.146557e-13	4.542133e-09	2.549614e-12	
34  0.648366	2.244971e+00	1.158942e-01	1.042521e+00	7.702567e-02	2.332575e-09	2.113131e-09	1.896946e-13	4.539955e-09	1.646341e-12	
41  1.84596	2.244885e+00	1.158697e-01	1.042524e+00	7.690970e-02	2.332464e-09	2.113834e-09	1.565227e-13	4.540497e-09	1.393074e-12	
63  1.17872	2.244750e+00	1.158782e-01	1.042527e+00	7.674147e-02	2.331549e-09	2.113638e-09	3.570728e-13	4.544418e-09	2.077331e-12	
57  2.95115	2.244888e+00	1.158996e-01	1.042526e+00	7.664536e-02	2.332615e-09	2.113178e-09	4.029663e-13	4.546721e-09	1.701417e-12	
4  1.24389	2.245003e+00	1.158749e-01	1.042526e+00	7.683435e-02	2.332266e-09	2.113883e-09	3.570268e-13	4.547620e-09	1.995021e-12	
41  1.45204	2.244822e+00	1.158932e-01	1.042525e+00	7.665416e-02	2.330779e-09	2.113862e-09	3.181346e-13	4.548305e-09	2.233978e-12	
80  0.811461	2.244737e+00	1.158682e-01	1.042523e+00	7.662828e-02	2.330620e-09	2.112334e-09	2.782031e-13	4.558386e-09	1.709250e-12	
27  1.67907	2.244710e+00	1.158961e-01	1.042527e+00	7.648549e-02	2.331081e-09	2.113020e-09	4.215353e-13	4.555581e-09	2.413993e-12	
211  0.640885	2.244724e+00	1.158921e-01	1.042529e+00	7.642969e-02	2.330396e-09	2.111894e-09	2.454958e-13	4.550310e-09	1.956041e-12	
82  0.844326	2.244975e+00	1.159025e-01	1.042529e+00	7.655145e-02	2.327609e-09	2.112169e-09	2.243613e-13	4.566417e-09	1.761878e-12	
14  1.52047	2.244958e+00	1.158828e-01	1.042531e+00	7.649799e-02	2.327942e-09	2.112972e-09	2.899211e-13	4.572733e-09	2.146147e-12	
196  0.823994	2.245345e+00	1.158925e-01	1.042529e+00	7.659587e-02	2.326388e-09	2.112079e-09	3.550015e-13	4.557739e-09	2.288921e-12	
23  1.08014	2.245482e+00	1.159469e-01	1.042529e+00	7.664519e-02	2.326644e-09	2.113060e-09	4.216761e-13	4.558730e-09	2.404462e-12	
50  1.46577	2.245207e+00	1.159049e-01	1.042527e+00	7.652098e-02	2.326324e-09	2.113190e-09	3.927066e-13	4.560633e-09	2.346371e-12	
80  1.2252	2.245303e+00	1.158869e-01	1.042529e+00	7.643822e-02	2.326606e-09	2.112624e-09	3.446900e-13	4.559938e-09	2.188795e-12	
103  1.79942	2.245168e+00	1.159059e-01	1.042531e+00	7.670932e-02	2.325829e-09	2.112511e-09	2.727896e-13	4.549991e-09	1.408169e-12	
23  4.62914	2.244907e+00	1.158969e-01	1.042528e+00	7.688829e-02	2.326049e-09	2.112917e-09	5.838444e-13	4.569756e-09	3.844949e-12	
28  2.09779	2.245265e+00	1.158922e-01	1.042532e+00	7.687333e-02	2.326594e-09	2.112524e-09	3.544278e-13	4.569627e-09	2.850092e-12	
46  4.04748	2.245189e+00	1.159022e-01	1.042533e+00	7.699298e-02	2.326700e-09	2.112522e-09	4.430963e-13	4.562335e-09	3.424250e-12	
6  6.08568	2.245383e+00	1.158991e-01	1.042537e+00	7.693783e-02	2.326357e-09	2.113302e-09	5.882733e-13	4.561529e-09	1.850368e-12	
18  3.36115	2.245308e+00	1.158955e-01	1.042541e+00	7.685750e-02	2.326591e-09	2.112941e-09	4.357164e-13	4.568381e-09	3.420681e-12	
7  3.04171	2.245164e+00	1.159154e-01	1.042541e+00	7.704638e-02	2.327738e-09	2.113405e-09	5.288241e-13	4.575442e-09	2.578587e-12	
52  3.29733	2.245078e+00	1.159563e-01	1.042542e+00	7.717848e-02	2.327969e-09	2.113042e-09	3.590638e-13	4.580722e-09	1.780476e-12	
3  9.07526	2.245131e+00	1.159600e-01	1.042547e+00	7.709680e-02	2.328154e-09	2.113295e-09	6.835300e-13	4.578864e-09	2.005425e-12	
8  5.82919	2.245111e+00	1.159171e-01	1.042546e+00	7.696798e-02	2.328515e-09	2.112606e-09	6.787764e-13	4.571896e-09	3.393762e-12	
5  5.33155	2.244915e+00	1.159018e-01	1.042547e+00	7.711476e-02	2.327949e-09	2.112084e-09	4.846149e-13	4.577421e-09	3.025584e-12	
5  0.958585	2.245122e+00	1.158887e-01	1.042547e+00	7.681730e-02	2.328321e-09	2.113299e-09	2.909692e-13	4.579890e-09	1.735757e-12	
45  3.0949	2.245125e+00	1.159004e-01	1.042544e+00	7.665481e-02	2.327619e-09	2.114285e-09	5.607612e-13	4.582911e-09	2.332782e-12	
2  3.75812	2.245153e+00	1.159182e-01	1.042547e+00	7.657386e-02	2.327487e-09	2.114401e-09	4.886591e-13	4.582194e-09	3.206483e-12	
112  1.33595	2.245082e+00	1.159403e-01	1.042545e+00	7.645773e-02	2.327491e-09	2.112380e-09	3.453481e-13	4.574166e-09	2.595101e-12	
4  2.12444	2.245531e+00	1.159392e-01	1.042543e+00	7.644314e-02	2.327776e-09	2.113030e-09	5.266969e-13	4.574633e-09	2.531553e-12	
20  2.39778	2.245360e+00	1.159514e-01	1.042540e+00	7.643408e-02	2.326975e-09	2.112721e-09	5.946995e-13	4.572226e-09	2.818135e-12	
14  2.22019	2.245785e+00	1.159606e-01	1.042538e+00	7.637164e-02	2.326861e-09	2.112131e-09	2.225318e-13	4.579546e-09	1.438204e-12	
13  1.76027	2.245897e+00	1.159461e-01	1.042535e+00	7.647828e-02	2.329086e-09	2.112011e-09	4.970869e-13	4.598228e-09	2.465637e-12	
46  3.65356	2.245792e+00	1.159606e-01	1.042536e+00	7.632896e-02	2.329470e-09	2.112511e-09	6.819293e-13	4.597446e-09	2.621334e-12	
6  4.60875	2.245703e+00	1.159346e-01	1.042533e+00	7.627662e-02	2.328369e-09	2.112661e-09	4.601478e-13	4.597801e-09	1.477943e-12	
8  2.40038	2.245499e+00	1.159259e-01	1.042536e+00	7.638137e-02	2.328482e-09	2.112570e-09	4.308293e-13	4.599326e-09	1.849871e-12	
7  4.35286	2.245604e+00	1.159340e-01	1.042534e+00	7.635446e-02	2.327166e-09	2.112441e-09	1.856305e-13	4.609823e-09	1.626228e-12	
12  2.22716	2.245484e+00	1.159124e-01	1.042533e+00	7.644089e-02	2.328111e-09	2.113166e-09	4.941874e-13	4.611292e-09	2.329422e-12	
12  4.35047	2.245582e+00	1.159109e-01	1.042535e+00	7.637254e-02	2.329807e-09	2.113678e-09	7.301914e-13	4.609070e-09	3.029712e-12	
45  4.0195	2.245741e+00	1.159162e-01	1.042534e+00	7.632026e-02	2.331748e-09	2.113624e-09	5.768797e-13	4.608189e-09	3.150457e-12	
32  6.62606	2.245857e+00	1.158979e-01	1.042535e+00	7.634837e-02	2.332428e-09	2.113307e-09	4.860731e-13	4.620037e-09	3.702259e-12	
5  8.64913	2.245852e+00	1.159145e-01	1.042536e+00	7.624510e-02	2.332683e-09	2.113451e-09	1.184205e-12	4.620787e-09	3.997162e-12	
1  8.25676	2.245543e+00	1.159192e-01	1.042539e+00	7.633475e-02	2.332002e-09	2.113386e-09	5.301038e-13	4.625408e-09	1.167936e-12	
1  9.81614	2.245496e+00	1.159693e-01	1.042542e+00	7.613380e-02	2.332947e-09	2.112880e-09	4.824721e-13	4.620850e-09	8.863440e-13	
6  10.4283	2.245564e+00	1.159548e-01	1.042538e+00	7.591645e-02	2.331678e-09	2.113676e-09	1.128012e-12	4.609471e-09	2.882118e-12	
10  8.86489	2.245423e+00	1.159484e-01	1.042544e+00	7.614121e-02	2.331772e-09	2.112875e-09	1.208571e-12	4.596114e-09	4.334162e-12	
1  9.5265	2.245228e+00	1.159395e-01	1.042542e+00	7.628671e-02	2.331117e-09	2.112951e-09	1.196536e-12	4.584819e-09	5.066992e-12	
5  9.32393	2.244768e+00	1.159670e-01	1.042539e+00	7.635293e-02	2.331579e-09	2.112729e-09	1.196912e-12	4.577032e-09	4.323953e-12	
22  6.71734	2.245022e+00	1.159798e-01	1.042537e+00	7.651616e-02	2.331201e-09	2.112190e-09	7.367687e-13	4.586636e-09	4.445818e-12	
7  8.32685	2.244973e+00	1.159456e-01	1.042535e+00	7.656434e-02	2.331224e-09	2.111754e-09	8.603007e-13	4.578578e-09	4.470286e-12	
2  6.73268	2.245310e+00	1.159371e-01	1.042533e+00	7.648815e-02	2.331749e-09	2.110792e-09	6.925366e-13	4.579302e-09	3.684570e-12	
19  4.57754	2.245051e+00	1.159249e-01	1.042531e+00	7.646946e-02	2.330784e-09	2.111294e-09	4.680075e-13	4.586984e-09	3.591876e-12	
61  0.632445	2.244972e+00	1.159429e-01	1.042527e+00	7.654647e-02	2.330290e-09	2.111943e-09	3.204654e-13	4.587984e-09	2.204553e-12	
11  3.52931	2.244922e+00	1.159908e-01	1.042532e+00	7.634041e-02	2.330719e-09	2.112465e-09	3.374815e-13	4.584657e-09	2.912741e-12	
18  1.35731	2.244802e+00	1.160226e-01	1.042527e+00	7.627412e-02	2.329115e-09	2.111771e-09	3.168212e-13	4.584651e-09	2.433212e-12	
22  3.0976	2.244561e+00	1.160167e-01	1.042528e+00	7.620116e-02	2.329354e-09	2.109989e-09	4.664680e-13	4.574643e-09	2.381030e-12	
196  1.09986	2.244665e+00	1.160227e-01	1.042529e+00	7.633935e-02	2.329390e-09	2.109893e-09	2.228008e-13	4.577775e-09	1.468819e-12	
3  1.4238	2.244880e+00	1.160686e-01	1.042523e+00	7.605541e-02	2.328556e-09	2.110528e-09	2.338737e-13	4.579448e-09	1.298739e-12	
50  1.29812	2.245007e+00	1.160763e-01	1.042524e+00	7.602411e-02	2.328935e-09	2.109689e-09	3.272078e-13	4.574478e-09	1.683944e-12	
4  3.73559	2.245171e+00	1.160714e-01	1.042520e+00	7.589372e-02	2.328062e-09	2.109677e-09	1.494292e-13	4.567978e-09	1.559078e-12	
15  3.96655	2.245152e+00	1.160794e-01	1.042519e+00	7.605532e-02	2.327252e-09	2.110687e-09	2.274441e-13	4.570327e-09	2.302624e-12	
1  2.04224	2.245167e+00	1.161100e-01	1.042517e+00	7.605867e-02	2.327775e-09	2.110546e-09	4.774458e-13	4.579912e-09	3.115109e-12	
16  2.02653	2.245394e+00	1.161140e-01	1.042516e+00	7.610993e-02	2.327784e-09	2.111541e-09	2.685342e-13	4.582341e-09	1.971099e-12	
34  1.75356	2.245336e+00	1.161362e-01	1.042518e+00	7.619334e-02	2.328781e-09	2.110127e-09	2.202499e-13	4.578867e-09	1.181899e-12	
27  2.01331	2.245488e+00	1.161318e-01	1.042513e+00	7.621767e-02	2.328641e-09	2.107963e-09	2.106200e-13	4.585656e-09	1.837515e-12	
25  2.39232	2.245815e+00	1.161228e-01	1.042513e+00	7.619541e-02	2.328055e-09	2.108058e-09	2.291884e-13	4.597733e-09	1.404962e-12	
4  2.58809	2.245567e+00	1.161133e-01	1.042512e+00	7.605859e-02	2.328427e-09	2.107832e-09	3.588032e-13	4.616915e-09	2.100346e-12	
68  2.98696	2.245372e+00	1.160969e-01	1.042510e+00	7.604300e-02	2.328904e-09	2.109408e-09	5.533402e-13	4.603979e-09	2.476583e-12	
8  2.74943	2.245439e+00	1.160989e-01	1.042506e+00	7.608778e-02	2.330675e-09	2.108799e-09	2.738673e-13	4.595324e-09	1.242593e-12	
40  2.36234	2.245874e+00	1.161076e-01	1.042508e+00	7.611567e-02	2.330439e-09	2.108818e-09	3.369383e-13	4.591056e-09	2.744300e-12	
21  3.43224	2.245545e+00	1.161062e-01	1.042508e+00	7.609786e-02	2.329612e-09	2.109478e-09	5.863082e-13	4.598279e-09	2.614576e-12	
8  3.46197	2.245666e+00	1.160783e-01	1.042509e+00	7.614424e-02	2.329675e-09	2.108758e-09	3.161386e-13	4.596407e-09	1.373009e-12	
3  2.33133	2.245785e+00	1.160841e-01	1.042502e+00	7.623096e-02	2.329017e-09	2.108796e-09	3.099070e-13	4.610400e-09	1.584076e-12	
31  2.00089	2.245742e+00	1.161002e-01	1.042505e+00	7.624016e-02	2.327706e-09	2.110744e-09	2.922586e-13	4.588843e-09	2.428783e-12	
28  2.11302	2.245725e+00	1.161197e-01	1.042506e+00	7.627905e-02	2.327524e-09	2.110062e-09	5.063573e-13	4.589976e-09	2.904605e-12	
19  3.71231	2.245874e+00	1.161324e-01	1.042508e+00	7.607592e-02	2.327391e-09	2.110937e-09	4.157391e-13	4.592316e-09	1.284940e-12	
16  3.78104	2.245654e+00	1.161299e-01	1.042502e+00	7.597580e-02	2.326515e-09	2.110570e-09	6.945731e-13	4.587066e-09	2.166744e-12	
20  3.18655	2.245104e+00	1.161620e-01	1.042503e+00	7.587084e-02	2.327618e-09	2.110712e-09	7.392799e-13	4.580084e-09	3.384787e-12	
3  6.29968	2.245080e+00	1.161864e-01	1.042504e+00	7.612980e-02	2.327000e-09	2.111120e-09	9.371125e-13	4.581473e-09	2.469874e-12	
8  7.56577	2.245032e+00	1.161509e-01	1.042502e+00	7.623994e-02	2.327240e-09	2.111365e-09	1.124318e-12	4.581347e-09	3.035634e-12	
1  7.3002	2.245030e+00	1.161483e-01	1.042502e+00	7.619124e-02	2.327401e-09	2.110840e-09	1.017735e-12	4.569840e-09	4.702059e-12	
1  6.40412	2.245401e+00	1.161533e-01	1.042504e+00	7.626640e-02	2.326490e-09	2.111161e-09	7.609134e-13	4.564834e-09	1.901052e-12	
33  0.768765	2.245210e+00	1.161727e-01	1.042500e+00	7.617929e-02	2.327398e-09	2.110522e-09	2.460126e-13	4.566241e-09	1.696742e-12	
10  3.37264	2.245349e+00	1.161989e-01	1.042504e+00	7.623326e-02	2.327315e-09	2.110244e-09	2.951090e-13	4.569773e-09	1.095672e-12	
199  1.40766	2.245415e+00	1.162297e-01	1.042507e+00	7.643189e-02	2.326704e-09	2.110682e-09	3.199693e-13	4.577008e-09	1.629519e-12	
20  1.5858	2.245261e+00	1.162274e-01	1.042507e+00	7.643953e-02	2.327993e-09	2.110976e-09	2.374184e-13	4.578385e-09	1.291183e-12	
1  1.3581	2.245252e+00	1.162246e-01	1.042509e+00	7.643159e-02	2.328639e-09	2.112718e-09	5.404033e-13	4.564623e-09	2.726619e-12	
1  3.02863	2.245443e+00	1.162112e-01	1.042508e+00	7.649909e-02	2.328277e-09	2.112704e-09	5.168856e-13	4.561769e-09	3.427854e-12	
2  6.54445	2.245114e+00	1.161847e-01	1.042514e+00	7.656535e-02	2.328568e-09	2.112191e-09	6.936586e-13	4.561962e-09	4.531522e-12	
4  7.45034	2.245458e+00	1.161425e-01	1.042517e+00	7.671485e-02	2.328601e-09	2.112093e-09	8.402006e-13	4.552622e-09	2.516771e-12	
2  5.11237	2.245265e+00	1.161488e-01	1.042516e+00	7.651910e-02	2.327629e-09	2.112927e-09	1.018380e-12	4.564539e-09	3.557963e-12	
18  5.13295	2.245314e+00	1.161690e-01	1.042517e+00	7.648016e-02	2.328719e-09	2.113909e-09	9.141116e-13	4.576517e-09	4.272614e-12	
15  3.34418	2.245533e+00	1.161380e-01	1.042519e+00	7.651393e-02	2.329542e-09	2.113962e-09	7.840836e-13	4.579734e-09	2.991631e-12	
1  1.42032	2.245721e+00	1.161552e-01	1.042516e+00	7.653001e-02	2.328396e-09	2.112753e-09	5.528170e-13	4.573475e-09	2.773858e-12	
60  0.973753	2.245660e+00	1.161541e-01	1.042513e+00	7.672482e-02	2.329171e-09	2.111711e-09	2.361145e-13	4.565012e-09	1.562500e-12	
1  1.4145	2.246092e+00	1.161675e-01	1.042515e+00	7.688224e-02	2.329230e-09	2.112991e-09	4.993865e-13	4.567339e-09	2.573552e-12	
15  1.64618	2.246018e+00	1.162087e-01	1.042516e+00	7.661425e-02	2.329415e-09	2.113485e-09	4.003956e-13	4.566465e-09	2.587717e-12	
9  3.11962	2.246205e+00	1.162388e-01	1.042515e+00	7.659098e-02	2.329065e-09	2.114322e-09	6.381176e-13	4.555826e-09	2.129281e-12	
7  3.07091	2.246184e+00	1.162764e-01	1.042517e+00	7.660897e-02	2.330587e-09	2.113479e-09	2.330224e-13	4.553949e-09	1.372309e-12	
1  1.27851	2.246171e+00	1.162947e-01	1.042515e+00	7.662222e-02	2.330509e-09	2.113466e-09	5.243880e-13	4.559633e-09	2.416220e-12	
12  2.27912	2.246221e+00	1.163191e-01	1.042515e+00	7.661358e-02	2.330596e-09	2.113890e-09	3.473256e-13	4.565765e-09	1.645186e-12	
144  0.889999	2.245498e+00	1.162909e-01	1.042515e+00	7.662328e-02	2.330553e-09	2.113382e-09	4.275186e-13	4.578169e-09	2.324325e-12	
95  1.18071	2.245744e+00	1.163010e-01	1.042514e+00	7.671358e-02	2.329469e-09	2.113320e-09	4.507214e-13	4.581576e-09	2.055002e-12	
4  1.58244	2.246019e+00	1.162780e-01	1.042518e+00	7.680646e-02	2.329524e-09	2.113828e-09	3.970716e-13	4.596499e-09	1.773714e-12	
17  1.9247	2.246132e+00	1.162509e-01	1.042518e+00	7.669166e-02	2.330498e-09	2.114029e-09	3.402020e-13	4.583878e-09	1.731252e-12	
13  3.64523	2.246493e+00	1.162624e-01	1.042518e+00	7.662550e-02	2.331153e-09	2.114753e-09	4.824249e-13	4.579040e-09	1.686856e-12	
30  2.05593	2.246689e+00	1.162265e-01	1.042521e+00	7.665510e-02	2.332386e-09	2.113875e-09	4.682428e-13	4.563787e-09	1.887634e-12	
38  1.88664	2.246721e+00	1.162413e-01	1.042520e+00	7.678214e-02	2.332260e-09	2.113439e-09	2.861638e-13	4.567910e-09	2.190006e-12	
9  1.26538	2.246748e+00	1.162267e-01	1.042519e+00	7.688352e-02	2.331653e-09	2.112521e-09	4.219619e-13	4.568125e-09	2.425948e-12	
11  1.88472	2.246597e+00	1.162203e-01	1.042516e+00	7.678503e-02	2.331485e-09	2.112284e-09	5.089666e-13	4.561165e-09	2.501657e-12	
14  2.27024	2.246860e+00	1.162486e-01	1.042516e+00	7.662972e-02	2.331013e-09	2.113526e-09	3.214881e-13	4.557898e-09	1.542945e-12	
28  1.97617	2.246862e+00	1.162759e-01	1.042514e+00	7.658096e-02	2.330506e-09	2.113522e-09	4.477771e-13	4.562435e-09	1.872124e-12	
24  2.08418	2.247050e+00	1.162823e-01	1.042513e+00	7.675089e-02	2.329984e-09	2.113739e-09	5.745460e-13	4.573033e-09	3.175421e-12	
2  2.952	2.246969e+00	1.162840e-01	1.042514e+00	7.682515e-02	2.329600e-09	2.114059e-09	3.560189e-13	4.570001e-09	2.559899e-12	
14  3.30393	2.246902e+00	1.162816e-01	1.042513e+00	7.686158e-02	2.329382e-09	2.112555e-09	6.116455e-13	4.567345e-09	3.658862e-12	
8  3.29599	2.246626e+00	1.162719e-01	1.042511e+00	7.671543e-02	2.330293e-09	2.113871e-09	6.555909e-13	4.581707e-09	3.700922e-12	
10  3.70745	2.246981e+00	1.162618e-01	1.042513e+00	7.667017e-02	2.330922e-09	2.113323e-09	4.626798e-13	4.590342e-09	3.316165e-12	
5  3.00628	2.247441e+00	1.162545e-01	1.042514e+00	7.675527e-02	2.331182e-09	2.114474e-09	8.206260e-13	4.594372e-09	3.306931e-12	
5  2.78202	2.247771e+00	1.162080e-01	1.042516e+00	7.677847e-02	2.330759e-09	2.114627e-09	6.476101e-13	4.590261e-09	3.110292e-12	
8  1.88125	2.247854e+00	1.161917e-01	1.042518e+00	7.673987e-02	2.330625e-09	2.112776e-09	4.878230e-13	4.600918e-09	3.014420e-12	
12  2.37329	2.247866e+00	1.161763e-01	1.042514e+00	7.678606e-02	2.330464e-09	2.113431e-09	6.840892e-13	4.586826e-09	3.366123e-12	
34  3.40234	2.247673e+00	1.161898e-01	1.042514e+00	7.661837e-02	2.330954e-09	2.112358e-09	8.083245e-13	4.579837e-09	3.744896e-12	
21  5.19944	2.247885e+00	1.161748e-01	1.042515e+00	7.662597e-02	2.330129e-09	2.111664e-09	9.725391e-13	4.570944e-09	3.945090e-12	
21  6.35859	2.247763e+00	1.162038e-01	1.042520e+00	7.682433e-02	2.330343e-09	2.110765e-09	6.853580e-13	4.576288e-09	2.759238e-12	
149  1.17819	2.247431e+00	1.162075e-01	1.042518e+00	7.672866e-02	2.329915e-09	2.112116e-09	4.540022e-13	4.577539e-09	2.524904e-12	
27  5.66379	2.247303e+00	1.161946e-01	1.042514e+00	7.690804e-02	2.330504e-09	2.112744e-09	6.979226e-13	4.583164e-09	4.389021e-12	
1  1.99235	2.247484e+00	1.161894e-01	1.042512e+00	7.700416e-02	2.330137e-09	2.113585e-09	5.516007e-13	4.580465e-09	2.264088e-12	
68  1.57858	2.247433e+00	1.162129e-01	1.042514e+00	7.690942e-02	2.330868e-09	2.113712e-09	4.209942e-13	4.579941e-09	1.886249e-12	
7  2.19389	2.247289e+00	1.162507e-01	1.042515e+00	7.704626e-02	2.329694e-09	2.113348e-09	5.987864e-13	4.567386e-09	2.679809e-12	
14  3.10367	2.247407e+00	1.161764e-01	1.042511e+00	7.704835e-02	2.330400e-09	2.114503e-09	6.676199e-13	4.565340e-09	3.712190e-12	
21  1.92467	2.247433e+00	1.161400e-01	1.042506e+00	7.704686e-02	2.331342e-09	2.113097e-09	5.081196e-13	4.553687e-09	2.896246e-12	
2  4.17379	2.247407e+00	1.161154e-01	1.042508e+00	7.682467e-02	2.332172e-09	2.112997e-09	4.411729e-13	4.554732e-09	3.450774e-12	
8  2.68237	2.247182e+00	1.160987e-01	1.042505e+00	7.664452e-02	2.333322e-09	2.113642e-09	3.249413e-13	4.560782e-09	2.363890e-12	
11  3.21292	2.247239e+00	1.160197e-01	1.042505e+00	7.659572e-02	2.334145e-09	2.113489e-09	3.398177e-13	4.574811e-09	1.280100e-12	
3  3.81187	2.247448e+00	1.160101e-01	1.042505e+00	7.656597e-02	2.336699e-09	2.113640e-09	5.982046e-13	4.574489e-09	1.966989e-12	
27  1.02381	2.247480e+00	1.159960e-01	1.042503e+00	7.656997e-02	2.336783e-09	2.111459e-09	3.103798e-13	4.572013e-09	2.306898e-12	
19  1.75238	2.247334e+00	1.160714e-01	1.042506e+00	7.661023e-02	2.336691e-09	2.112423e-09	4.988625e-13	4.581768e-09	2.834274e-12	
22  1.58181	2.247220e+00	1.161229e-01	1.042509e+00	7.651221e-02	2.337756e-09	2.112870e-09	5.003202e-13	4.586510e-09	2.655217e-12	
152  1.70611	2.247502e+00	1.161003e-01	1.042510e+00	7.660976e-02	2.338485e-09	2.113343e-09	3.072900e-13	4.594638e-09	1.553882e-12	
52  0.782621	2.247376e+00	1.160840e-01	1.042510e+00	7.676090e-02	2.338239e-09	2.111873e-09	2.889585e-13	4.595801e-09	2.132695e-12	
6  0.67786	2.247297e+00	1.161049e-01	1.042509e+00	7.672509e-02	2.337687e-09	2.112659e-09	2.755229e-13	4.591088e-09	1.666216e-12	
66  1.99114	2.247154e+00	1.160899e-01	1.042511e+00	7.688797e-02	2.337296e-09	2.112651e-09	1.683056e-13	4.589652e-09	1.155558e-12	
19  0.820478	2.246704e+00	1.160909e-01	1.042512e+00	7.686971e-02	2.337964e-09	2.113252e-09	3.594451e-13	4.591405e-09	2.359528e-12	
38  3.10084	2.246639e+00	1.160803e-01	1.042510e+00	7.675036e-02	2.338230e-09	2.112719e-09	5.095509e-13	4.592079e-09	2.050084e-12	
72  3.08084	2.246577e+00	1.160843e-01	1.042506e+00	7.692149e-02	2.336401e-09	2.112767e-09	1.345911e-13	4.591073e-09	9.849514e-13	
16  2.50668	2.246743e+00	1.160702e-01	1.042502e+00	7.670256e-02	2.334860e-09	2.112747e-09	6.096085e-13	4.590223e-09	2.994776e-12	
