7  60.9112	2.245154e+00	1.162819e-01	1.042485e+00	7.541075e-02	2.343413e-09	2.108742e-09	2.580131e-12	4.486319e-09	-2.074046e-12	
2  46.0413	2.244927e+00	1.162619e-01	1.042485e+00	7.548029e-02	2.342921e-09	2.108836e-09	3.227037e-12	4.487290e-09	9.349165e-13	
3  46.1755	2.244908e+00	1.162227e-01	1.042484e+00	7.576170e-02	2.343522e-09	2.108294e-09	1.035277e-12	4.488414e-09	-8.050834e-13	
1  43.4544	2.244957e+00	1.162002e-01	1.042482e+00	7.558562e-02	2.343275e-09	2.108956e-09	2.244283e-12	4.494014e-09	1.984311e-13	
1  42.6648	2.244861e+00	1.162428e-01	1.042483e+00	7.549190e-02	2.344422e-09	2.108739e-09	2.641522e-12	4.489953e-09	9.959513e-13	
2  26.7917	2.245339e+00	1.162678e-01	1.042481e+00	7.560512e-02	2.343795e-09	2.107773e-09	1.901624e-12	4.496342e-09	3.848628e-12	
4  23.8568	2.245525e+00	1.162503e-01	1.042484e+00	7.571050e-02	2.343973e-09	2.107550e-09	1.546807e-12	4.510613e-09	4.102503e-12	
1  19.4411	2.245540e+00	1.162723e-01	1.042484e+00	7.571772e-02	2.343167e-09	2.107877e-09	1.360546e-12	4.500019e-09	5.268960e-12	
6  19.0098	2.245416e+00	1.162774e-01	1.042482e+00	7.578191e-02	2.343958e-09	2.107661e-09	1.058761e-12	4.505708e-09	5.418880e-12	
2  13.4827	2.245596e+00	1.162768e-01	1.042484e+00	7.559079e-02	2.342959e-09	2.108640e-09	1.036594e-12	4.500450e-09	2.491379e-12	
33  5.37923	2.245819e+00	1.162386e-01	1.042487e+00	7.578417e-02	2.342598e-09	2.108707e-09	4.588656e-13	4.510269e-09	1.716474e-12	
34  4.66107	2.245703e+00	1.162204e-01	1.042485e+00	7.582302e-02	2.342726e-09	2.108251e-09	2.591705e-13	4.504116e-09	2.711732e-12	
45  4.66072	2.245442e+00	1.162234e-01	1.042486e+00	7.582036e-02	2.341496e-09	2.107767e-09	2.265985e-13	4.489751e-09	2.528207e-12	
32  0.762358	2.245600e+00	1.162290e-01	1.042488e+00	7.579050e-02	2.340660e-09	2.107621e-09	1.593976e-13	4.484108e-09	1.289438e-12	
50  0.632351	2.245287e+00	1.162198e-01	1.042489e+00	7.575432e-02	2.341043e-09	2.108121e-09	1.651004e-13	4.477697e-09	1.591163e-12	
43  0.876824	2.245525e+00	1.162553e-01	1.042489e+00	7.579712e-02	2.340351e-09	2.107826e-09	1.382193e-13	4.480017e-09	1.168727e-12	
31  0.965355	2.245361e+00	1.162105e-01	1.042493e+00	7.555621e-02	2.340565e-09	2.107365e-09	2.316889e-13	4.491951e-09	1.507376e-12	
1  0.207787	2.245556e+00	1.162444e-01	1.042497e+00	7.550428e-02	2.340266e-09	2.107475e-09	2.000921e-13	4.478557e-09	1.640747e-12	
1  0.503063	2.245508e+00	1.162441e-01	1.042494e+00	7.564399e-02	2.339818e-09	2.107780e-09	1.726428e-13	4.486229e-09	1.603079e-12	
434  0.0952722	2.245295e+00	1.162250e-01	1.042501e+00	7.567848e-02	2.339856e-09	2.108585e-09	1.874679e-13	4.484857e-09	1.455971e-12	
111  1.1069	2.244898e+00	1.162465e-01	1.042501e+00	7.573217e-02	2.340602e-09	2.109263e-09	2.290507e-13	4.473513e-09	2.121542e-12	
18  1.1328	2.244940e+00	1.162211e-01	1.042500e+00	7.573154e-02	2.341117e-09	2.110592e-09	2.642793e-13	4.479941e-09	1.405904e-12	
157  1.95871	2.244922e+00	1.162572e-01	1.042500e+00	7.559067e-02	2.340930e-09	2.109220e-09	2.227632e-13	4.489011e-09	2.180306e-12	
42  1.62591	2.245226e+00	1.162463e-01	1.042495e+00	7.560515e-02	2.341254e-09	2.109159e-09	2.566654e-13	4.482833e-09	1.211397e-12	
6  2.3573	2.245389e+00	1.162598e-01	1.042495e+00	7.560099e-02	2.340843e-09	2.108843e-09	2.326233e-13	4.474270e-09	1.004075e-12	
17  4.11727	2.245407e+00	1.162733e-01	1.042496e+00	7.559473e-02	2.340847e-09	2.108890e-09	5.680039e-13	4.477982e-09	2.631459e-12	
73  3.10611	2.245570e+00	1.163178e-01	1.042495e+00	7.557576e-02	2.339760e-09	2.109181e-09	5.308379e-13	4.465088e-09	2.259548e-12	
26  2.03356	2.245236e+00	1.163184e-01	1.042494e+00	7.562640e-02	2.338421e-09	2.109704e-09	5.013376e-13	4.479071e-09	2.391542e-12	
62  1.43088	2.245456e+00	1.162885e-01	1.042504e+00	7.577015e-02	2.339080e-09	2.109052e-09	3.471434e-13	4.475153e-09	2.521277e-12	
71  2.15288	2.245777e+00	1.162814e-01	1.042501e+00	7.565029e-02	2.339729e-09	2.108492e-09	4.182540e-13	4.478072e-09	2.325500e-12	
30  2.20958	2.245633e+00	1.162677e-01	1.042500e+00	7.565558e-02	2.340005e-09	2.108731e-09	3.818548e-13	4.474539e-09	2.780804e-12	
16  3.60828	2.245669e+00	1.163094e-01	1.042502e+00	7.551595e-02	2.338839e-09	2.107119e-09	3.442977e-13	4.464963e-09	2.909399e-12	
19  2.00557	2.245534e+00	1.162674e-01	1.042505e+00	7.548942e-02	2.338851e-09	2.106895e-09	3.030809e-13	4.461086e-09	2.063109e-12	
2  2.38763	2.245541e+00	1.162796e-01	1.042508e+00	7.535159e-02	2.339189e-09	2.107615e-09	1.494466e-13	4.457556e-09	1.732469e-12	
8  2.21325	2.245176e+00	1.162617e-01	1.042505e+00	7.536528e-02	2.338713e-09	2.107949e-09	4.270088e-13	4.457647e-09	2.414576e-12	
31  1.86493	2.245359e+00	1.163173e-01	1.042502e+00	7.532713e-02	2.338099e-09	2.109028e-09	2.595517e-13	4.455660e-09	2.218361e-12	
10  1.56815	2.245636e+00	1.163393e-01	1.042498e+00	7.542047e-02	2.337012e-09	2.109760e-09	4.621330e-13	4.457371e-09	2.202086e-12	
10  4.90167	2.245530e+00	1.163226e-01	1.042498e+00	7.551755e-02	2.336983e-09	2.108261e-09	5.484603e-13	4.454778e-09	1.989695e-12	
20  4.84977	2.245233e+00	1.162845e-01	1.042496e+00	7.548424e-02	2.336763e-09	2.108133e-09	1.029046e-13	4.450823e-09	1.282421e-12	
20  2.80728	2.245090e+00	1.162889e-01	1.042498e+00	7.563014e-02	2.336535e-09	2.109073e-09	3.445328e-13	4.446860e-09	1.371071e-12	
54  0.579509	2.244891e+00	1.163004e-01	1.042497e+00	7.562715e-02	2.338147e-09	2.109716e-09	2.415908e-13	4.452418e-09	1.910224e-12	
157  0.639924	2.244717e+00	1.162937e-01	1.042496e+00	7.577245e-02	2.337605e-09	2.108861e-09	2.135664e-13	4.439090e-09	1.368285e-12	
157  0.187827	2.244664e+00	1.162920e-01	1.042496e+00	7.558285e-02	2.337277e-09	2.108606e-09	2.051300e-13	4.428994e-09	1.703143e-12	
28  0.481221	2.244988e+00	1.163011e-01	1.042495e+00	7.561504e-02	2.336931e-09	2.108601e-09	2.021754e-13	4.434615e-09	1.790256e-12	
9  0.66426	2.245562e+00	1.163307e-01	1.042497e+00	7.549530e-02	2.337443e-09	2.109726e-09	3.127998e-13	4.433322e-09	1.993350e-12	
44  1.05797	2.245645e+00	1.163020e-01	1.042493e+00	7.562531e-02	2.336019e-09	2.109931e-09	2.248881e-13	4.430446e-09	1.379893e-12	
15  0.851866	2.245315e+00	1.163069e-01	1.042493e+00	7.587859e-02	2.335648e-09	2.108967e-09	2.348134e-13	4.433880e-09	2.026070e-12	
80  0.692525	2.245308e+00	1.162859e-01	1.042492e+00	7.575877e-02	2.337044e-09	2.108803e-09	2.527277e-13	4.449329e-09	2.085548e-12	
104  1.10845	2.245093e+00	1.162592e-01	1.042493e+00	7.569315e-02	2.336094e-09	2.107420e-09	2.250873e-13	4.447515e-09	1.764059e-12	
114  1.37981	2.245503e+00	1.162686e-01	1.042495e+00	7.563084e-02	2.336717e-09	2.107327e-09	2.713659e-13	4.464825e-09	1.790165e-12	
57  3.16915	2.245369e+00	1.162743e-01	1.042495e+00	7.566296e-02	2.337238e-09	2.106872e-09	3.036702e-13	4.466846e-09	1.907543e-12	
157  3.11419	2.245290e+00	1.162441e-01	1.042494e+00	7.556513e-02	2.336359e-09	2.105393e-09	1.701162e-13	4.465565e-09	1.299010e-12	
7  2.84652	2.245212e+00	1.162636e-01	1.042493e+00	7.537338e-02	2.335580e-09	2.105450e-09	1.452893e-13	4.459099e-09	1.768028e-12	
11  1.72987	2.245171e+00	1.162653e-01	1.042489e+00	7.524335e-02	2.334262e-09	2.106214e-09	3.110363e-13	4.459537e-09	2.420848e-12	
25  1.70019	2.245161e+00	1.162433e-01	1.042492e+00	7.526077e-02	2.334367e-09	2.105813e-09	2.399580e-13	4.482343e-09	1.391831e-12	
35  3.59151	2.245386e+00	1.162483e-01	1.042492e+00	7.515170e-02	2.333842e-09	2.106775e-09	4.852211e-13	4.484058e-09	1.913638e-12	
37  3.87096	2.245067e+00	1.162537e-01	1.042495e+00	7.521181e-02	2.334079e-09	2.107340e-09	6.093956e-13	4.478042e-09	3.168368e-12	
11  6.90135	2.245376e+00	1.162923e-01	1.042495e+00	7.505274e-02	2.333688e-09	2.107032e-09	2.327545e-13	4.469967e-09	2.726922e-12	
167  0.278581	2.245398e+00	1.162755e-01	1.042498e+00	7.522350e-02	2.334742e-09	2.106607e-09	2.494753e-13	4.482270e-09	1.667039e-12	
6  2.23129	2.245517e+00	1.162814e-01	1.042493e+00	7.510063e-02	2.334507e-09	2.107433e-09	5.337697e-13	4.504450e-09	2.466521e-12	
5  2.34514	2.245573e+00	1.162857e-01	1.042488e+00	7.516365e-02	2.333749e-09	2.106759e-09	3.602232e-13	4.520140e-09	2.827481e-12	
14  4.22086	2.245406e+00	1.162590e-01	1.042488e+00	7.524224e-02	2.334963e-09	2.107560e-09	4.143158e-13	4.532828e-09	3.288448e-12	
18  3.77092	2.245099e+00	1.162725e-01	1.042487e+00	7.521226e-02	2.336720e-09	2.107795e-09	6.005895e-13	4.536744e-09	2.357906e-12	
5  1.48979	2.244963e+00	1.162263e-01	1.042488e+00	7.524268e-02	2.336787e-09	2.107041e-09	3.584962e-13	4.538631e-09	1.862427e-12	
30  1.19763	2.244865e+00	1.162407e-01	1.042489e+00	7.531042e-02	2.336541e-09	2.107797e-09	3.573272e-13	4.527335e-09	2.405747e-12	
8  5.50832	2.245305e+00	1.162676e-01	1.042487e+00	7.547326e-02	2.336775e-09	2.107487e-09	5.718561e-13	4.525076e-09	3.612720e-12	
5  5.34952	2.245362e+00	1.162661e-01	1.042487e+00	7.548747e-02	2.336868e-09	2.108770e-09	6.745559e-13	4.521035e-09	3.850798e-12	
52  3.04226	2.245545e+00	1.162661e-01	1.042484e+00	7.545458e-02	2.336151e-09	2.108563e-09	6.009710e-13	4.522584e-09	2.535623e-12	
9  3.40431	2.245350e+00	1.162618e-01	1.042483e+00	7.531107e-02	2.336011e-09	2.107776e-09	3.522121e-13	4.523566e-09	2.938890e-12	
15  1.56925	2.245175e+00	1.162371e-01	1.042482e+00	7.516647e-02	2.335442e-09	2.108478e-09	3.496751e-13	4.528095e-09	2.244397e-12	
94  2.77886	2.245090e+00	1.162349e-01	1.042486e+00	7.519123e-02	2.335979e-09	2.109636e-09	3.312965e-13	4.525035e-09	2.030316e-12	
12  2.64466	2.245164e+00	1.162355e-01	1.042486e+00	7.528522e-02	2.335241e-09	2.108256e-09	5.633846e-13	4.523311e-09	2.669142e-12	
19  2.9182	2.245269e+00	1.162355e-01	1.042484e+00	7.519227e-02	2.335853e-09	2.109365e-09	5.067904e-13	4.527418e-09	2.037367e-12	
66  2.25789	2.245109e+00	1.162265e-01	1.042485e+00	7.533924e-02	2.334732e-09	2.109971e-09	3.297765e-13	4.524567e-09	1.894470e-12	
15  5.38363	2.245383e+00	1.162351e-01	1.042479e+00	7.542622e-02	2.335933e-09	2.110394e-09	8.035592e-13	4.514982e-09	3.625873e-12	
14  4.18212	2.245498e+00	1.162502e-01	1.042484e+00	7.551419e-02	2.335949e-09	2.109403e-09	7.312122e-13	4.511341e-09	3.393335e-12	
39  1.25912	2.245027e+00	1.162469e-01	1.042481e+00	7.550277e-02	2.337401e-09	2.108986e-09	3.993702e-13	4.514920e-09	2.390196e-12	
46  1.23111	2.244595e+00	1.162429e-01	1.042479e+00	7.549174e-02	2.337164e-09	2.109656e-09	2.395737e-13	4.518313e-09	1.289335e-12	
132  1.36828	2.244513e+00	1.162355e-01	1.042478e+00	7.560922e-02	2.336592e-09	2.109428e-09	3.954309e-13	4.517714e-09	2.420135e-12	
44  2.38281	2.244152e+00	1.162075e-01	1.042479e+00	7.572748e-02	2.337610e-09	2.109312e-09	4.393810e-13	4.521968e-09	2.386441e-12	
89  2.78286	2.244119e+00	1.162092e-01	1.042481e+00	7.592718e-02	2.337769e-09	2.109986e-09	2.994422e-13	4.524699e-09	2.614522e-12	
42  3.63996	2.244127e+00	1.162292e-01	1.042474e+00	7.585497e-02	2.337381e-09	2.111302e-09	5.727593e-13	4.526342e-09	2.013419e-12	
41  2.67417	2.244128e+00	1.162273e-01	1.042470e+00	7.577143e-02	2.337524e-09	2.111842e-09	3.689914e-13	4.523210e-09	2.279537e-12	
19  4.48637	2.243998e+00	1.162418e-01	1.042470e+00	7.574787e-02	2.337662e-09	2.110905e-09	1.382822e-13	4.517819e-09	6.843245e-13	
54  1.83387	2.244028e+00	1.162033e-01	1.042471e+00	7.566249e-02	2.339387e-09	2.110349e-09	3.335050e-13	4.508305e-09	1.454448e-12	
300  1.03513	2.243905e+00	1.161648e-01	1.042474e+00	7.574860e-02	2.339474e-09	2.109666e-09	3.091791e-13	4.505090e-09	1.906245e-12	
122  1.18407	2.243943e+00	1.161735e-01	1.042476e+00	7.584914e-02	2.341642e-09	2.108323e-09	2.036996e-13	4.507269e-09	1.681244e-12	
428  2.18077	2.244220e+00	1.161725e-01	1.042477e+00	7.594234e-02	2.341630e-09	2.107436e-09	9.020729e-14	4.500793e-09	8.436723e-13	
21  1.88202	2.244503e+00	1.161485e-01	1.042476e+00	7.596881e-02	2.342749e-09	2.108411e-09	2.042995e-13	4.504434e-09	1.875752e-12	
41  1.68443	2.244333e+00	1.161250e-01	1.042470e+00	7.605074e-02	2.340846e-09	2.109095e-09	2.563854e-13	4.516887e-09	1.766940e-12	
173  0.362488	2.243988e+00	1.161498e-01	1.042466e+00	7.588164e-02	2.341295e-09	2.109728e-09	2.131360e-13	4.507484e-09	1.611490e-12	
66  1.78514	2.244212e+00	1.161715e-01	1.042466e+00	7.587170e-02	2.340299e-09	2.110417e-09	3.489875e-13	4.520946e-09	1.583104e-12	
9  3.22726	2.244439e+00	1.161579e-01	1.042472e+00	7.590221e-02	2.340273e-09	2.110468e-09	3.886724e-13	4.503852e-09	1.475059e-12	
484  0.430293	2.244433e+00	1.161062e-01	1.042473e+00	7.577431e-02	2.341422e-09	2.108733e-09	1.503095e-13	4.513292e-09	1.059834e-12	
78  1.01647	2.243992e+00	1.161173e-01	1.042473e+00	7.574803e-02	2.341776e-09	2.108821e-09	1.274630e-13	4.514103e-09	1.291124e-12	
9  3.72178	2.244174e+00	1.161281e-01	1.042470e+00	7.575514e-02	2.341149e-09	2.107838e-09	9.915726e-14	4.509515e-09	1.362899e-12	
2  3.12982	2.244141e+00	1.161469e-01	1.042464e+00	7.589796e-02	2.340267e-09	2.108166e-09	2.562964e-13	4.495808e-09	1.421244e-12	
227  2.68127	2.243780e+00	1.161430e-01	1.042467e+00	7.599488e-02	2.339793e-09	2.107442e-09	8.514477e-14	4.490418e-09	7.488979e-13	
31  4.13319	2.243718e+00	1.161457e-01	1.042464e+00	7.601370e-02	2.338168e-09	2.107727e-09	6.623539e-14	4.487533e-09	7.067787e-13	
17  4.62738	2.243579e+00	1.161780e-01	1.042463e+00	7.604436e-02	2.338996e-09	2.109137e-09	1.356739e-13	4.482479e-09	1.813747e-12	
42  3.761	2.243923e+00	1.161822e-01	1.042462e+00	7.612622e-02	2.340589e-09	2.108515e-09	7.007302e-14	4.490065e-09	6.451769e-13	
44  4.5565	2.243802e+00	1.161607e-01	1.042463e+00	7.615126e-02	2.340884e-09	2.108536e-09	2.427115e-13	4.483743e-09	1.421397e-12	
60  5.16691	2.243651e+00	1.161781e-01	1.042459e+00	7.631561e-02	2.340625e-09	2.107724e-09	9.830951e-14	4.475563e-09	1.346270e-12	
190  4.00506	2.243707e+00	1.162127e-01	1.042461e+00	7.622209e-02	2.341348e-09	2.108077e-09	9.824790e-14	4.480805e-09	6.546019e-13	
54  4.52955	2.243636e+00	1.161912e-01	1.042460e+00	7.618708e-02	2.340854e-09	2.108212e-09	1.418548e-13	4.478925e-09	1.772942e-12	
83  4.39441	2.243710e+00	1.161847e-01	1.042463e+00	7.599681e-02	2.342040e-09	2.107518e-09	2.095927e-13	4.469869e-09	1.618290e-12	
33  2.26515	2.243635e+00	1.162130e-01	1.042464e+00	7.597301e-02	2.343079e-09	2.107354e-09	1.031690e-13	4.475866e-09	9.984997e-13	
85  2.06548	2.243791e+00	1.162004e-01	1.042462e+00	7.589494e-02	2.343174e-09	2.107606e-09	1.553259e-13	4.474458e-09	1.210589e-12	
48  3.66704	2.243816e+00	1.162608e-01	1.042460e+00	7.584544e-02	2.343121e-09	2.108514e-09	3.047994e-13	4.484088e-09	1.618414e-12	
178  0.918214	2.243431e+00	1.162919e-01	1.042461e+00	7.577985e-02	2.341752e-09	2.109388e-09	1.409536e-13	4.482070e-09	1.320860e-12	
89  0.51625	2.243228e+00	1.162858e-01	1.042466e+00	7.572379e-02	2.341757e-09	2.108702e-09	1.617572e-13	4.486647e-09	1.121106e-12	
11  0.577313	2.242889e+00	1.163188e-01	1.042460e+00	7.560221e-02	2.341338e-09	2.108723e-09	1.634614e-13	4.482032e-09	1.441315e-12	
93  2.62955	2.243431e+00	1.163220e-01	1.042459e+00	7.574499e-02	2.341634e-09	2.108220e-09	2.374673e-13	4.492085e-09	1.215962e-12	
68  3.13794	2.243347e+00	1.163356e-01	1.042460e+00	7.564363e-02	2.341433e-09	2.108609e-09	3.929889e-13	4.513610e-09	2.316533e-12	
43  1.36126	2.243349e+00	1.163511e-01	1.042462e+00	7.581547e-02	2.340184e-09	2.109413e-09	2.471644e-13	4.505318e-09	2.048625e-12	
14  4.31803	2.243630e+00	1.163589e-01	1.042464e+00	7.602862e-02	2.339976e-09	2.109088e-09	2.779790e-13	4.505412e-09	2.579119e-12	
3  3.87324	2.243678e+00	1.163599e-01	1.042461e+00	7.597641e-02	2.340716e-09	2.109810e-09	1.454764e-13	4.489795e-09	1.751952e-12	
77  1.52058	2.243692e+00	1.163539e-01	1.042455e+00	7.613566e-02	2.340840e-09	2.110299e-09	1.275324e-13	4.493604e-09	8.287112e-13	
93  3.1737	2.243421e+00	1.163367e-01	1.042457e+00	7.604116e-02	2.341296e-09	2.111183e-09	1.081526e-13	4.488498e-09	7.573615e-13	
3  3.75127	2.243201e+00	1.163375e-01	1.042453e+00	7.602906e-02	2.340453e-09	2.110519e-09	1.894721e-13	4.491191e-09	5.879330e-13	
4  1.02342	2.242923e+00	1.163529e-01	1.042455e+00	7.601459e-02	2.340666e-09	2.109830e-09	1.472791e-13	4.497086e-09	9.224761e-13	
21  1.42085	2.242886e+00	1.163634e-01	1.042456e+00	7.597498e-02	2.339885e-09	2.109549e-09	2.237114e-13	4.493325e-09	1.243138e-12	
16  3.72233	2.242842e+00	1.163863e-01	1.042454e+00	7.603811e-02	2.340272e-09	2.109481e-09	1.405985e-13	4.492330e-09	5.565135e-13	
6  3.20605	2.242319e+00	1.163880e-01	1.042451e+00	7.600901e-02	2.339425e-09	2.109831e-09	2.544424e-13	4.490728e-09	2.291707e-12	
153  1.06515	2.242109e+00	1.164284e-01	1.042455e+00	7.601713e-02	2.340147e-09	2.109925e-09	1.447675e-13	4.480868e-09	9.963307e-13	
142  2.43715	2.242358e+00	1.164518e-01	1.042452e+00	7.613145e-02	2.341203e-09	2.110542e-09	2.883905e-13	4.480916e-09	2.193504e-12	
12  1.5477	2.242303e+00	1.164367e-01	1.042457e+00	7.606170e-02	2.341027e-09	2.110445e-09	2.450062e-13	4.484620e-09	1.950091e-12	
58  0.960934	2.242057e+00	1.164402e-01	1.042458e+00	7.612961e-02	2.340531e-09	2.111718e-09	1.962377e-13	4.490367e-09	1.099281e-12	
6  3.65693	2.242375e+00	1.164488e-01	1.042458e+00	7.623570e-02	2.340648e-09	2.112646e-09	5.425480e-13	4.496046e-09	2.845290e-12	
61  3.09837	2.242436e+00	1.164520e-01	1.042458e+00	7.622607e-02	2.340030e-09	2.112665e-09	3.095478e-13	4.494648e-09	9.989013e-13	
3  4.47039	2.242313e+00	1.164610e-01	1.042453e+00	7.629559e-02	2.339786e-09	2.112853e-09	5.803251e-13	4.495719e-09	1.918850e-12	
58  2.68977	2.242791e+00	1.164790e-01	1.042455e+00	7.618777e-02	2.339497e-09	2.112126e-09	4.984701e-13	4.493899e-09	2.666294e-12	
8  3.00623	2.242855e+00	1.164950e-01	1.042458e+00	7.619391e-02	2.339375e-09	2.111826e-09	5.178366e-13	4.484915e-09	2.280135e-12	
127  1.97359	2.242416e+00	1.164963e-01	1.042458e+00	7.616710e-02	2.337837e-09	2.111768e-09	4.227555e-13	4.466627e-09	2.314034e-12	
25  2.21726	2.242429e+00	1.164868e-01	1.042456e+00	7.616153e-02	2.337258e-09	2.112826e-09	4.822121e-13	4.454110e-09	2.582639e-12	
1  2.15814	2.242748e+00	1.164892e-01	1.042456e+00	7.606079e-02	2.337635e-09	2.112541e-09	4.543308e-13	4.449529e-09	1.733355e-12	
41  1.83543	2.242855e+00	1.164627e-01	1.042455e+00	7.621255e-02	2.337229e-09	2.112861e-09	4.883552e-13	4.454957e-09	2.294745e-12	
25  1.72108	2.243018e+00	1.164329e-01	1.042454e+00	7.625992e-02	2.337783e-09	2.113569e-09	3.847262e-13	4.453250e-09	1.559860e-12	
290  1.44473	2.243235e+00	1.164154e-01	1.042456e+00	7.624449e-02	2.338129e-09	2.113591e-09	3.710829e-13	4.454741e-09	1.675425e-12	
77  2.01869	2.243033e+00	1.163853e-01	1.042459e+00	7.626291e-02	2.338214e-09	2.113235e-09	4.704067e-13	4.448647e-09	2.010039e-12	
2  5.75076	2.243378e+00	1.163564e-01	1.042453e+00	7.633315e-02	2.337678e-09	2.113266e-09	4.611879e-13	4.447159e-09	3.437062e-12	
1  4.62061	2.243456e+00	1.163604e-01	1.042451e+00	7.618425e-02	2.337788e-09	2.113133e-09	7.134311e-13	4.440684e-09	2.147511e-12	
2  2.00623	2.243716e+00	1.163932e-01	1.042454e+00	7.617994e-02	2.336455e-09	2.112328e-09	5.277767e-13	4.443946e-09	2.534226e-12	
1  1.77439	2.243542e+00	1.163989e-01	1.042455e+00	7.632410e-02	2.334867e-09	2.112065e-09	2.246182e-13	4.440013e-09	1.920636e-12	
12  2.87363	2.243454e+00	1.164394e-01	1.042458e+00	7.632291e-02	2.336152e-09	2.112554e-09	4.073560e-13	4.434970e-09	1.344114e-12	
36  1.89835	2.243223e+00	1.164191e-01	1.042456e+00	7.629166e-02	2.337078e-09	2.113094e-09	2.853069e-13	4.437237e-09	2.155623e-12	
94  0.751696	2.243109e+00	1.164135e-01	1.042457e+00	7.625474e-02	2.336676e-09	2.112643e-09	2.541831e-13	4.440302e-09	1.381116e-12	
42  0.808871	2.243547e+00	1.164363e-01	1.042458e+00	7.628645e-02	2.334796e-09	2.111114e-09	2.840029e-13	4.441157e-09	1.879108e-12	
130  0.848589	2.242974e+00	1.164365e-01	1.042460e+00	7.622125e-02	2.335253e-09	2.111269e-09	2.003691e-13	4.443899e-09	1.199868e-12	
83  1.82832	2.242817e+00	1.164116e-01	1.042458e+00	7.614917e-02	2.334899e-09	2.112139e-09	3.869623e-13	4.430676e-09	1.568216e-12	
9  2.90076	2.242795e+00	1.164502e-01	1.042463e+00	7.635621e-02	2.334712e-09	2.111549e-09	4.205753e-13	4.423376e-09	2.659843e-12	
11  2.69156	2.242972e+00	1.165009e-01	1.042463e+00	7.633395e-02	2.333665e-09	2.112467e-09	5.415659e-13	4.433172e-09	2.130248e-12	
43  2.39809	2.242927e+00	1.164472e-01	1.042462e+00	7.623646e-02	2.333950e-09	2.113942e-09	5.748526e-13	4.437316e-09	2.499357e-12	
9  5.11505	2.242894e+00	1.164436e-01	1.042460e+00	7.626321e-02	2.332507e-09	2.114662e-09	7.705254e-13	4.443724e-09	3.608568e-12	
4  4.994	2.243037e+00	1.164515e-01	1.042462e+00	7.624804e-02	2.332250e-09	2.115389e-09	8.165371e-13	4.438529e-09	3.009570e-12	
110  4.76851	2.243080e+00	1.164326e-01	1.042458e+00	7.628598e-02	2.332685e-09	2.115169e-09	5.806487e-13	4.446202e-09	3.016369e-12	
3  5.00755	2.243236e+00	1.164190e-01	1.042459e+00	7.633641e-02	2.331804e-09	2.114687e-09	6.569935e-13	4.453561e-09	3.525446e-12	
35  5.77529	2.242969e+00	1.164440e-01	1.042460e+00	7.650300e-02	2.331846e-09	2.115442e-09	7.742254e-13	4.449534e-09	1.622870e-12	
22  4.77164	2.242548e+00	1.164618e-01	1.042455e+00	7.640324e-02	2.330780e-09	2.115073e-09	4.989726e-13	4.455815e-09	1.186809e-12	
5  4.0654	2.242450e+00	1.164521e-01	1.042458e+00	7.626199e-02	2.330342e-09	2.112725e-09	7.444530e-13	4.456839e-09	2.436910e-12	
11  3.68165	2.241963e+00	1.164576e-01	1.042461e+00	7.626932e-02	2.331289e-09	2.112829e-09	4.467168e-13	4.470399e-09	3.065362e-12	
2  6.11639	2.241956e+00	1.164375e-01	1.042460e+00	7.635051e-02	2.330769e-09	2.112618e-09	3.805166e-13	4.471274e-09	8.016480e-13	
2  7.05605	2.242081e+00	1.164069e-01	1.042461e+00	7.619077e-02	2.330323e-09	2.112348e-09	9.931682e-13	4.466054e-09	2.949817e-12	
1  7.90328	2.242426e+00	1.164097e-01	1.042462e+00	7.590361e-02	2.332279e-09	2.112394e-09	1.043472e-12	4.472815e-09	4.450707e-12	
8  6.2584	2.242441e+00	1.164212e-01	1.042460e+00	7.595710e-02	2.330941e-09	2.112641e-09	1.054745e-12	4.477174e-09	3.079610e-12	
13  5.35741	2.242544e+00	1.164489e-01	1.042463e+00	7.620068e-02	2.331531e-09	2.114206e-09	5.759514e-13	4.468575e-09	3.438346e-12	
1  5.94669	2.242727e+00	1.164304e-01	1.042463e+00	7.629299e-02	2.332660e-09	2.114518e-09	1.006188e-12	4.461545e-09	2.652877e-12	
47  2.92215	2.242440e+00	1.164469e-01	1.042463e+00	7.631735e-02	2.333413e-09	2.113966e-09	2.560640e-13	4.451682e-09	1.903240e-12	
129  1.33217	2.242378e+00	1.164554e-01	1.042466e+00	7.654808e-02	2.333417e-09	2.113693e-09	2.197507e-13	4.446596e-09	1.564626e-12	
64  1.98781	2.242452e+00	1.165039e-01	1.042467e+00	7.662393e-02	2.332463e-09	2.113426e-09	3.093919e-13	4.445121e-09	1.301757e-12	
36  1.65106	2.242487e+00	1.164773e-01	1.042461e+00	7.668227e-02	2.332281e-09	2.113645e-09	4.135192e-13	4.439222e-09	2.436581e-12	
37  3.26173	2.241767e+00	1.164812e-01	1.042464e+00	7.686010e-02	2.332540e-09	2.113260e-09	2.882002e-13	4.429383e-09	1.294760e-12	
28  2.54168	2.241694e+00	1.164831e-01	1.042462e+00	7.683413e-02	2.330650e-09	2.113340e-09	2.271032e-13	4.432087e-09	1.988988e-12	
8  2.48052	2.241321e+00	1.164984e-01	1.042461e+00	7.674397e-02	2.329436e-09	2.112826e-09	3.361349e-13	4.426515e-09	1.948346e-12	
37  3.53503	2.241620e+00	1.164840e-01	1.042461e+00	7.701678e-02	2.329154e-09	2.113034e-09	2.727278e-13	4.423588e-09	2.167132e-12	
16  3.131	2.241484e+00	1.164905e-01	1.042460e+00	7.698707e-02	2.328782e-09	2.113865e-09	4.186008e-13	4.422835e-09	2.176744e-12	
3  3.05212	2.241366e+00	1.164625e-01	1.042465e+00	7.713893e-02	2.327377e-09	2.114574e-09	3.136445e-13	4.420227e-09	2.416144e-12	
11  2.49858	2.241414e+00	1.164777e-01	1.042463e+00	7.714002e-02	2.327960e-09	2.115727e-09	4.955919e-13	4.415097e-09	2.653119e-12	
47  3.00278	2.241282e+00	1.164733e-01	1.042464e+00	7.725443e-02	2.326961e-09	2.116957e-09	5.361460e-13	4.421121e-09	2.994037e-12	
53  3.97011	2.241329e+00	1.164941e-01	1.042464e+00	7.712254e-02	2.326496e-09	2.116953e-09	4.475207e-13	4.426421e-09	1.275556e-12	
30  3.24511	2.241149e+00	1.164928e-01	1.042465e+00	7.693395e-02	2.325617e-09	2.116391e-09	7.052525e-13	4.430319e-09	3.009958e-12	
10  3.8903	2.241254e+00	1.165061e-01	1.042462e+00	7.682128e-02	2.326794e-09	2.116896e-09	5.869433e-13	4.425331e-09	2.980256e-12	
27  2.57907	2.241492e+00	1.165219e-01	1.042465e+00	7.681369e-02	2.326461e-09	2.116516e-09	4.379371e-13	4.420131e-09	1.928452e-12	
36  3.77607	2.241684e+00	1.165135e-01	1.042466e+00	7.684162e-02	2.326119e-09	2.117027e-09	6.118571e-13	4.394282e-09	1.857208e-12	
47  3.20853	2.241899e+00	1.165105e-01	1.042465e+00	7.676556e-02	2.326541e-09	2.116822e-09	4.582777e-13	4.395367e-09	1.856234e-12	
5  6.58644	2.241871e+00	1.164978e-01	1.042465e+00	7.672100e-02	2.326655e-09	2.117392e-09	8.135546e-13	4.392827e-09	3.864549e-12	
3  6.05848	2.241981e+00	1.165223e-01	1.042464e+00	7.677020e-02	2.326654e-09	2.117585e-09	1.112714e-12	4.394963e-09	2.802731e-12	
28  5.4461	2.242061e+00	1.165317e-01	1.042463e+00	7.668763e-02	2.325145e-09	2.117314e-09	5.011685e-13	4.414244e-09	2.473312e-12	
2  6.22907	2.242476e+00	1.165576e-01	1.042464e+00	7.677605e-02	2.324075e-09	2.117235e-09	3.880223e-13	4.421327e-09	1.224009e-12	
36  2.34429	2.242284e+00	1.165276e-01	1.042467e+00	7.695145e-02	2.325466e-09	2.116455e-09	3.928165e-13	4.416949e-09	2.016675e-12	
8  2.4763	2.242451e+00	1.165221e-01	1.042465e+00	7.706076e-02	2.325594e-09	2.115813e-09	6.537238e-13	4.424839e-09	2.466173e-12	
2  2.46094	2.242184e+00	1.164934e-01	1.042467e+00	7.711430e-02	2.325146e-09	2.116190e-09	2.719831e-13	4.424735e-09	1.535350e-12	
1  3.75681	2.242078e+00	1.165280e-01	1.042470e+00	7.707804e-02	2.324799e-09	2.115334e-09	1.981725e-13	4.424816e-09	1.064539e-12	
2  3.02178	2.242228e+00	1.164974e-01	1.042468e+00	7.700877e-02	2.324565e-09	2.115900e-09	6.971388e-13	4.421381e-09	2.314063e-12	
47  3.92968	2.242029e+00	1.164940e-01	1.042471e+00	7.699761e-02	2.325135e-09	2.116518e-09	9.292201e-13	4.412847e-09	3.264110e-12	
33  2.3076	2.242056e+00	1.165022e-01	1.042471e+00	7.701911e-02	2.325722e-09	2.115889e-09	3.570750e-13	4.401186e-09	2.378871e-12	
64  2.55229	2.241907e+00	1.165449e-01	1.042470e+00	7.718962e-02	2.325946e-09	2.115759e-09	4.319760e-13	4.415133e-09	2.726631e-12	
11  4.95314	2.242309e+00	1.165337e-01	1.042469e+00	7.717358e-02	2.325715e-09	2.114926e-09	5.143222e-13	4.408156e-09	3.502218e-12	
6  6.55368	2.242073e+00	1.165430e-01	1.042474e+00	7.710659e-02	2.325277e-09	2.115637e-09	9.405905e-13	4.404025e-09	2.390030e-12	
4  6.53147	2.241877e+00	1.165130e-01	1.042476e+00	7.715107e-02	2.326091e-09	2.116143e-09	4.831309e-13	4.385776e-09	3.742432e-12	
8  4.24924	2.242040e+00	1.165356e-01	1.042473e+00	7.713394e-02	2.327065e-09	2.116265e-09	7.705897e-13	4.388059e-09	3.764763e-12	
4  5.44673	2.242218e+00	1.165060e-01	1.042475e+00	7.730248e-02	2.327796e-09	2.116501e-09	9.082830e-13	4.398119e-09	2.786839e-12	
26  2.74859	2.242201e+00	1.165153e-01	1.042475e+00	7.720225e-02	2.328081e-09	2.117582e-09	6.841745e-13	4.404895e-09	2.975698e-12	
19  3.29726	2.242462e+00	1.165077e-01	1.042478e+00	7.723630e-02	2.326578e-09	2.117060e-09	4.604306e-13	4.397199e-09	3.016185e-12	
17  2.26163	2.242757e+00	1.164938e-01	1.042478e+00	7.738727e-02	2.327161e-09	2.117654e-09	5.736685e-13	4.400458e-09	2.919037e-12	
24  2.04975	2.242958e+00	1.164554e-01	1.042476e+00	7.754802e-02	2.327559e-09	2.117165e-09	3.798906e-13	4.396191e-09	1.660719e-12	
86  2.31019	2.242891e+00	1.164551e-01	1.042477e+00	7.746226e-02	2.328121e-09	2.116031e-09	3.243870e-13	4.398041e-09	2.382294e-12	
34  1.67484	2.242589e+00	1.164213e-01	1.042476e+00	7.746771e-02	2.328246e-09	2.116210e-09	3.583336e-13	4.405157e-09	2.202377e-12	
12  2.9561	2.242548e+00	1.164341e-01	1.042477e+00	7.734221e-02	2.327628e-09	2.116020e-09	2.501136e-13	4.400317e-09	1.113267e-12	
24  1.85196	2.242477e+00	1.164431e-01	1.042477e+00	7.731417e-02	2.327087e-09	2.115431e-09	3.721986e-13	4.392416e-09	2.154209e-12	
89  1.91269	2.242435e+00	1.164849e-01	1.042474e+00	7.716689e-02	2.326296e-09	2.115286e-09	4.386123e-13	4.395458e-09	2.153002e-12	
36  4.59933	2.242005e+00	1.165099e-01	1.042474e+00	7.701064e-02	2.326392e-09	2.115189e-09	7.326169e-13	4.384193e-09	2.403233e-12	
44  3.77665	2.241519e+00	1.165003e-01	1.042477e+00	7.699336e-02	2.326587e-09	2.115359e-09	6.893236e-13	4.372360e-09	3.236531e-12	
11  4.76891	2.241788e+00	1.164790e-01	1.042473e+00	7.692218e-02	2.327124e-09	2.115166e-09	8.409178e-13	4.378692e-09	3.438836e-12	
9  3.4812	2.241919e+00	1.164790e-01	1.042475e+00	7.674697e-02	2.327111e-09	2.116407e-09	7.796242e-13	4.375050e-09	2.984515e-12	
7  4.10666	2.241984e+00	1.165046e-01	1.042476e+00	7.695082e-02	2.327767e-09	2.115300e-09	7.743498e-13	4.380403e-09	2.935842e-12	
31  3.41211	2.241943e+00	1.164989e-01	1.042476e+00	7.704802e-02	2.326690e-09	2.115158e-09	2.716738e-13	4.381890e-09	1.071360e-12	
12  4.18252	2.242033e+00	1.165362e-01	1.042476e+00	7.691683e-02	2.326700e-09	2.114758e-09	7.753071e-13	4.398933e-09	3.209866e-12	
6  2.24897	2.242001e+00	1.165446e-01	1.042478e+00	7.687794e-02	2.327200e-09	2.114278e-09	4.846121e-13	4.402331e-09	2.383494e-12	
25  2.31492	2.242156e+00	1.165169e-01	1.042476e+00	7.683012e-02	2.327376e-09	2.114395e-09	2.818543e-13	4.407611e-09	1.268591e-12	
29  2.37383	2.242372e+00	1.164869e-01	1.042476e+00	7.680136e-02	2.326193e-09	2.114761e-09	5.933586e-13	4.402830e-09	2.334602e-12	
39  2.25846	2.242084e+00	1.164683e-01	1.042477e+00	7.683417e-02	2.325876e-09	2.114525e-09	5.520841e-13	4.399759e-09	2.736395e-12	
54  3.35757	2.241690e+00	1.164404e-01	1.042473e+00	7.686319e-02	2.325342e-09	2.114820e-09	5.505284e-13	4.392467e-09	1.931268e-12	
3  5.79799	2.242236e+00	1.164575e-01	1.042472e+00	7.664650e-02	2.326288e-09	2.115689e-09	8.702546e-13	4.392372e-09	1.941320e-12	
19  5.26529	2.242485e+00	1.165009e-01	1.042471e+00	7.676580e-02	2.325228e-09	2.114897e-09	1.049108e-12	4.384848e-09	4.085636e-12	
22  3.60795	2.242054e+00	1.165102e-01	1.042469e+00	7.673975e-02	2.324867e-09	2.116146e-09	8.668121e-13	4.375739e-09	3.043637e-12	
29  2.57678	2.242128e+00	1.165443e-01	1.042466e+00	7.665455e-02	2.325923e-09	2.115896e-09	5.632912e-13	4.369329e-09	2.106384e-12	
38  1.78931	2.242131e+00	1.165089e-01	1.042465e+00	7.665820e-02	2.325857e-09	2.114507e-09	5.257149e-13	4.364862e-09	2.525371e-12	
28  1.55435	2.242231e+00	1.165194e-01	1.042466e+00	7.661101e-02	2.324372e-09	2.113732e-09	4.592329e-13	4.373324e-09	2.279520e-12	
5  4.01876	2.242084e+00	1.165211e-01	1.042466e+00	7.674712e-02	2.325638e-09	2.114248e-09	7.209193e-13	4.369057e-09	2.444316e-12	
55  2.52581	2.241929e+00	1.165171e-01	1.042462e+00	7.682053e-02	2.325386e-09	2.114689e-09	2.466547e-13	4.362237e-09	1.866577e-12	
4  1.93757	2.241852e+00	1.165507e-01	1.042459e+00	7.682830e-02	2.326390e-09	2.114628e-09	4.272373e-13	4.363851e-09	1.875651e-12	
13  1.65026	2.241727e+00	1.165320e-01	1.042455e+00	7.676015e-02	2.325233e-09	2.113936e-09	3.307272e-13	4.363204e-09	1.723820e-12	
103  1.82789	2.242102e+00	1.165249e-01	1.042453e+00	7.667802e-02	2.323663e-09	2.113074e-09	3.324917e-13	4.362544e-09	1.731200e-12	
17  3.86481	2.242078e+00	1.165108e-01	1.042455e+00	7.676198e-02	2.324121e-09	2.112708e-09	2.087821e-13	4.368100e-09	9.514476e-13	
35  7.58964	2.242330e+00	1.165040e-01	1.042454e+00	7.693230e-02	2.323841e-09	2.112050e-09	5.171833e-13	4.365091e-09	2.133998e-12	
13  6.51536	2.242103e+00	1.164980e-01	1.042450e+00	7.698226e-02	2.324352e-09	2.112630e-09	5.644190e-13	4.359686e-09	2.765875e-12	
22  7.58937	2.242114e+00	1.164825e-01	1.042454e+00	7.684915e-02	2.323784e-09	2.111639e-09	5.081837e-13	4.353092e-09	3.174123e-12	
31  5.53207	2.241958e+00	1.164786e-01	1.042455e+00	7.687916e-02	2.323669e-09	2.111935e-09	3.620240e-13	4.362540e-09	2.681162e-12	
2  5.18034	2.241832e+00	1.165077e-01	1.042457e+00	7.695208e-02	2.322447e-09	2.111744e-09	2.306751e-13	4.361532e-09	1.974182e-12	
18  5.12178	2.241636e+00	1.164928e-01	1.042455e+00	7.699020e-02	2.321851e-09	2.112597e-09	3.089276e-13	4.365706e-09	2.500836e-12	
69  4.02221	2.241797e+00	1.164962e-01	1.042455e+00	7.697346e-02	2.320692e-09	2.112468e-09	2.120112e-13	4.363174e-09	1.338302e-12	
93  4.41269	2.241443e+00	1.164888e-01	1.042452e+00	7.700307e-02	2.321438e-09	2.112801e-09	3.619390e-13	4.357031e-09	2.060022e-12	
3  5.74264	2.241146e+00	1.164309e-01	1.042456e+00	7.695361e-02	2.321858e-09	2.113428e-09	5.383775e-13	4.360201e-09	2.056524e-12	
56  3.26888	2.241204e+00	1.164065e-01	1.042458e+00	7.703760e-02	2.321066e-09	2.113967e-09	2.810654e-13	4.361415e-09	2.255930e-12	
5  4.34725	2.241127e+00	1.164012e-01	1.042457e+00	7.719603e-02	2.320807e-09	2.114537e-09	5.342087e-13	4.364203e-09	2.580774e-12	
97  3.21359	2.241013e+00	1.163882e-01	1.042457e+00	7.709009e-02	2.320930e-09	2.113457e-09	2.741908e-13	4.372893e-09	1.732672e-12	
78  3.17255	2.241034e+00	1.163697e-01	1.042458e+00	7.689200e-02	2.320338e-09	2.114946e-09	3.863356e-13	4.370863e-09	2.699927e-12	
34  2.83112	2.241282e+00	1.163766e-01	1.042457e+00	7.678817e-02	2.319750e-09	2.115289e-09	6.513466e-13	4.367369e-09	2.534050e-12	
8  3.30944	2.241252e+00	1.163727e-01	1.042455e+00	7.664821e-02	2.320836e-09	2.115850e-09	6.006029e-13	4.370140e-09	2.775316e-12	
9  3.93711	2.241233e+00	1.163665e-01	1.042453e+00	7.662760e-02	2.320990e-09	2.115423e-09	8.278260e-13	4.386645e-09	2.915492e-12	
37  3.9816	2.241397e+00	1.163587e-01	1.042455e+00	7.659790e-02	2.321222e-09	2.115055e-09	7.960961e-13	4.390824e-09	2.477424e-12	
1  4.72116	2.241650e+00	1.163577e-01	1.042453e+00	7.652976e-02	2.321213e-09	2.115497e-09	9.008925e-13	4.382210e-09	2.529949e-12	
21  6.0785	2.241672e+00	1.163742e-01	1.042449e+00	7.650359e-02	2.320264e-09	2.116221e-09	6.020158e-13	4.385481e-09	3.119453e-12	
11  4.10856	2.241706e+00	1.163734e-01	1.042448e+00	7.658608e-02	2.319340e-09	2.115677e-09	8.561479e-13	4.378731e-09	3.123958e-12	
14  4.94972	2.241540e+00	1.163476e-01	1.042445e+00	7.658290e-02	2.319380e-09	2.116526e-09	4.975682e-13	4.377938e-09	1.776075e-12	
11  3.9053	2.241346e+00	1.163680e-01	1.042441e+00	7.664444e-02	2.319800e-09	2.116115e-09	7.239035e-13	4.384831e-09	2.417519e-12	
15  4.39652	2.241476e+00	1.163311e-01	1.042439e+00	7.667929e-02	2.320644e-09	2.115758e-09	5.452516e-13	4.389381e-09	1.417824e-12	
13  7.67079	2.241597e+00	1.163315e-01	1.042439e+00	7.668244e-02	2.320065e-09	2.116077e-09	2.182146e-13	4.396960e-09	1.528419e-12	
8  8.29341	2.241799e+00	1.163742e-01	1.042440e+00	7.688000e-02	2.319169e-09	2.116058e-09	1.442359e-12	4.385388e-09	2.542652e-12	
5  7.76397	2.241855e+00	1.163881e-01	1.042442e+00	7.698181e-02	2.320049e-09	2.115723e-09	1.494741e-12	4.378202e-09	4.331763e-12	
34  3.25287	2.242007e+00	1.163766e-01	1.042445e+00	7.702075e-02	2.320595e-09	2.116344e-09	4.567654e-13	4.376379e-09	1.446228e-12	
1  3.54254	2.241938e+00	1.163532e-01	1.042449e+00	7.702219e-02	2.320440e-09	2.115285e-09	3.917550e-13	4.381674e-09	2.760880e-12	
10  3.49043	2.242101e+00	1.163323e-01	1.042451e+00	7.708558e-02	2.320157e-09	2.116439e-09	7.781285e-13	4.398432e-09	3.344021e-12	
40  2.26367	2.242522e+00	1.163216e-01	1.042446e+00	7.722596e-02	2.320605e-09	2.116754e-09	4.060559e-13	4.393826e-09	2.108356e-12	
40  2.70337	2.242693e+00	1.163295e-01	1.042444e+00	7.726110e-02	2.321195e-09	2.117391e-09	6.851608e-13	4.401910e-09	2.547283e-12	
17  4.2799	2.242610e+00	1.163601e-01	1.042445e+00	7.721579e-02	2.321525e-09	2.118087e-09	9.916898e-13	4.386815e-09	3.127948e-12	
48  3.60846	2.242699e+00	1.163175e-01	1.042447e+00	7.702792e-02	2.321334e-09	2.117350e-09	4.943769e-13	4.395768e-09	1.825189e-12	
29  3.14198	2.242608e+00	1.162852e-01	1.042447e+00	7.705475e-02	2.321064e-09	2.117099e-09	6.334066e-13	4.410606e-09	2.664833e-12	
1  4.16251	2.242507e+00	1.163223e-01	1.042451e+00	7.697820e-02	2.321131e-09	2.116911e-09	4.645944e-13	4.401574e-09	2.635671e-12	
1  4.59495	2.242200e+00	1.163808e-01	1.042449e+00	7.701107e-02	2.321133e-09	2.116653e-09	1.046446e-12	4.406746e-09	2.883388e-12	
6  2.68976	2.242306e+00	1.163591e-01	1.042451e+00	7.704990e-02	2.322163e-09	2.116325e-09	6.984524e-13	4.406566e-09	2.523434e-12	
43  4.81596	2.242193e+00	1.163952e-01	1.042448e+00	7.694293e-02	2.321794e-09	2.116086e-09	9.304244e-13	4.393974e-09	3.963845e-12	
11  2.87578	2.241905e+00	1.163724e-01	1.042449e+00	7.723541e-02	2.321003e-09	2.115863e-09	5.789417e-13	4.400720e-09	2.127702e-12	
8  2.51931	2.241951e+00	1.164060e-01	1.042452e+00	7.725511e-02	2.320324e-09	2.115451e-09	5.220725e-13	4.401159e-09	2.340000e-12	
5  3.06463	2.241917e+00	1.164065e-01	1.042451e+00	7.718341e-02	2.321120e-09	2.115692e-09	4.945618e-13	4.391422e-09	2.959367e-12	
36  4.91178	2.242124e+00	1.164005e-01	1.042450e+00	7.720215e-02	2.320557e-09	2.114565e-09	2.122321e-13	4.384939e-09	2.007919e-12	
15  4.84974	2.242376e+00	1.164263e-01	1.042450e+00	7.711761e-02	2.320355e-09	2.115219e-09	9.584096e-13	4.391226e-09	3.047475e-12	
4  4.77608	2.242072e+00	1.164288e-01	1.042446e+00	7.716153e-02	2.320996e-09	2.115371e-09	5.280514e-13	4.386239e-09	1.388784e-12	
1  4.93751	2.242271e+00	1.164269e-01	1.042445e+00	7.726117e-02	2.321116e-09	2.114611e-09	3.825710e-13	4.380531e-09	1.232516e-12	
164  3.26097	2.242279e+00	1.163983e-01	1.042447e+00	7.710984e-02	2.320871e-09	2.113762e-09	2.710153e-13	4.375627e-09	2.126118e-12	
15  5.14362	2.242143e+00	1.164002e-01	1.042444e+00	7.697826e-02	2.321425e-09	2.115836e-09	5.132050e-13	4.370408e-09	1.109958e-12	
7  2.38366	2.242094e+00	1.164317e-01	1.042444e+00	7.699562e-02	2.321109e-09	2.115905e-09	4.314752e-13	4.386472e-09	2.378456e-12	
7  3.85135	2.242221e+00	1.164184e-01	1.042444e+00	7.693371e-02	2.321629e-09	2.116070e-09	5.436089e-13	4.389937e-09	3.126890e-12	
5  3.34823	2.242513e+00	1.163836e-01	1.042445e+00	7.684334e-02	2.320756e-09	2.115137e-09	2.627993e-13	4.388206e-09	1.709820e-12	
40  2.87792	2.242735e+00	1.164038e-01	1.042446e+00	7.679946e-02	2.320626e-09	2.115521e-09	5.263146e-13	4.389600e-09	1.686717e-12	
10  1.93963	2.242647e+00	1.164259e-01	1.042444e+00	7.674436e-02	2.319916e-09	2.113708e-09	5.071252e-13	4.395032e-09	2.533240e-12	
22  2.05267	2.242372e+00	1.164187e-01	1.042445e+00	7.683782e-02	2.319633e-09	2.114292e-09	5.396951e-13	4.390070e-09	2.276665e-12	
9  2.69793	2.241866e+00	1.164488e-01	1.042447e+00	7.676696e-02	2.320379e-09	2.115261e-09	5.656873e-13	4.385955e-09	2.851089e-12	
18  2.57134	2.241992e+00	1.164694e-01	1.042445e+00	7.673274e-02	2.319480e-09	2.115475e-09	4.954324e-13	4.369213e-09	2.398087e-12	
27  3.43256	2.242150e+00	1.164671e-01	1.042448e+00	7.664595e-02	2.318677e-09	2.115193e-09	6.007487e-13	4.376500e-09	1.745846e-12	
3  2.49721	2.242018e+00	1.164292e-01	1.042451e+00	7.667821e-02	2.319136e-09	2.114762e-09	5.687806e-13	4.363147e-09	2.836737e-12	
71  2.64585	2.242159e+00	1.164442e-01	1.042452e+00	7.675252e-02	2.319412e-09	2.114325e-09	2.617596e-13	4.366952e-09	1.563164e-12	
3  2.47363	2.242196e+00	1.164494e-01	1.042448e+00	7.677493e-02	2.320267e-09	2.115226e-09	6.754828e-13	4.365786e-09	2.540038e-12	
4  4.12266	2.241557e+00	1.164610e-01	1.042443e+00	7.683508e-02	2.320109e-09	2.115074e-09	2.096206e-13	4.373768e-09	1.326172e-12	
2  4.139	2.241593e+00	1.164707e-01	1.042440e+00	7.677295e-02	2.319152e-09	2.113850e-09	6.651558e-13	4.367380e-09	2.094134e-12	
2  3.61227	2.241997e+00	1.164684e-01	1.042439e+00	7.673379e-02	2.318793e-09	2.114467e-09	8.283650e-13	4.364913e-09	3.385749e-12	
5  4.2529	2.241866e+00	1.164433e-01	1.042438e+00	7.678970e-02	2.320324e-09	2.114716e-09	3.296225e-13	4.352192e-09	2.506357e-12	
25  3.02366	2.241788e+00	1.164261e-01	1.042438e+00	7.672779e-02	2.320366e-09	2.113664e-09	5.865955e-13	4.349116e-09	2.881392e-12	
94  2.18241	2.241617e+00	1.163881e-01	1.042437e+00	7.685674e-02	2.319603e-09	2.113610e-09	2.953078e-13	4.343632e-09	1.915207e-12	
7  2.40481	2.241597e+00	1.163759e-01	1.042438e+00	7.681525e-02	2.318275e-09	2.114367e-09	2.673707e-13	4.339579e-09	1.447920e-12	
25  3.33372	2.241029e+00	1.163945e-01	1.042438e+00	7.690543e-02	2.319553e-09	2.114916e-09	2.036675e-13	4.338037e-09	1.161590e-12	
37  4.29187	2.241415e+00	1.163931e-01	1.042433e+00	7.683122e-02	2.319176e-09	2.114400e-09	7.919087e-13	4.339232e-09	2.775422e-12	
3  5.70408	2.241609e+00	1.163737e-01	1.042433e+00	7.682651e-02	2.318860e-09	2.114403e-09	8.626453e-13	4.351650e-09	4.029737e-12	
41  2.592	2.241519e+00	1.163945e-01	1.042429e+00	7.689301e-02	2.319200e-09	2.114456e-09	4.549527e-13	4.340218e-09	2.555568e-12	
102  2.67264	2.241526e+00	1.164033e-01	1.042430e+00	7.694205e-02	2.318643e-09	2.115566e-09	4.373007e-13	4.337891e-09	1.593536e-12	
9  3.12269	2.241526e+00	1.164000e-01	1.042429e+00	7.688572e-02	2.318043e-09	2.116200e-09	4.599795e-13	4.338073e-09	2.344255e-12	
6  5.70271	2.241522e+00	1.163963e-01	1.042433e+00	7.694544e-02	2.318840e-09	2.115943e-09	1.164997e-12	4.347069e-09	3.942279e-12	
5  5.71822	2.241566e+00	1.163743e-01	1.042432e+00	7.684955e-02	2.319009e-09	2.115056e-09	6.989481e-13	4.344843e-09	3.929233e-12	
42  2.37878	2.241474e+00	1.163727e-01	1.042434e+00	7.677008e-02	2.318775e-09	2.115463e-09	4.596744e-13	4.344630e-09	2.092445e-12	
14  2.75143	2.241435e+00	1.163603e-01	1.042430e+00	7.667585e-02	2.319798e-09	2.114913e-09	2.968243e-13	4.349169e-09	1.682592e-12	
26  3.11324	2.241350e+00	1.163633e-01	1.042430e+00	7.685499e-02	2.319735e-09	2.115332e-09	5.119728e-13	4.342537e-09	2.819853e-12	
39  3.39896	2.241468e+00	1.163975e-01	1.042431e+00	7.685250e-02	2.320495e-09	2.116126e-09	7.278134e-13	4.346611e-09	2.288329e-12	
6  2.70742	2.241221e+00	1.163699e-01	1.042433e+00	7.690882e-02	2.320881e-09	2.115245e-09	5.646012e-13	4.346923e-09	2.669033e-12	
53  2.10684	2.241504e+00	1.163825e-01	1.042432e+00	7.694942e-02	2.321255e-09	2.115806e-09	4.205744e-13	4.335613e-09	2.152449e-12	
22  4.64292	2.241428e+00	1.163608e-01	1.042432e+00	7.700772e-02	2.320655e-09	2.115971e-09	7.797506e-13	4.342195e-09	3.656376e-12	
13  2.92438	2.241743e+00	1.163583e-01	1.042433e+00	7.714430e-02	2.321172e-09	2.116546e-09	5.105580e-13	4.344245e-09	2.770166e-12	
3  2.85028	2.242166e+00	1.163485e-01	1.042434e+00	7.723351e-02	2.321799e-09	2.117228e-09	5.455265e-13	4.350241e-09	1.778746e-12	
46  2.46117	2.242245e+00	1.163041e-01	1.042432e+00	7.736539e-02	2.322992e-09	2.115745e-09	2.115670e-13	4.349271e-09	1.300796e-12	
52  2.988	2.242164e+00	1.163102e-01	1.042430e+00	7.730768e-02	2.323277e-09	2.115100e-09	3.621619e-13	4.366601e-09	1.469657e-12	
80  2.03613	2.242420e+00	1.163364e-01	1.042427e+00	7.731927e-02	2.322196e-09	2.115597e-09	4.115158e-13	4.370718e-09	2.180071e-12	
37  2.46524	2.242521e+00	1.163443e-01	1.042428e+00	7.712430e-02	2.321793e-09	2.115391e-09	5.358504e-13	4.362336e-09	2.728740e-12	
3  3.1642	2.242677e+00	1.163967e-01	1.042431e+00	7.730045e-02	2.322854e-09	2.116219e-09	6.018193e-13	4.365072e-09	1.860133e-12	
22  3.66914	2.242585e+00	1.163980e-01	1.042432e+00	7.735054e-02	2.325137e-09	2.118226e-09	8.651431e-13	4.362730e-09	2.515488e-12	
13  3.82764	2.243002e+00	1.164299e-01	1.042432e+00	7.748804e-02	2.326551e-09	2.118179e-09	9.105531e-13	4.374248e-09	3.466417e-12	
40  3.77968	2.243064e+00	1.163954e-01	1.042432e+00	7.762445e-02	2.326460e-09	2.118024e-09	4.255091e-13	4.368887e-09	2.810113e-12	
3  3.85716	2.242483e+00	1.164141e-01	1.042433e+00	7.764768e-02	2.325322e-09	2.117191e-09	7.228842e-13	4.369666e-09	3.133825e-12	
34  2.78689	2.242527e+00	1.164250e-01	1.042430e+00	7.771810e-02	2.325933e-09	2.118217e-09	5.242879e-13	4.379316e-09	2.802231e-12	
7  3.94923	2.242668e+00	1.164314e-01	1.042434e+00	7.776714e-02	2.324124e-09	2.117484e-09	7.190827e-13	4.378464e-09	2.419648e-12	
12  3.3966	2.242982e+00	1.164394e-01	1.042437e+00	7.775576e-02	2.322836e-09	2.117477e-09	5.884561e-13	4.386084e-09	1.883742e-12	
2  2.02099	2.242733e+00	1.164102e-01	1.042437e+00	7.745649e-02	2.323414e-09	2.117333e-09	4.155730e-13	4.388574e-09	2.130647e-12	
1  3.48638	2.242939e+00	1.164104e-01	1.042439e+00	7.746879e-02	2.321408e-09	2.118783e-09	6.515692e-13	4.375239e-09	2.819082e-12	
1  6.16611	2.242957e+00	1.163994e-01	1.042440e+00	7.731414e-02	2.321188e-09	2.118773e-09	8.341786e-13	4.388772e-09	1.499298e-12	
1  7.34164	2.242989e+00	1.163811e-01	1.042442e+00	7.712578e-02	2.321409e-09	2.117973e-09	1.060276e-12	4.381204e-09	4.588776e-12	
5  6.29656	2.243217e+00	1.164022e-01	1.042441e+00	7.718378e-02	2.322880e-09	2.118682e-09	1.011151e-12	4.367543e-09	1.893321e-12	
1  7.6835	2.243727e+00	1.164141e-01	1.042440e+00	7.707943e-02	2.323486e-09	2.119498e-09	1.231882e-12	4.366334e-09	3.063244e-12	
18  8.55923	2.244038e+00	1.164159e-01	1.042447e+00	7.712821e-02	2.323355e-09	2.118210e-09	1.836634e-12	4.378387e-09	3.030249e-12	
5  8.42979	2.244085e+00	1.164324e-01	1.042447e+00	7.706990e-02	2.324335e-09	2.118665e-09	5.746810e-13	4.378823e-09	3.191622e-12	
1  6.54619	2.244263e+00	1.163964e-01	1.042446e+00	7.716598e-02	2.325031e-09	2.118092e-09	1.508081e-12	4.368565e-09	3.162239e-12	
10  4.62451	2.244411e+00	1.163840e-01	1.042449e+00	7.736072e-02	2.323646e-09	2.118246e-09	1.210351e-12	4.369679e-09	3.763905e-12	
8  7.94403	2.244572e+00	1.163672e-01	1.042452e+00	7.730649e-02	2.324743e-09	2.119014e-09	1.598216e-12	4.366245e-09	4.900967e-12	
8  3.28454	2.244754e+00	1.164124e-01	1.042454e+00	7.747550e-02	2.325409e-09	2.118239e-09	7.216580e-13	4.362088e-09	3.348083e-12	
1  2.75259	2.244825e+00	1.164128e-01	1.042455e+00	7.756285e-02	2.324965e-09	2.116635e-09	7.082008e-13	4.360554e-09	2.627731e-12	
17  2.64158	2.245038e+00	1.163996e-01	1.042455e+00	7.775451e-02	2.324556e-09	2.116937e-09	4.739799e-13	4.365681e-09	2.785604e-12	
4  2.80133	2.245025e+00	1.164202e-01	1.042455e+00	7.774481e-02	2.323591e-09	2.117417e-09	3.858123e-13	4.375402e-09	1.571172e-12	
7  3.20556	2.245006e+00	1.164324e-01	1.042455e+00	7.778202e-02	2.323391e-09	2.117644e-09	5.941233e-13	4.371991e-09	3.251428e-12	
43  2.52639	2.245128e+00	1.164568e-01	1.042450e+00	7.771231e-02	2.322001e-09	2.117198e-09	6.772592e-13	4.377913e-09	2.682668e-12	
14  2.7386	2.245281e+00	1.164978e-01	1.042452e+00	7.785664e-02	2.320447e-09	2.117902e-09	5.561776e-13	4.371502e-09	2.413134e-12	
58  3.07107	2.245624e+00	1.165031e-01	1.042454e+00	7.771812e-02	2.319989e-09	2.117881e-09	8.988114e-13	4.371344e-09	3.132372e-12	
13  2.84264	2.245555e+00	1.164884e-01	1.042451e+00	7.776918e-02	2.319084e-09	2.117553e-09	6.673763e-13	4.360281e-09	2.757609e-12	
44  3.07868	2.245910e+00	1.164667e-01	1.042450e+00	7.782049e-02	2.319472e-09	2.117079e-09	5.310563e-13	4.359252e-09	2.578295e-12	
4  4.61124	2.246056e+00	1.164572e-01	1.042451e+00	7.787627e-02	2.319986e-09	2.118667e-09	4.352212e-13	4.349540e-09	1.549746e-12	
19  4.24348	2.245943e+00	1.164365e-01	1.042453e+00	7.779982e-02	2.319138e-09	2.118949e-09	9.497064e-13	4.349775e-09	2.312333e-12	
7  3.53026	2.246088e+00	1.164243e-01	1.042456e+00	7.798468e-02	2.319026e-09	2.118841e-09	5.735814e-13	4.364809e-09	2.051304e-12	
14  4.8883	2.246151e+00	1.164068e-01	1.042457e+00	7.812423e-02	2.317571e-09	2.118543e-09	6.894059e-13	4.376251e-09	3.694936e-12	
7  4.73501	2.246262e+00	1.163834e-01	1.042458e+00	7.818353e-02	2.316556e-09	2.119504e-09	1.197231e-12	4.387138e-09	2.884008e-12	
1  4.21565	2.246084e+00	1.164024e-01	1.042453e+00	7.816744e-02	2.316695e-09	2.119456e-09	5.373632e-13	4.392421e-09	2.478166e-12	
7  3.39751	2.246248e+00	1.163794e-01	1.042451e+00	7.823063e-02	2.317384e-09	2.119042e-09	7.832023e-13	4.395927e-09	2.985422e-12	
6  4.76463	2.246694e+00	1.163992e-01	1.042453e+00	7.820737e-02	2.315964e-09	2.119176e-09	5.242117e-13	4.394294e-09	1.916133e-12	
6  4.13975	2.246778e+00	1.164091e-01	1.042449e+00	7.820197e-02	2.316486e-09	2.119553e-09	9.825194e-13	4.390949e-09	3.508643e-12	
16  4.0238	2.246739e+00	1.164184e-01	1.042451e+00	7.824134e-02	2.317376e-09	2.119789e-09	1.063244e-12	4.386412e-09	3.320567e-12	
32  4.24714	2.246726e+00	1.164268e-01	1.042454e+00	7.813468e-02	2.318583e-09	2.119988e-09	1.055313e-12	4.400651e-09	2.831194e-12	
35  4.30433	2.247119e+00	1.164080e-01	1.042456e+00	7.806631e-02	2.317571e-09	2.119384e-09	1.179641e-12	4.398968e-09	3.369677e-12	
27  4.39008	2.246966e+00	1.163901e-01	1.042455e+00	7.805451e-02	2.317711e-09	2.119009e-09	1.147967e-12	4.403816e-09	3.979531e-12	
7  4.43154	2.246735e+00	1.163972e-01	1.042457e+00	7.800489e-02	2.316745e-09	2.119307e-09	1.234692e-12	4.409286e-09	3.293141e-12	
17  5.03561	2.246964e+00	1.164072e-01	1.042454e+00	7.798524e-02	2.316641e-09	2.118639e-09	5.793853e-13	4.410739e-09	1.760823e-12	
10  6.33799	2.247130e+00	1.163897e-01	1.042457e+00	7.795132e-02	2.315334e-09	2.119994e-09	8.630248e-13	4.408917e-09	3.407883e-12	
5  6.429	2.247387e+00	1.164261e-01	1.042459e+00	7.779809e-02	2.315668e-09	2.119332e-09	8.923434e-13	4.392107e-09	3.620068e-12	
5  8.66024	2.247574e+00	1.164111e-01	1.042459e+00	7.768441e-02	2.315120e-09	2.118774e-09	2.331300e-12	4.392037e-09	3.623345e-12	
7  7.69741	2.247708e+00	1.164251e-01	1.042458e+00	7.769648e-02	2.315671e-09	2.119615e-09	1.305274e-12	4.403457e-09	2.403459e-12	
3  5.23035	2.247569e+00	1.164891e-01	1.042458e+00	7.767444e-02	2.315344e-09	2.118283e-09	1.109966e-12	4.412219e-09	2.728591e-12	
18  4.23657	2.247722e+00	1.165073e-01	1.042459e+00	7.771676e-02	2.315427e-09	2.116791e-09	7.333312e-13	4.430541e-09	2.738898e-12	
13  4.95894	2.247308e+00	1.165153e-01	1.042459e+00	7.762074e-02	2.315840e-09	2.117693e-09	1.399581e-12	4.442636e-09	3.578562e-12	
15  5.24168	2.247125e+00	1.165232e-01	1.042460e+00	7.763869e-02	2.315191e-09	2.117334e-09	1.201222e-12	4.443031e-09	2.629742e-12	
12  7.10228	2.246967e+00	1.165273e-01	1.042457e+00	7.776218e-02	2.315552e-09	2.115690e-09	1.097417e-12	4.443481e-09	2.456053e-12	
2  8.03734	2.247052e+00	1.165290e-01	1.042457e+00	7.777483e-02	2.314576e-09	2.116817e-09	2.141164e-12	4.449537e-09	4.890048e-12	
2  12.2658	2.247310e+00	1.165424e-01	1.042458e+00	7.757349e-02	2.315208e-09	2.117114e-09	3.013340e-12	4.452619e-09	3.378018e-12	
3  7.27568	2.247059e+00	1.165362e-01	1.042456e+00	7.749245e-02	2.315414e-09	2.117048e-09	1.516013e-12	4.462172e-09	2.299486e-12	
1  7.51105	2.247231e+00	1.165307e-01	1.042452e+00	7.752467e-02	2.314748e-09	2.117419e-09	2.176954e-12	4.458793e-09	3.811655e-12	
3  8.61341	2.247169e+00	1.165441e-01	1.042453e+00	7.755574e-02	2.315247e-09	2.117325e-09	2.279906e-12	4.469293e-09	3.326718e-12	
12  8.21055	2.247455e+00	1.165458e-01	1.042454e+00	7.752713e-02	2.314821e-09	2.118484e-09	2.201547e-12	4.471296e-09	4.685469e-12	
3  8.33703	2.247205e+00	1.165632e-01	1.042454e+00	7.725328e-02	2.314339e-09	2.117549e-09	2.296416e-12	4.461599e-09	4.214336e-12	
1  10.5915	2.246925e+00	1.165540e-01	1.042454e+00	7.718654e-02	2.316406e-09	2.117688e-09	2.911591e-12	4.465470e-09	4.703391e-12	
7  6.65729	2.246760e+00	1.165803e-01	1.042455e+00	7.719678e-02	2.316389e-09	2.117491e-09	1.622411e-12	4.459332e-09	4.242627e-12	
4  11.8483	2.246827e+00	1.165788e-01	1.042457e+00	7.723473e-02	2.315892e-09	2.118385e-09	1.602996e-12	4.458318e-09	1.383019e-12	
12  14.7002	2.246668e+00	1.165916e-01	1.042458e+00	7.716068e-02	2.314548e-09	2.118077e-09	1.021885e-12	4.460158e-09	5.204842e-13	
3  11.7402	2.246623e+00	1.165459e-01	1.042460e+00	7.729709e-02	2.316150e-09	2.119525e-09	6.803501e-13	4.452818e-09	2.146902e-12	
11  11.4849	2.246345e+00	1.165154e-01	1.042459e+00	7.722172e-02	2.315498e-09	2.119394e-09	1.195666e-12	4.458147e-09	4.168720e-12	
1  11.6802	2.246529e+00	1.165254e-01	1.042462e+00	7.728523e-02	2.316292e-09	2.118972e-09	2.744086e-12	4.465883e-09	3.630134e-12	
9  10.662	2.246591e+00	1.165107e-01	1.042466e+00	7.714764e-02	2.314905e-09	2.119233e-09	1.661028e-12	4.460537e-09	3.400106e-12	
28  7.41066	2.246704e+00	1.165180e-01	1.042465e+00	7.728402e-02	2.315579e-09	2.118514e-09	1.106137e-12	4.465626e-09	2.633883e-12	
7  6.60539	2.246595e+00	1.165669e-01	1.042460e+00	7.733054e-02	2.316159e-09	2.117185e-09	6.033856e-13	4.474733e-09	1.610267e-12	
18  4.43531	2.246402e+00	1.165832e-01	1.042464e+00	7.736716e-02	2.316657e-09	2.115934e-09	1.154725e-12	4.474588e-09	2.880916e-12	
20  4.61987	2.246345e+00	1.165899e-01	1.042461e+00	7.735894e-02	2.317420e-09	2.115898e-09	5.091934e-13	4.480490e-09	1.725752e-12	
1  3.82703	2.246277e+00	1.165613e-01	1.042463e+00	7.747107e-02	2.316932e-09	2.115479e-09	9.655964e-13	4.480690e-09	3.202877e-12	
16  8.99664	2.246003e+00	1.165697e-01	1.042463e+00	7.741718e-02	2.317538e-09	2.115791e-09	2.246424e-13	4.482219e-09	1.113038e-12	
4  5.39595	2.245881e+00	1.165554e-01	1.042463e+00	7.742297e-02	2.316954e-09	2.117166e-09	6.247854e-13	4.485139e-09	1.616626e-12	
3  5.39861	2.245962e+00	1.165486e-01	1.042468e+00	7.744775e-02	2.316887e-09	2.117447e-09	1.224201e-12	4.471472e-09	2.477937e-12	
13  6.24684	2.246271e+00	1.165339e-01	1.042470e+00	7.736996e-02	2.317378e-09	2.118157e-09	9.263297e-13	4.477187e-09	2.055285e-12	
17  4.20954	2.246218e+00	1.165474e-01	1.042469e+00	7.753027e-02	2.317796e-09	2.117617e-09	1.075293e-12	4.468009e-09	2.794291e-12	
1  6.2517	2.246200e+00	1.165338e-01	1.042469e+00	7.764699e-02	2.317726e-09	2.117916e-09	1.689715e-12	4.477942e-09	4.995139e-12	
16  5.0613	2.246069e+00	1.165410e-01	1.042473e+00	7.765576e-02	2.317292e-09	2.117879e-09	1.510266e-12	4.482689e-09	3.871290e-12	
4  5.0555	2.246150e+00	1.165343e-01	1.042475e+00	7.772305e-02	2.317098e-09	2.118628e-09	1.069139e-12	4.482774e-09	4.043307e-12	
33  4.69554	2.246159e+00	1.165506e-01	1.042476e+00	7.765430e-02	2.317388e-09	2.117064e-09	4.267689e-13	4.461535e-09	2.092921e-12	
9  4.19204	2.245899e+00	1.165549e-01	1.042480e+00	7.772184e-02	2.315996e-09	2.116484e-09	9.702972e-13	4.458724e-09	3.222905e-12	
12  4.41099	2.245702e+00	1.165199e-01	1.042483e+00	7.770096e-02	2.316090e-09	2.116637e-09	6.153248e-13	4.450250e-09	1.955876e-12	
10  4.35707	2.245839e+00	1.165091e-01	1.042482e+00	7.772066e-02	2.315569e-09	2.116707e-09	8.812800e-13	4.438028e-09	3.984744e-12	
7  4.25189	2.245745e+00	1.165308e-01	1.042483e+00	7.770270e-02	2.315556e-09	2.117312e-09	9.186233e-13	4.432325e-09	4.006679e-12	
7  4.97057	2.245664e+00	1.165132e-01	1.042484e+00	7.764562e-02	2.314532e-09	2.116972e-09	1.140759e-12	4.433000e-09	2.845144e-12	
1  4.43245	2.245761e+00	1.165461e-01	1.042484e+00	7.774775e-02	2.315999e-09	2.116331e-09	6.446980e-13	4.413899e-09	2.255903e-12	
7  4.3796	2.245623e+00	1.165403e-01	1.042483e+00	7.760724e-02	2.315035e-09	2.116262e-09	7.779145e-13	4.402956e-09	2.401621e-12	
8  5.18331	2.245840e+00	1.165303e-01	1.042488e+00	7.758076e-02	2.314675e-09	2.115486e-09	3.247043e-13	4.397442e-09	1.941298e-12	
39  3.36534	2.245810e+00	1.165135e-01	1.042487e+00	7.754598e-02	2.314630e-09	2.116326e-09	7.933152e-13	4.408160e-09	2.948127e-12	
1  4.96546	2.245410e+00	1.165212e-01	1.042484e+00	7.730635e-02	2.313862e-09	2.116518e-09	1.467195e-12	4.411697e-09	3.770224e-12	
4  9.89299	2.245614e+00	1.165415e-01	1.042485e+00	7.732418e-02	2.312473e-09	2.118405e-09	2.701516e-12	4.411817e-09	5.582462e-12	
4  5.97753	2.245174e+00	1.165470e-01	1.042481e+00	7.731191e-02	2.313468e-09	2.118249e-09	8.234039e-13	4.408925e-09	3.388685e-12	
6  4.83948	2.245507e+00	1.165276e-01	1.042476e+00	7.723332e-02	2.314278e-09	2.117461e-09	9.905436e-13	4.416552e-09	2.635169e-12	
3  5.55255	2.245405e+00	1.165150e-01	1.042474e+00	7.714957e-02	2.314660e-09	2.117586e-09	8.584174e-13	4.407462e-09	3.404633e-12	
4  5.43145	2.245516e+00	1.165440e-01	1.042470e+00	7.688352e-02	2.315654e-09	2.116386e-09	7.794508e-13	4.396832e-09	3.400475e-12	
1  4.96127	2.244789e+00	1.165370e-01	1.042470e+00	7.693124e-02	2.316318e-09	2.116330e-09	8.626853e-13	4.395513e-09	3.866940e-12	
1  5.38484	2.244721e+00	1.165411e-01	1.042475e+00	7.678827e-02	2.315741e-09	2.115241e-09	1.525226e-12	4.401634e-09	4.616740e-12	
23  4.88089	2.244796e+00	1.165322e-01	1.042475e+00	7.681748e-02	2.315190e-09	2.114115e-09	1.055764e-12	4.390887e-09	4.622027e-12	
5  3.7648	2.244917e+00	1.165192e-01	1.042472e+00	7.664502e-02	2.315535e-09	2.114673e-09	1.130350e-12	4.396140e-09	3.245159e-12	
13  4.50717	2.245038e+00	1.165352e-01	1.042471e+00	7.685105e-02	2.315360e-09	2.115803e-09	1.277384e-12	4.401445e-09	3.274586e-12	
4  5.26601	2.245072e+00	1.165296e-01	1.042470e+00	7.701082e-02	2.315914e-09	2.116251e-09	1.331883e-12	4.399188e-09	2.817152e-12	
12  3.95919	2.245117e+00	1.165109e-01	1.042473e+00	7.693261e-02	2.315995e-09	2.116348e-09	9.602599e-13	4.395752e-09	2.854652e-12	
7  3.81027	2.245268e+00	1.165194e-01	1.042472e+00	7.699422e-02	2.316828e-09	2.116133e-09	9.382831e-13	4.390165e-09	3.709458e-12	
1  6.40353	2.245301e+00	1.165381e-01	1.042471e+00	7.675860e-02	2.315595e-09	2.115346e-09	1.452939e-12	4.401741e-09	2.589131e-12	
27  6.89759	2.245320e+00	1.165277e-01	1.042473e+00	7.681473e-02	2.314411e-09	2.114812e-09	7.906443e-13	4.411621e-09	1.372041e-12	
11  3.98045	2.245477e+00	1.164997e-01	1.042477e+00	7.673166e-02	2.313964e-09	2.114706e-09	5.528620e-13	4.411621e-09	2.593668e-12	
3  6.07456	2.245262e+00	1.164868e-01	1.042475e+00	7.663635e-02	2.312964e-09	2.113196e-09	1.573170e-12	4.399778e-09	3.689925e-12	
4  7.76962	2.244653e+00	1.164857e-01	1.042475e+00	7.666312e-02	2.312921e-09	2.113008e-09	7.093149e-13	4.410994e-09	1.223237e-12	
3  6.72999	2.244862e+00	1.164967e-01	1.042477e+00	7.658588e-02	2.313120e-09	2.113067e-09	4.940615e-13	4.419541e-09	1.072698e-12	
1  6.38646	2.244952e+00	1.164965e-01	1.042476e+00	7.669267e-02	2.314347e-09	2.113731e-09	1.652335e-12	4.416716e-09	5.099621e-12	
10  5.16124	2.245140e+00	1.164895e-01	1.042474e+00	7.689262e-02	2.314612e-09	2.113453e-09	1.082795e-12	4.420476e-09	2.811443e-12	
2  4.85628	2.245265e+00	1.165022e-01	1.042475e+00	7.681746e-02	2.315086e-09	2.114938e-09	5.717932e-13	4.408571e-09	3.258471e-12	
3  3.62151	2.245513e+00	1.164674e-01	1.042471e+00	7.694967e-02	2.315699e-09	2.115369e-09	9.863310e-13	4.404392e-09	3.813199e-12	
3  3.23158	2.245246e+00	1.164409e-01	1.042466e+00	7.692601e-02	2.316656e-09	2.115609e-09	7.626520e-13	4.410182e-09	3.170816e-12	
22  2.80814	2.244802e+00	1.164177e-01	1.042467e+00	7.707484e-02	2.316797e-09	2.115673e-09	8.320150e-13	4.413529e-09	2.711853e-12	
6  3.13105	2.244867e+00	1.164279e-01	1.042468e+00	7.708130e-02	2.315620e-09	2.114714e-09	8.953876e-13	4.413099e-09	3.008643e-12	
28  4.04072	2.245276e+00	1.164233e-01	1.042466e+00	7.692241e-02	2.314888e-09	2.115406e-09	7.717172e-13	4.399600e-09	3.611310e-12	
4  3.04155	2.245394e+00	1.164011e-01	1.042464e+00	7.676046e-02	2.315131e-09	2.114414e-09	5.224350e-13	4.400958e-09	2.468614e-12	
10  2.35885	2.245377e+00	1.163689e-01	1.042463e+00	7.675243e-02	2.316610e-09	2.113001e-09	5.069904e-13	4.401920e-09	2.792584e-12	
74  2.21606	2.245090e+00	1.163969e-01	1.042464e+00	7.682995e-02	2.317301e-09	2.113911e-09	7.120040e-13	4.406247e-09	2.916242e-12	
15  2.36404	2.245107e+00	1.164038e-01	1.042466e+00	7.682327e-02	2.318411e-09	2.114935e-09	6.387621e-13	4.414864e-09	2.492153e-12	
36  3.56405	2.245517e+00	1.163703e-01	1.042467e+00	7.681416e-02	2.318654e-09	2.115046e-09	4.195062e-13	4.420002e-09	1.858930e-12	
11  3.23375	2.245573e+00	1.164040e-01	1.042470e+00	7.662286e-02	2.317876e-09	2.114750e-09	7.205810e-13	4.413480e-09	2.449265e-12	
12  2.84771	2.245717e+00	1.164100e-01	1.042470e+00	7.661308e-02	2.317055e-09	2.114078e-09	6.757902e-13	4.419755e-09	2.988410e-12	
6  2.87195	2.245398e+00	1.164137e-01	1.042468e+00	7.671362e-02	2.315485e-09	2.114191e-09	8.483751e-13	4.404530e-09	2.738935e-12	
36  3.01235	2.245392e+00	1.164118e-01	1.042468e+00	7.668882e-02	2.313861e-09	2.114456e-09	7.346210e-13	4.400088e-09	2.769992e-12	
11  3.80465	2.245014e+00	1.164007e-01	1.042465e+00	7.661822e-02	2.313056e-09	2.113876e-09	1.153362e-12	4.403057e-09	3.307158e-12	
4  4.77017	2.244885e+00	1.164101e-01	1.042461e+00	7.658791e-02	2.312058e-09	2.115142e-09	8.124691e-13	4.412764e-09	3.143404e-12	
1  5.66611	2.244663e+00	1.164066e-01	1.042462e+00	7.657805e-02	2.312301e-09	2.112735e-09	1.294109e-12	4.405017e-09	3.013617e-12	
23  5.28804	2.244742e+00	1.164145e-01	1.042462e+00	7.676669e-02	2.313274e-09	2.111444e-09	8.309948e-13	4.413271e-09	3.211481e-12	
46  4.59885	2.244648e+00	1.164225e-01	1.042464e+00	7.666612e-02	2.314183e-09	2.110424e-09	4.004344e-13	4.402848e-09	1.910022e-12	
17  2.92185	2.244567e+00	1.164487e-01	1.042466e+00	7.670522e-02	2.313645e-09	2.111732e-09	4.630672e-13	4.397960e-09	2.388382e-12	
12  2.59375	2.244249e+00	1.164643e-01	1.042463e+00	7.661165e-02	2.314190e-09	2.111992e-09	5.626025e-13	4.404077e-09	2.473851e-12	
15  5.56763	2.244356e+00	1.164681e-01	1.042464e+00	7.657077e-02	2.313533e-09	2.110486e-09	4.997986e-13	4.402546e-09	1.790379e-12	
18  3.73183	2.244279e+00	1.164544e-01	1.042462e+00	7.653585e-02	2.313119e-09	2.111488e-09	6.610801e-13	4.402823e-09	3.466810e-12	
4  4.03345	2.244615e+00	1.164573e-01	1.042466e+00	7.657446e-02	2.313480e-09	2.111961e-09	5.959274e-13	4.391724e-09	1.861939e-12	
2  3.699	2.244552e+00	1.164484e-01	1.042469e+00	7.653487e-02	2.312926e-09	2.112827e-09	7.705936e-13	4.398081e-09	2.172151e-12	
2  4.50538	2.244757e+00	1.164595e-01	1.042471e+00	7.653096e-02	2.314375e-09	2.113175e-09	3.007155e-13	4.388100e-09	1.861057e-12	
21  2.81909	2.244786e+00	1.164666e-01	1.042471e+00	7.657312e-02	2.314591e-09	2.113163e-09	5.963686e-13	4.379514e-09	3.147191e-12	
2  3.33758	2.244931e+00	1.164539e-01	1.042471e+00	7.649999e-02	2.314026e-09	2.112651e-09	9.557105e-13	4.381494e-09	3.040690e-12	
16  3.35914	2.245224e+00	1.164374e-01	1.042472e+00	7.644548e-02	2.314469e-09	2.112074e-09	6.658064e-13	4.364367e-09	2.112730e-12	
4  3.8203	2.245227e+00	1.164477e-01	1.042468e+00	7.662485e-02	2.314288e-09	2.113481e-09	5.701828e-13	4.347969e-09	1.716386e-12	
2  5.36382	2.245389e+00	1.164849e-01	1.042470e+00	7.658666e-02	2.313040e-09	2.113783e-09	6.239754e-13	4.363700e-09	3.667301e-12	
12  4.08204	2.245178e+00	1.164538e-01	1.042472e+00	7.659532e-02	2.313776e-09	2.113896e-09	4.299324e-13	4.359083e-09	2.485759e-12	
1  2.59041	2.245043e+00	1.164901e-01	1.042475e+00	7.658067e-02	2.314174e-09	2.112887e-09	5.826405e-13	4.360753e-09	2.994061e-12	
14  3.53381	2.244853e+00	1.165013e-01	1.042475e+00	7.645270e-02	2.315089e-09	2.113471e-09	5.007566e-13	4.365536e-09	2.846285e-12	
1  4.07507	2.244622e+00	1.165022e-01	1.042476e+00	7.654425e-02	2.314960e-09	2.113321e-09	4.473594e-13	4.363020e-09	2.943559e-12	
5  3.81807	2.244100e+00	1.164733e-01	1.042473e+00	7.664150e-02	2.315416e-09	2.113410e-09	5.479838e-13	4.366960e-09	1.639537e-12	
11  3.5832	2.244147e+00	1.164696e-01	1.042471e+00	7.663475e-02	2.315849e-09	2.113348e-09	8.188126e-13	4.369689e-09	2.421475e-12	
30  2.41746	2.244009e+00	1.164592e-01	1.042469e+00	7.662888e-02	2.315733e-09	2.112915e-09	3.636859e-13	4.368601e-09	2.204787e-12	
6  3.72403	2.244192e+00	1.164325e-01	1.042467e+00	7.664001e-02	2.316484e-09	2.112794e-09	7.136584e-13	4.364325e-09	3.782425e-12	
20  3.00531	2.244219e+00	1.164209e-01	1.042468e+00	7.650341e-02	2.317394e-09	2.112213e-09	7.737226e-13	4.371347e-09	3.082356e-12	
7  3.51982	2.243917e+00	1.164025e-01	1.042473e+00	7.636383e-02	2.316246e-09	2.112748e-09	8.483759e-13	4.374231e-09	2.498875e-12	
4  4.92818	2.243776e+00	1.163975e-01	1.042471e+00	7.638415e-02	2.316228e-09	2.113797e-09	1.265817e-12	4.373240e-09	3.292260e-12	
6  3.55752	2.243624e+00	1.164157e-01	1.042474e+00	7.632637e-02	2.316761e-09	2.113342e-09	9.276525e-13	4.374721e-09	2.723985e-12	
21  4.264	2.243877e+00	1.164215e-01	1.042475e+00	7.637737e-02	2.316825e-09	2.113583e-09	5.187539e-13	4.366692e-09	1.431847e-12	
5  4.55327	2.244216e+00	1.164326e-01	1.042475e+00	7.639612e-02	2.317523e-09	2.112626e-09	5.124363e-13	4.359873e-09	1.358198e-12	
23  2.58122	2.244146e+00	1.164125e-01	1.042477e+00	7.641762e-02	2.318430e-09	2.112087e-09	4.293959e-13	4.363398e-09	2.908775e-12	
31  3.00444	2.244283e+00	1.164246e-01	1.042478e+00	7.659027e-02	2.318373e-09	2.112044e-09	6.349522e-13	4.349742e-09	3.163908e-12	
18  2.92961	2.244768e+00	1.164131e-01	1.042481e+00	7.635558e-02	2.318289e-09	2.111537e-09	7.348651e-13	4.355015e-09	2.893929e-12	
8  3.15583	2.244898e+00	1.163836e-01	1.042476e+00	7.628587e-02	2.318727e-09	2.111759e-09	7.065632e-13	4.350804e-09	3.743112e-12	
1  3.19553	2.245084e+00	1.164269e-01	1.042477e+00	7.635981e-02	2.319462e-09	2.112650e-09	9.432955e-13	4.348719e-09	3.761875e-12	
18  2.15733	2.245720e+00	1.164790e-01	1.042477e+00	7.623054e-02	2.319914e-09	2.112417e-09	7.107328e-13	4.340298e-09	3.154694e-12	
46  1.86781	2.245990e+00	1.164620e-01	1.042479e+00	7.633616e-02	2.320164e-09	2.112074e-09	5.902154e-13	4.354115e-09	2.439841e-12	
64  1.78659	2.246110e+00	1.164381e-01	1.042478e+00	7.635388e-02	2.319863e-09	2.111564e-09	4.873523e-13	4.346394e-09	2.653592e-12	
1  1.70489	2.245879e+00	1.164047e-01	1.042475e+00	7.632794e-02	2.319780e-09	2.111290e-09	4.198113e-13	4.354373e-09	2.443831e-12	
8  2.31004	2.245840e+00	1.164187e-01	1.042477e+00	7.627553e-02	2.320375e-09	2.111573e-09	7.041009e-13	4.343707e-09	2.735423e-12	
8  3.13622	2.245280e+00	1.164222e-01	1.042480e+00	7.631419e-02	2.320911e-09	2.111819e-09	3.297058e-13	4.355483e-09	1.304724e-12	
4  2.97875	2.245528e+00	1.164252e-01	1.042482e+00	7.647837e-02	2.320791e-09	2.111875e-09	7.318689e-13	4.369800e-09	3.551565e-12	
19  5.33798	2.245534e+00	1.164282e-01	1.042484e+00	7.655954e-02	2.321160e-09	2.111276e-09	7.021614e-13	4.367574e-09	2.310312e-12	
6  4.99662	2.245355e+00	1.164229e-01	1.042485e+00	7.656105e-02	2.319466e-09	2.111985e-09	8.296507e-13	4.374129e-09	2.444248e-12	
10  2.07282	2.245487e+00	1.163998e-01	1.042486e+00	7.636106e-02	2.320711e-09	2.113043e-09	4.775251e-13	4.378056e-09	2.037631e-12	
2  4.52642	2.245679e+00	1.163692e-01	1.042487e+00	7.639792e-02	2.321009e-09	2.112349e-09	1.138914e-12	4.391796e-09	3.498075e-12	
26  3.75868	2.245613e+00	1.163406e-01	1.042481e+00	7.649097e-02	2.319042e-09	2.113928e-09	8.623725e-13	4.399423e-09	3.914045e-12	
28  1.98208	2.245347e+00	1.163338e-01	1.042480e+00	7.658171e-02	2.319849e-09	2.113000e-09	6.923627e-13	4.402072e-09	2.968375e-12	
20  2.28495	2.245422e+00	1.163480e-01	1.042478e+00	7.632296e-02	2.320281e-09	2.112868e-09	6.789956e-13	4.416830e-09	3.147201e-12	
3  2.34278	2.245289e+00	1.164031e-01	1.042478e+00	7.635198e-02	2.320790e-09	2.112158e-09	7.642881e-13	4.425243e-09	2.795980e-12	
9  3.0918	2.245040e+00	1.163923e-01	1.042478e+00	7.629225e-02	2.320969e-09	2.112408e-09	9.009394e-13	4.421167e-09	2.885890e-12	
1  2.57003	2.245458e+00	1.163886e-01	1.042475e+00	7.626999e-02	2.320665e-09	2.112089e-09	5.183975e-13	4.422275e-09	1.750241e-12	
