24  4.16723	2.245032e+00	1.162514e-01	1.042489e+00	7.552548e-02	2.342223e-09	2.108432e-09	4.396260e-13	4.505060e-09	1.789663e-12	
25  2.56881	2.245282e+00	1.162387e-01	1.042488e+00	7.541287e-02	2.341281e-09	2.108795e-09	4.811869e-13	4.502672e-09	2.432317e-12	
111  1.12485	2.245127e+00	1.162382e-01	1.042491e+00	7.548279e-02	2.341796e-09	2.108891e-09	3.213783e-13	4.495214e-09	2.268278e-12	
2  3.94104	2.245177e+00	1.162927e-01	1.042493e+00	7.561280e-02	2.340739e-09	2.108682e-09	4.429155e-13	4.504801e-09	3.215615e-12	
17  3.74399	2.245233e+00	1.163202e-01	1.042492e+00	7.555316e-02	2.339642e-09	2.107738e-09	4.733992e-13	4.492293e-09	2.785852e-12	
350  1.89199	2.245171e+00	1.163057e-01	1.042493e+00	7.541934e-02	2.338556e-09	2.106866e-09	2.557867e-13	4.484424e-09	2.325201e-12	
109  0.234167	2.245187e+00	1.163147e-01	1.042493e+00	7.539296e-02	2.339113e-09	2.107573e-09	2.051919e-13	4.479446e-09	1.380929e-12	
8  3.76578	2.245199e+00	1.162986e-01	1.042495e+00	7.524228e-02	2.338557e-09	2.107276e-09	3.104748e-13	4.478409e-09	2.905379e-12	
24  3.18098	2.245475e+00	1.162707e-01	1.042494e+00	7.528683e-02	2.339406e-09	2.106844e-09	2.502334e-13	4.470846e-09	2.558880e-12	
11  2.68269	2.245552e+00	1.162497e-01	1.042493e+00	7.528056e-02	2.341346e-09	2.106985e-09	2.503404e-13	4.481108e-09	2.473677e-12	
30  2.50419	2.245506e+00	1.162642e-01	1.042495e+00	7.525418e-02	2.341479e-09	2.106171e-09	2.428547e-13	4.478139e-09	2.373205e-12	
204  1.55315	2.245255e+00	1.162608e-01	1.042495e+00	7.519037e-02	2.341479e-09	2.105924e-09	1.831162e-13	4.485677e-09	1.938368e-12	
186  1.91334	2.245195e+00	1.162608e-01	1.042492e+00	7.522448e-02	2.342978e-09	2.105395e-09	1.999752e-13	4.497853e-09	1.944122e-12	
75  1.885	2.245104e+00	1.162393e-01	1.042492e+00	7.502764e-02	2.344057e-09	2.104951e-09	8.584730e-14	4.493312e-09	8.957645e-13	
200  2.10035	2.245493e+00	1.162223e-01	1.042490e+00	7.517189e-02	2.343274e-09	2.104281e-09	8.982297e-14	4.508480e-09	8.813168e-13	
58  3.19125	2.245696e+00	1.162187e-01	1.042490e+00	7.512091e-02	2.343072e-09	2.105222e-09	2.979297e-13	4.507147e-09	1.774912e-12	
95  1.11808	2.245435e+00	1.162044e-01	1.042487e+00	7.501940e-02	2.344279e-09	2.105731e-09	2.520341e-13	4.503764e-09	1.754639e-12	
367  1.61355	2.245325e+00	1.161830e-01	1.042484e+00	7.492843e-02	2.344477e-09	2.104150e-09	1.884528e-13	4.496527e-09	1.642293e-12	
41  0.831932	2.245375e+00	1.161885e-01	1.042488e+00	7.488192e-02	2.342506e-09	2.105750e-09	2.477090e-13	4.502067e-09	1.548650e-12	
2  0.683351	2.245495e+00	1.161911e-01	1.042489e+00	7.505003e-02	2.341584e-09	2.106251e-09	1.661225e-13	4.505645e-09	1.589140e-12	
7  0.644338	2.245479e+00	1.161833e-01	1.042490e+00	7.512522e-02	2.342085e-09	2.107546e-09	2.005261e-13	4.504348e-09	1.594251e-12	
83  0.694381	2.245134e+00	1.161575e-01	1.042491e+00	7.515844e-02	2.341883e-09	2.106402e-09	2.268982e-13	4.502550e-09	1.863792e-12	
179  0.18834	2.244610e+00	1.162018e-01	1.042490e+00	7.520761e-02	2.341365e-09	2.106329e-09	1.664786e-13	4.490832e-09	1.400414e-12	
8  2.41629	2.244743e+00	1.161905e-01	1.042491e+00	7.512707e-02	2.341523e-09	2.107313e-09	3.915013e-13	4.496757e-09	2.295583e-12	
117  1.05106	2.244881e+00	1.161914e-01	1.042487e+00	7.521205e-02	2.341389e-09	2.108682e-09	2.655668e-13	4.495204e-09	1.807091e-12	
99  1.22064	2.244614e+00	1.162291e-01	1.042484e+00	7.536637e-02	2.341453e-09	2.108306e-09	2.856476e-13	4.491253e-09	1.495825e-12	
62  2.43777	2.244859e+00	1.162003e-01	1.042481e+00	7.525509e-02	2.340666e-09	2.107812e-09	3.808370e-13	4.487001e-09	1.793551e-12	
20  2.12536	2.244774e+00	1.161978e-01	1.042483e+00	7.533784e-02	2.340544e-09	2.109207e-09	3.692119e-13	4.485357e-09	2.472872e-12	
52  4.37894	2.244872e+00	1.161935e-01	1.042484e+00	7.532689e-02	2.341246e-09	2.110774e-09	4.968953e-13	4.501893e-09	2.694046e-12	
24  4.03292	2.244723e+00	1.161997e-01	1.042480e+00	7.526849e-02	2.341517e-09	2.109757e-09	3.004118e-13	4.500835e-09	1.020517e-12	
39  2.39111	2.244208e+00	1.162072e-01	1.042480e+00	7.517596e-02	2.342172e-09	2.108651e-09	2.380356e-13	4.492915e-09	2.082862e-12	
38  1.9175	2.244438e+00	1.162174e-01	1.042481e+00	7.509841e-02	2.342160e-09	2.108656e-09	2.853394e-13	4.492025e-09	2.080528e-12	
11  2.87614	2.244493e+00	1.162047e-01	1.042483e+00	7.502214e-02	2.342330e-09	2.109133e-09	2.640280e-13	4.488521e-09	1.292228e-12	
28  3.34494	2.244229e+00	1.161889e-01	1.042483e+00	7.504572e-02	2.340554e-09	2.108679e-09	4.681983e-13	4.494114e-09	2.462898e-12	
161  1.53372	2.244047e+00	1.161596e-01	1.042479e+00	7.502347e-02	2.340585e-09	2.107941e-09	3.050597e-13	4.501031e-09	1.885308e-12	
7  4.74907	2.244176e+00	1.161817e-01	1.042481e+00	7.509825e-02	2.342008e-09	2.108543e-09	4.817623e-13	4.498548e-09	1.785741e-12	
111  3.74001	2.244094e+00	1.161618e-01	1.042482e+00	7.496784e-02	2.342331e-09	2.108738e-09	1.608005e-13	4.499508e-09	9.105040e-13	
38  6.46801	2.244027e+00	1.161929e-01	1.042480e+00	7.511549e-02	2.341313e-09	2.108997e-09	3.409240e-13	4.508979e-09	8.206117e-13	
3  5.27406	2.243638e+00	1.161835e-01	1.042483e+00	7.495528e-02	2.341174e-09	2.109214e-09	1.843726e-13	4.520332e-09	7.849437e-13	
117  4.29363	2.243379e+00	1.161650e-01	1.042483e+00	7.512929e-02	2.342109e-09	2.109094e-09	4.792704e-13	4.512241e-09	2.339870e-12	
123  1.70539	2.243789e+00	1.161933e-01	1.042483e+00	7.522941e-02	2.342177e-09	2.108686e-09	2.974807e-13	4.508148e-09	1.555241e-12	
92  3.39849	2.243449e+00	1.161681e-01	1.042481e+00	7.531231e-02	2.342439e-09	2.109936e-09	1.837795e-13	4.494658e-09	8.429261e-13	
27  11.6109	2.243414e+00	1.161416e-01	1.042486e+00	7.528368e-02	2.341469e-09	2.111490e-09	7.535048e-13	4.488598e-09	1.479115e-12	
13  10.4119	2.243247e+00	1.161362e-01	1.042487e+00	7.534317e-02	2.340445e-09	2.111768e-09	8.507601e-13	4.492172e-09	4.028295e-12	
3  7.68909	2.242961e+00	1.160911e-01	1.042488e+00	7.546704e-02	2.341527e-09	2.112301e-09	3.268311e-13	4.496249e-09	2.575679e-12	
53  8.1835	2.243012e+00	1.161125e-01	1.042488e+00	7.549535e-02	2.341690e-09	2.113131e-09	2.454061e-13	4.500620e-09	1.779257e-12	
18  8.37474	2.242753e+00	1.161053e-01	1.042487e+00	7.545841e-02	2.341591e-09	2.113148e-09	3.491101e-13	4.499167e-09	2.335920e-12	
67  8.52399	2.242787e+00	1.161088e-01	1.042488e+00	7.549030e-02	2.342083e-09	2.113278e-09	5.682400e-13	4.514353e-09	2.072675e-12	
29  9.31687	2.242617e+00	1.161081e-01	1.042489e+00	7.546808e-02	2.342438e-09	2.113113e-09	6.278409e-13	4.518234e-09	2.065233e-12	
32  10.3497	2.242446e+00	1.160944e-01	1.042490e+00	7.556862e-02	2.342025e-09	2.113789e-09	4.474474e-13	4.516343e-09	2.942313e-12	
7  10.4287	2.241943e+00	1.161061e-01	1.042489e+00	7.571916e-02	2.342186e-09	2.113492e-09	4.215743e-13	4.517429e-09	8.356696e-13	
20  8.0551	2.242145e+00	1.160976e-01	1.042485e+00	7.582774e-02	2.341250e-09	2.114755e-09	4.790991e-13	4.516699e-09	1.851098e-12	
4  8.5313	2.242025e+00	1.161245e-01	1.042488e+00	7.595353e-02	2.341281e-09	2.114426e-09	5.763221e-13	4.500743e-09	1.593614e-12	
25  8.14878	2.242039e+00	1.161204e-01	1.042489e+00	7.580360e-02	2.341083e-09	2.113149e-09	1.126882e-13	4.481803e-09	6.333909e-13	
8  4.39563	2.242010e+00	1.161158e-01	1.042490e+00	7.588560e-02	2.341964e-09	2.111922e-09	4.331966e-13	4.485590e-09	2.576868e-12	
3  4.39055	2.242326e+00	1.160987e-01	1.042489e+00	7.595808e-02	2.341216e-09	2.113219e-09	3.788027e-13	4.495002e-09	1.546787e-12	
29  4.44914	2.242558e+00	1.161342e-01	1.042494e+00	7.591131e-02	2.341980e-09	2.112985e-09	4.802041e-13	4.492307e-09	2.376511e-12	
43  3.89566	2.242280e+00	1.161320e-01	1.042495e+00	7.582231e-02	2.341713e-09	2.112868e-09	2.542612e-13	4.499245e-09	1.178727e-12	
7  5.12548	2.242508e+00	1.161553e-01	1.042497e+00	7.592647e-02	2.342906e-09	2.112586e-09	4.642584e-13	4.503317e-09	1.791002e-12	
32  6.15685	2.242468e+00	1.161553e-01	1.042498e+00	7.602295e-02	2.343617e-09	2.112075e-09	5.017935e-13	4.503031e-09	3.276014e-12	
7  4.2138	2.242481e+00	1.161523e-01	1.042496e+00	7.599450e-02	2.343865e-09	2.112864e-09	4.576441e-13	4.506249e-09	2.306287e-12	
103  5.11614	2.242257e+00	1.161810e-01	1.042492e+00	7.595760e-02	2.345101e-09	2.112503e-09	4.892308e-13	4.507835e-09	2.715955e-12	
14  1.91014	2.242593e+00	1.161782e-01	1.042493e+00	7.605118e-02	2.344152e-09	2.112560e-09	3.024769e-13	4.502939e-09	1.832251e-12	
11  1.74288	2.242992e+00	1.161885e-01	1.042494e+00	7.603431e-02	2.343468e-09	2.112794e-09	2.759845e-13	4.482582e-09	1.579449e-12	
24  3.36815	2.242926e+00	1.161584e-01	1.042494e+00	7.580885e-02	2.342523e-09	2.112875e-09	3.374727e-13	4.479340e-09	1.688083e-12	
10  2.56161	2.243274e+00	1.162109e-01	1.042494e+00	7.580973e-02	2.341525e-09	2.112488e-09	3.491349e-13	4.484403e-09	1.822417e-12	
74  1.78257	2.243596e+00	1.162087e-01	1.042498e+00	7.586011e-02	2.340031e-09	2.111395e-09	3.161296e-13	4.480356e-09	2.351206e-12	
48  2.62207	2.243274e+00	1.162470e-01	1.042496e+00	7.563994e-02	2.339282e-09	2.110870e-09	2.606974e-13	4.476427e-09	1.112832e-12	
16  4.14276	2.243216e+00	1.162565e-01	1.042494e+00	7.568914e-02	2.338204e-09	2.111289e-09	2.649389e-13	4.478012e-09	2.458639e-12	
32  3.74907	2.243267e+00	1.162235e-01	1.042487e+00	7.579026e-02	2.337024e-09	2.109828e-09	4.173033e-13	4.483129e-09	1.740263e-12	
47  1.50202	2.243291e+00	1.161943e-01	1.042486e+00	7.568707e-02	2.338184e-09	2.109141e-09	2.832936e-13	4.480981e-09	2.206433e-12	
71  1.04301	2.243174e+00	1.162180e-01	1.042487e+00	7.559062e-02	2.337943e-09	2.109821e-09	2.991902e-13	4.483713e-09	2.037081e-12	
10  3.40622	2.243133e+00	1.162153e-01	1.042486e+00	7.545261e-02	2.338110e-09	2.108942e-09	1.443062e-13	4.484627e-09	1.691306e-12	
18  1.65918	2.243090e+00	1.162309e-01	1.042488e+00	7.554853e-02	2.336846e-09	2.109181e-09	3.539276e-13	4.489207e-09	2.264106e-12	
31  1.55502	2.242886e+00	1.162522e-01	1.042491e+00	7.560227e-02	2.336956e-09	2.108278e-09	2.103149e-13	4.477846e-09	1.210824e-12	
102  2.60877	2.242704e+00	1.162412e-01	1.042493e+00	7.560935e-02	2.336529e-09	2.109475e-09	3.944837e-13	4.472677e-09	2.054104e-12	
68  0.750349	2.242696e+00	1.162749e-01	1.042495e+00	7.564581e-02	2.337019e-09	2.108687e-09	1.645782e-13	4.477339e-09	1.125868e-12	
165  1.44352	2.242523e+00	1.162532e-01	1.042488e+00	7.569440e-02	2.336280e-09	2.108139e-09	1.213810e-13	4.480096e-09	8.904398e-13	
42  1.9362	2.242543e+00	1.162706e-01	1.042488e+00	7.579592e-02	2.336326e-09	2.108587e-09	1.332912e-13	4.479082e-09	8.341385e-13	
28  0.87843	2.242376e+00	1.163136e-01	1.042492e+00	7.576189e-02	2.337186e-09	2.108265e-09	1.528354e-13	4.485536e-09	1.324451e-12	
11  2.22362	2.242381e+00	1.163247e-01	1.042491e+00	7.581220e-02	2.337578e-09	2.108827e-09	2.409311e-13	4.480710e-09	2.161870e-12	
9  2.78765	2.242351e+00	1.163038e-01	1.042489e+00	7.582107e-02	2.336855e-09	2.109285e-09	9.313964e-14	4.468775e-09	7.384463e-13	
1  2.80064	2.242342e+00	1.162943e-01	1.042493e+00	7.578484e-02	2.336603e-09	2.109506e-09	3.170566e-13	4.468978e-09	1.593636e-12	
85  2.28342	2.242485e+00	1.162872e-01	1.042497e+00	7.581172e-02	2.338472e-09	2.108647e-09	2.488808e-13	4.459409e-09	1.990675e-12	
42  1.70778	2.242033e+00	1.162758e-01	1.042495e+00	7.605680e-02	2.338252e-09	2.109106e-09	1.662368e-13	4.466264e-09	1.386574e-12	
16  5.39464	2.242161e+00	1.162832e-01	1.042491e+00	7.608548e-02	2.338594e-09	2.109141e-09	2.358358e-13	4.469401e-09	1.191725e-12	
38  1.64051	2.242305e+00	1.163219e-01	1.042491e+00	7.618866e-02	2.339021e-09	2.111050e-09	1.391707e-13	4.465764e-09	1.496663e-12	
125  1.45343	2.242388e+00	1.163143e-01	1.042492e+00	7.612010e-02	2.338939e-09	2.109785e-09	2.049823e-13	4.473235e-09	1.654984e-12	
1  2.7193	2.242220e+00	1.163116e-01	1.042489e+00	7.599410e-02	2.338247e-09	2.109048e-09	1.828553e-13	4.476688e-09	1.088496e-12	
41  2.17368	2.242109e+00	1.163529e-01	1.042490e+00	7.597227e-02	2.338829e-09	2.109662e-09	2.674148e-13	4.490086e-09	2.109000e-12	
64  0.817802	2.242172e+00	1.163654e-01	1.042496e+00	7.585045e-02	2.339172e-09	2.109493e-09	1.631569e-13	4.507033e-09	1.162898e-12	
72  0.750011	2.241869e+00	1.163492e-01	1.042500e+00	7.588510e-02	2.339449e-09	2.109565e-09	1.859038e-13	4.526384e-09	1.562445e-12	
126  2.37917	2.241897e+00	1.163230e-01	1.042500e+00	7.592713e-02	2.338952e-09	2.109292e-09	2.189199e-13	4.537383e-09	2.116754e-12	
69  4.32073	2.242336e+00	1.163237e-01	1.042499e+00	7.578154e-02	2.337644e-09	2.109079e-09	4.289060e-13	4.534197e-09	2.322094e-12	
14  2.29356	2.242016e+00	1.162866e-01	1.042500e+00	7.562723e-02	2.337694e-09	2.110235e-09	3.922136e-13	4.532467e-09	2.250353e-12	
79  2.53739	2.241702e+00	1.162554e-01	1.042496e+00	7.565372e-02	2.337436e-09	2.110615e-09	3.818600e-13	4.525654e-09	1.979093e-12	
2  4.25465	2.241327e+00	1.162528e-01	1.042497e+00	7.570941e-02	2.336903e-09	2.111332e-09	3.964164e-13	4.520341e-09	1.508534e-12	
39  3.43377	2.240995e+00	1.162295e-01	1.042494e+00	7.566149e-02	2.337759e-09	2.110424e-09	3.710897e-13	4.512145e-09	1.880829e-12	
48  2.97458	2.241096e+00	1.162154e-01	1.042491e+00	7.561662e-02	2.339329e-09	2.111016e-09	2.385962e-13	4.508775e-09	2.076134e-12	
5  3.53523	2.241004e+00	1.161930e-01	1.042492e+00	7.588182e-02	2.339096e-09	2.110449e-09	3.087903e-13	4.500229e-09	1.650722e-12	
1  3.61902	2.240957e+00	1.162307e-01	1.042497e+00	7.572916e-02	2.337870e-09	2.109584e-09	1.782945e-13	4.498978e-09	2.080662e-12	
19  2.29396	2.241156e+00	1.161815e-01	1.042497e+00	7.555247e-02	2.338138e-09	2.110544e-09	2.253035e-13	4.496778e-09	1.946750e-12	
353  1.77894	2.241024e+00	1.162003e-01	1.042497e+00	7.557788e-02	2.338746e-09	2.110460e-09	2.546774e-13	4.496093e-09	1.833560e-12	
8  2.28932	2.240628e+00	1.161769e-01	1.042501e+00	7.559646e-02	2.337885e-09	2.110758e-09	2.336533e-13	4.508300e-09	1.921706e-12	
26  1.9132	2.240574e+00	1.162086e-01	1.042504e+00	7.561905e-02	2.338113e-09	2.110953e-09	1.660656e-13	4.502809e-09	1.232405e-12	
15  4.13408	2.240780e+00	1.162318e-01	1.042501e+00	7.591556e-02	2.336654e-09	2.109982e-09	2.757298e-13	4.501849e-09	1.387756e-12	
77  2.60299	2.240948e+00	1.161880e-01	1.042503e+00	7.600552e-02	2.336186e-09	2.110309e-09	2.434516e-13	4.504209e-09	1.426117e-12	
113  2.58004	2.241352e+00	1.161904e-01	1.042501e+00	7.614438e-02	2.336958e-09	2.111652e-09	2.365958e-13	4.506642e-09	1.147841e-12	
115  1.67617	2.241225e+00	1.161880e-01	1.042500e+00	7.608362e-02	2.338158e-09	2.110922e-09	2.102578e-13	4.521948e-09	1.271903e-12	
32  3.28003	2.241291e+00	1.161737e-01	1.042502e+00	7.603277e-02	2.338860e-09	2.109195e-09	1.982766e-13	4.511451e-09	1.333237e-12	
6  2.25678	2.241269e+00	1.161832e-01	1.042500e+00	7.593039e-02	2.338696e-09	2.109274e-09	1.797368e-13	4.526893e-09	1.163731e-12	
22  2.44285	2.241647e+00	1.161836e-01	1.042499e+00	7.603023e-02	2.337894e-09	2.111190e-09	2.204546e-13	4.534927e-09	1.054630e-12	
109  2.13672	2.241816e+00	1.162153e-01	1.042498e+00	7.601955e-02	2.337586e-09	2.112460e-09	2.880386e-13	4.536898e-09	2.144132e-12	
8  1.76586	2.241896e+00	1.162344e-01	1.042499e+00	7.606150e-02	2.337282e-09	2.112581e-09	2.398273e-13	4.535525e-09	1.303169e-12	
7  4.20024	2.241759e+00	1.162358e-01	1.042500e+00	7.598638e-02	2.336878e-09	2.112724e-09	2.438836e-13	4.529800e-09	2.247623e-12	
21  3.47032	2.241775e+00	1.162504e-01	1.042500e+00	7.614295e-02	2.335807e-09	2.113561e-09	5.105589e-13	4.530085e-09	2.288074e-12	
56  3.53635	2.241781e+00	1.161934e-01	1.042503e+00	7.617983e-02	2.335085e-09	2.114028e-09	4.841753e-13	4.524573e-09	2.443674e-12	
9  3.63472	2.242318e+00	1.161826e-01	1.042503e+00	7.624846e-02	2.335498e-09	2.114295e-09	4.285747e-13	4.520130e-09	1.711737e-12	
43  2.92943	2.242588e+00	1.161667e-01	1.042507e+00	7.647743e-02	2.335153e-09	2.114136e-09	5.150543e-13	4.516861e-09	2.451998e-12	
30  1.73476	2.242604e+00	1.161349e-01	1.042510e+00	7.636268e-02	2.335511e-09	2.113397e-09	3.121501e-13	4.523507e-09	1.583442e-12	
54  0.586398	2.242331e+00	1.161256e-01	1.042508e+00	7.644486e-02	2.333965e-09	2.112482e-09	2.238479e-13	4.524988e-09	1.533018e-12	
32  1.33748	2.242403e+00	1.161218e-01	1.042507e+00	7.648157e-02	2.335033e-09	2.111206e-09	2.003288e-13	4.523243e-09	1.364496e-12	
148  2.50775	2.242359e+00	1.161338e-01	1.042507e+00	7.645599e-02	2.336400e-09	2.109980e-09	1.120887e-13	4.528397e-09	1.391409e-12	
117  2.37098	2.242203e+00	1.161238e-01	1.042508e+00	7.645060e-02	2.336025e-09	2.111362e-09	1.432149e-13	4.529841e-09	1.705911e-12	
41  2.86793	2.242450e+00	1.161235e-01	1.042506e+00	7.635525e-02	2.336819e-09	2.113106e-09	3.207774e-13	4.535852e-09	1.357210e-12	
30  2.14433	2.242178e+00	1.161468e-01	1.042508e+00	7.635802e-02	2.337281e-09	2.114032e-09	3.540079e-13	4.536495e-09	2.102425e-12	
333  0.897066	2.241974e+00	1.161561e-01	1.042510e+00	7.627958e-02	2.338136e-09	2.112539e-09	2.409880e-13	4.534642e-09	1.754692e-12	
19  1.13999	2.242306e+00	1.161159e-01	1.042507e+00	7.634966e-02	2.336305e-09	2.112047e-09	1.952131e-13	4.519744e-09	1.831504e-12	
37  3.39315	2.242798e+00	1.160940e-01	1.042503e+00	7.642535e-02	2.337007e-09	2.113743e-09	2.665194e-13	4.518610e-09	1.037741e-12	
1  4.1097	2.242881e+00	1.161112e-01	1.042500e+00	7.637832e-02	2.335475e-09	2.112648e-09	5.064432e-13	4.526131e-09	2.057886e-12	
18  1.86854	2.243199e+00	1.161129e-01	1.042497e+00	7.624385e-02	2.334872e-09	2.112817e-09	3.927678e-13	4.527956e-09	2.428074e-12	
100  1.27679	2.242957e+00	1.161623e-01	1.042496e+00	7.618103e-02	2.335181e-09	2.112256e-09	3.429012e-13	4.530933e-09	2.209163e-12	
32  1.97135	2.243131e+00	1.161660e-01	1.042498e+00	7.629491e-02	2.333625e-09	2.111878e-09	1.431008e-13	4.536636e-09	1.257199e-12	
105  1.90507	2.243547e+00	1.161215e-01	1.042497e+00	7.629727e-02	2.333796e-09	2.112569e-09	2.867264e-13	4.533756e-09	1.274069e-12	
58  2.06041	2.243586e+00	1.161301e-01	1.042497e+00	7.629057e-02	2.335105e-09	2.111753e-09	3.742402e-13	4.529422e-09	2.668057e-12	
40  1.15242	2.243723e+00	1.161554e-01	1.042501e+00	7.630327e-02	2.334765e-09	2.111380e-09	3.075571e-13	4.520365e-09	1.681754e-12	
231  0.247161	2.243984e+00	1.161527e-01	1.042504e+00	7.619069e-02	2.334158e-09	2.111039e-09	2.474745e-13	4.521788e-09	1.664690e-12	
29  1.36233	2.244253e+00	1.161657e-01	1.042501e+00	7.628548e-02	2.333856e-09	2.111360e-09	2.235453e-13	4.516088e-09	2.055908e-12	
89  0.90908	2.244014e+00	1.161472e-01	1.042497e+00	7.618602e-02	2.333563e-09	2.112071e-09	3.469994e-13	4.519927e-09	1.871692e-12	
62  0.872616	2.244089e+00	1.161710e-01	1.042500e+00	7.620532e-02	2.332703e-09	2.112048e-09	3.774106e-13	4.517277e-09	2.120264e-12	
25  0.309866	2.244229e+00	1.161657e-01	1.042498e+00	7.621052e-02	2.332978e-09	2.110788e-09	2.482537e-13	4.518342e-09	1.854575e-12	
28  1.64459	2.244548e+00	1.161717e-01	1.042496e+00	7.614927e-02	2.332149e-09	2.112046e-09	4.218296e-13	4.517583e-09	1.822111e-12	
69  1.84928	2.244203e+00	1.162065e-01	1.042494e+00	7.624555e-02	2.330814e-09	2.112641e-09	2.293076e-13	4.503220e-09	1.617616e-12	
93  2.09846	2.244051e+00	1.162231e-01	1.042494e+00	7.641992e-02	2.330565e-09	2.111647e-09	4.209999e-13	4.490872e-09	1.921176e-12	
6  1.87485	2.244199e+00	1.162376e-01	1.042492e+00	7.639131e-02	2.330613e-09	2.111512e-09	3.821325e-13	4.488620e-09	1.729669e-12	
16  1.53972	2.244393e+00	1.162480e-01	1.042493e+00	7.622989e-02	2.330046e-09	2.111297e-09	2.960376e-13	4.481750e-09	2.405670e-12	
3  1.44677	2.244260e+00	1.162034e-01	1.042496e+00	7.630130e-02	2.331351e-09	2.111002e-09	1.948419e-13	4.483016e-09	1.103383e-12	
54  3.0793	2.244660e+00	1.161881e-01	1.042496e+00	7.631494e-02	2.331880e-09	2.110896e-09	4.308049e-13	4.482171e-09	1.818898e-12	
1  4.49777	2.244751e+00	1.161642e-01	1.042493e+00	7.613168e-02	2.332843e-09	2.109479e-09	4.944837e-13	4.491928e-09	2.313368e-12	
17  8.1606	2.244941e+00	1.161605e-01	1.042488e+00	7.618947e-02	2.332704e-09	2.109807e-09	3.163974e-13	4.486514e-09	7.324134e-13	
18  5.56708	2.244989e+00	1.161661e-01	1.042483e+00	7.609266e-02	2.332566e-09	2.110209e-09	3.985145e-13	4.493769e-09	1.104227e-12	
15  6.91489	2.245063e+00	1.161910e-01	1.042485e+00	7.612040e-02	2.332100e-09	2.110969e-09	7.328891e-13	4.484980e-09	4.432577e-12	
27  2.17771	2.245022e+00	1.161909e-01	1.042486e+00	7.609471e-02	2.332229e-09	2.110358e-09	4.981502e-13	4.473846e-09	2.640032e-12	
115  1.6145	2.244878e+00	1.162217e-01	1.042485e+00	7.616677e-02	2.332897e-09	2.110309e-09	3.824972e-13	4.477902e-09	2.586720e-12	
36  1.88438	2.244853e+00	1.162531e-01	1.042484e+00	7.620680e-02	2.333975e-09	2.112140e-09	5.566337e-13	4.488196e-09	2.644171e-12	
2  3.58514	2.244991e+00	1.162534e-01	1.042488e+00	7.627876e-02	2.334062e-09	2.112265e-09	6.246689e-13	4.488446e-09	3.567752e-12	
101  1.97323	2.244722e+00	1.162605e-01	1.042487e+00	7.624454e-02	2.333256e-09	2.111827e-09	5.227371e-13	4.491596e-09	2.926816e-12	
104  3.11931	2.244295e+00	1.162411e-01	1.042491e+00	7.611323e-02	2.334451e-09	2.110658e-09	1.196429e-13	4.501038e-09	8.318809e-13	
166  2.61248	2.244087e+00	1.162303e-01	1.042490e+00	7.623064e-02	2.334616e-09	2.110660e-09	2.956808e-13	4.495531e-09	1.269641e-12	
37  1.64155	2.244100e+00	1.162449e-01	1.042491e+00	7.617823e-02	2.334123e-09	2.111467e-09	2.972197e-13	4.498474e-09	2.425036e-12	
1  3.62252	2.244113e+00	1.162238e-01	1.042486e+00	7.606930e-02	2.334732e-09	2.112447e-09	5.533175e-13	4.488270e-09	3.288464e-12	
37  2.26717	2.244198e+00	1.162458e-01	1.042488e+00	7.612682e-02	2.335997e-09	2.112543e-09	5.405974e-13	4.486792e-09	2.487649e-12	
64  2.57235	2.244132e+00	1.162737e-01	1.042486e+00	7.623828e-02	2.335565e-09	2.111898e-09	4.224934e-13	4.472518e-09	2.976665e-12	
71  3.40508	2.244131e+00	1.162749e-01	1.042483e+00	7.624503e-02	2.335363e-09	2.111155e-09	4.516975e-13	4.479762e-09	1.768898e-12	
46  2.89115	2.244249e+00	1.162480e-01	1.042482e+00	7.620098e-02	2.334254e-09	2.111009e-09	4.474545e-13	4.485808e-09	3.039212e-12	
9  3.0692	2.244451e+00	1.161912e-01	1.042486e+00	7.617810e-02	2.334938e-09	2.111539e-09	5.579325e-13	4.477973e-09	3.080143e-12	
8  4.17012	2.244549e+00	1.162165e-01	1.042483e+00	7.618680e-02	2.333743e-09	2.111895e-09	4.723291e-13	4.473613e-09	1.396683e-12	
86  1.34107	2.244756e+00	1.162232e-01	1.042485e+00	7.643177e-02	2.333785e-09	2.111717e-09	4.020957e-13	4.467002e-09	2.462654e-12	
19  1.78851	2.244153e+00	1.161985e-01	1.042485e+00	7.643609e-02	2.334554e-09	2.112116e-09	3.398473e-13	4.487665e-09	2.586414e-12	
29  1.33685	2.243759e+00	1.162151e-01	1.042487e+00	7.638382e-02	2.333643e-09	2.111300e-09	3.379815e-13	4.492902e-09	2.292761e-12	
142  0.870319	2.243748e+00	1.161857e-01	1.042485e+00	7.631290e-02	2.333205e-09	2.111099e-09	2.880489e-13	4.493888e-09	1.667669e-12	
5  0.803432	2.243750e+00	1.162016e-01	1.042488e+00	7.614226e-02	2.332197e-09	2.111399e-09	2.944198e-13	4.497817e-09	2.138179e-12	
33  0.984873	2.244286e+00	1.161981e-01	1.042489e+00	7.618457e-02	2.332772e-09	2.111419e-09	3.822330e-13	4.506581e-09	2.394668e-12	
231  0.88155	2.244238e+00	1.161799e-01	1.042492e+00	7.604495e-02	2.332682e-09	2.111307e-09	3.830410e-13	4.503759e-09	2.125303e-12	
2  2.25541	2.244101e+00	1.161612e-01	1.042490e+00	7.608758e-02	2.332165e-09	2.110175e-09	2.364747e-13	4.491414e-09	2.297294e-12	
37  1.47407	2.244060e+00	1.161489e-01	1.042487e+00	7.614093e-02	2.332645e-09	2.111142e-09	1.574054e-13	4.493105e-09	1.201073e-12	
5  1.49923	2.244211e+00	1.161386e-01	1.042487e+00	7.630922e-02	2.332639e-09	2.111668e-09	1.883931e-13	4.486631e-09	1.715558e-12	
171  0.399531	2.244194e+00	1.161039e-01	1.042489e+00	7.621069e-02	2.332257e-09	2.111439e-09	2.488590e-13	4.484843e-09	1.735921e-12	
9  2.68543	2.243839e+00	1.161114e-01	1.042491e+00	7.623796e-02	2.330640e-09	2.111756e-09	4.799300e-13	4.491230e-09	3.042903e-12	
53  2.92793	2.243337e+00	1.161263e-01	1.042489e+00	7.605029e-02	2.330116e-09	2.112189e-09	5.639299e-13	4.489757e-09	2.353626e-12	
5  1.789	2.243497e+00	1.161500e-01	1.042495e+00	7.600860e-02	2.329300e-09	2.111524e-09	2.746343e-13	4.491506e-09	1.288776e-12	
12  2.26986	2.243690e+00	1.161713e-01	1.042495e+00	7.598254e-02	2.328137e-09	2.110282e-09	3.074735e-13	4.503354e-09	2.614290e-12	
15  4.7699	2.243897e+00	1.161849e-01	1.042498e+00	7.606836e-02	2.328551e-09	2.110344e-09	7.186937e-13	4.506418e-09	3.183690e-12	
19  2.36428	2.243956e+00	1.161618e-01	1.042499e+00	7.613829e-02	2.327518e-09	2.111654e-09	3.404604e-13	4.511544e-09	2.672826e-12	
10  3.23607	2.243705e+00	1.161731e-01	1.042504e+00	7.610168e-02	2.327849e-09	2.113131e-09	4.107845e-13	4.524210e-09	1.573132e-12	
13  1.9593	2.243335e+00	1.161467e-01	1.042504e+00	7.604443e-02	2.327978e-09	2.112128e-09	2.778359e-13	4.524894e-09	1.425049e-12	
59  2.44583	2.242927e+00	1.161410e-01	1.042504e+00	7.606492e-02	2.328043e-09	2.109759e-09	4.002954e-13	4.527875e-09	2.579831e-12	
90  0.908578	2.243004e+00	1.161421e-01	1.042505e+00	7.597721e-02	2.327336e-09	2.109020e-09	1.816417e-13	4.523861e-09	1.655980e-12	
22  1.66002	2.243206e+00	1.161612e-01	1.042503e+00	7.594822e-02	2.326786e-09	2.108236e-09	1.973055e-13	4.509778e-09	1.898094e-12	
161  1.19895	2.243036e+00	1.161890e-01	1.042505e+00	7.576701e-02	2.326783e-09	2.108681e-09	3.233661e-13	4.505060e-09	2.080255e-12	
8  1.27133	2.242838e+00	1.162216e-01	1.042510e+00	7.576294e-02	2.326506e-09	2.109342e-09	3.286747e-13	4.512358e-09	2.469964e-12	
18  2.62144	2.243198e+00	1.162491e-01	1.042511e+00	7.573303e-02	2.326428e-09	2.110206e-09	4.254226e-13	4.513851e-09	3.076853e-12	
47  1.13462	2.243208e+00	1.162675e-01	1.042510e+00	7.559782e-02	2.326849e-09	2.108937e-09	3.611544e-13	4.514514e-09	1.886819e-12	
15  1.59785	2.242746e+00	1.162458e-01	1.042508e+00	7.556505e-02	2.325253e-09	2.109597e-09	2.096211e-13	4.517997e-09	1.612088e-12	
29  2.21821	2.243065e+00	1.162514e-01	1.042508e+00	7.557123e-02	2.324883e-09	2.109374e-09	5.194968e-13	4.511728e-09	2.307863e-12	
57  3.21025	2.243383e+00	1.162652e-01	1.042510e+00	7.554727e-02	2.326350e-09	2.109016e-09	5.208173e-13	4.514865e-09	3.415398e-12	
21  5.17086	2.242992e+00	1.162594e-01	1.042507e+00	7.561318e-02	2.326022e-09	2.109777e-09	8.211062e-13	4.512474e-09	2.965997e-12	
45  3.00721	2.242764e+00	1.162469e-01	1.042509e+00	7.544137e-02	2.325241e-09	2.111004e-09	4.834330e-13	4.504881e-09	2.530194e-12	
31  2.87156	2.243175e+00	1.162664e-01	1.042510e+00	7.554432e-02	2.325961e-09	2.110311e-09	6.407789e-13	4.504929e-09	3.069468e-12	
67  1.3199	2.243153e+00	1.162759e-01	1.042506e+00	7.556337e-02	2.326185e-09	2.110240e-09	3.689143e-13	4.501852e-09	2.274131e-12	
10  1.11375	2.242940e+00	1.162518e-01	1.042503e+00	7.549129e-02	2.325429e-09	2.109650e-09	3.239965e-13	4.478709e-09	2.172590e-12	
135  1.33618	2.242892e+00	1.162589e-01	1.042504e+00	7.552797e-02	2.325601e-09	2.110229e-09	3.732135e-13	4.480337e-09	2.039879e-12	
23  2.23918	2.242810e+00	1.162559e-01	1.042503e+00	7.549919e-02	2.326424e-09	2.110060e-09	5.303214e-13	4.476886e-09	2.713777e-12	
31  2.5121	2.243122e+00	1.162479e-01	1.042505e+00	7.546851e-02	2.326324e-09	2.108325e-09	5.030696e-13	4.478391e-09	2.729886e-12	
16  2.09698	2.243125e+00	1.162362e-01	1.042505e+00	7.561123e-02	2.325748e-09	2.108507e-09	3.270183e-13	4.486114e-09	2.693602e-12	
8  1.9764	2.243090e+00	1.162273e-01	1.042506e+00	7.560131e-02	2.326107e-09	2.108503e-09	3.619851e-13	4.477853e-09	1.800630e-12	
15  6.20949	2.243022e+00	1.162166e-01	1.042508e+00	7.568945e-02	2.326379e-09	2.108857e-09	6.233453e-13	4.479174e-09	2.211357e-12	
8  6.76712	2.242649e+00	1.162176e-01	1.042509e+00	7.554917e-02	2.325522e-09	2.109064e-09	6.523296e-13	4.482846e-09	1.963889e-12	
30  5.34755	2.242871e+00	1.161973e-01	1.042507e+00	7.558595e-02	2.323741e-09	2.109661e-09	6.438529e-13	4.480367e-09	1.987186e-12	
1  1.4909	2.242766e+00	1.161799e-01	1.042505e+00	7.562676e-02	2.323265e-09	2.110083e-09	3.298123e-13	4.491528e-09	2.312438e-12	
158  1.94607	2.243183e+00	1.161882e-01	1.042505e+00	7.566645e-02	2.322843e-09	2.110584e-09	4.193144e-13	4.474309e-09	2.656992e-12	
37  5.32531	2.242807e+00	1.161480e-01	1.042503e+00	7.564941e-02	2.324075e-09	2.110415e-09	8.466189e-13	4.467327e-09	3.670542e-12	
36  3.40097	2.243132e+00	1.161346e-01	1.042501e+00	7.575672e-02	2.324841e-09	2.110813e-09	6.584323e-13	4.462556e-09	3.160957e-12	
27  2.6186	2.243227e+00	1.161115e-01	1.042495e+00	7.569745e-02	2.323335e-09	2.111420e-09	3.926525e-13	4.456922e-09	1.792954e-12	
9  1.84408	2.243399e+00	1.161018e-01	1.042493e+00	7.582893e-02	2.322468e-09	2.110784e-09	4.696634e-13	4.458326e-09	2.673810e-12	
26  2.59775	2.243574e+00	1.161112e-01	1.042494e+00	7.571640e-02	2.321797e-09	2.111411e-09	5.062745e-13	4.458633e-09	2.498049e-12	
6  1.51095	2.243303e+00	1.161085e-01	1.042494e+00	7.564082e-02	2.321665e-09	2.109619e-09	4.334728e-13	4.460726e-09	2.520330e-12	
17  1.36057	2.243226e+00	1.160838e-01	1.042493e+00	7.569244e-02	2.321514e-09	2.110252e-09	3.666461e-13	4.461202e-09	2.098099e-12	
12  1.75129	2.243397e+00	1.160772e-01	1.042493e+00	7.545822e-02	2.321685e-09	2.109343e-09	4.419875e-13	4.466464e-09	2.417383e-12	
8  2.08599	2.243421e+00	1.160836e-01	1.042493e+00	7.549855e-02	2.322584e-09	2.110152e-09	3.412361e-13	4.482536e-09	1.833623e-12	
10  1.58519	2.243562e+00	1.160856e-01	1.042495e+00	7.551032e-02	2.321883e-09	2.109026e-09	3.980766e-13	4.478699e-09	1.903225e-12	
142  1.12194	2.243676e+00	1.160754e-01	1.042495e+00	7.541268e-02	2.322460e-09	2.108563e-09	3.599291e-13	4.478012e-09	2.242720e-12	
87  0.966929	2.243962e+00	1.160584e-01	1.042499e+00	7.544226e-02	2.323219e-09	2.108188e-09	3.515394e-13	4.470166e-09	2.221628e-12	
359  0.732597	2.244182e+00	1.160765e-01	1.042498e+00	7.545051e-02	2.321958e-09	2.107607e-09	2.482200e-13	4.462845e-09	1.909748e-12	
39  3.44563	2.244064e+00	1.160450e-01	1.042492e+00	7.539023e-02	2.322955e-09	2.105512e-09	2.977247e-13	4.456334e-09	1.749384e-12	
50  5.73119	2.244506e+00	1.160411e-01	1.042489e+00	7.540544e-02	2.322190e-09	2.105343e-09	4.665861e-13	4.465830e-09	2.991555e-12	
84  4.88869	2.244812e+00	1.160234e-01	1.042490e+00	7.549386e-02	2.320702e-09	2.105910e-09	4.848457e-13	4.463398e-09	2.591132e-12	
26  4.57461	2.245110e+00	1.160181e-01	1.042489e+00	7.566174e-02	2.320338e-09	2.105390e-09	3.181204e-13	4.459813e-09	2.166998e-12	
38  5.16613	2.244887e+00	1.160187e-01	1.042490e+00	7.562937e-02	2.320497e-09	2.106215e-09	4.873883e-13	4.463096e-09	2.716421e-12	
3  5.88575	2.245186e+00	1.160336e-01	1.042490e+00	7.553416e-02	2.320683e-09	2.106353e-09	5.574380e-13	4.452912e-09	2.310817e-12	
115  2.28711	2.245089e+00	1.160158e-01	1.042492e+00	7.542722e-02	2.320492e-09	2.105862e-09	2.627450e-13	4.445953e-09	2.322712e-12	
27  4.20547	2.245009e+00	1.160174e-01	1.042493e+00	7.552031e-02	2.318559e-09	2.107340e-09	1.332800e-13	4.452950e-09	1.385770e-12	
68  3.59726	2.244943e+00	1.160121e-01	1.042488e+00	7.552201e-02	2.317510e-09	2.106478e-09	3.769707e-13	4.454963e-09	1.687765e-12	
1  3.80272	2.244999e+00	1.160002e-01	1.042488e+00	7.564170e-02	2.317981e-09	2.107509e-09	1.382207e-13	4.459957e-09	1.389316e-12	
60  3.87226	2.244861e+00	1.160023e-01	1.042485e+00	7.561603e-02	2.317549e-09	2.107884e-09	6.777562e-13	4.467264e-09	2.917755e-12	
20  3.4391	2.244924e+00	1.159864e-01	1.042484e+00	7.539223e-02	2.317569e-09	2.108225e-09	7.210962e-13	4.466323e-09	2.958028e-12	
48  3.27963	2.245229e+00	1.160098e-01	1.042484e+00	7.532762e-02	2.316379e-09	2.107322e-09	6.845567e-13	4.467147e-09	2.770341e-12	
8  3.87972	2.245417e+00	1.160690e-01	1.042485e+00	7.548532e-02	2.316325e-09	2.109086e-09	8.527710e-13	4.467420e-09	3.745312e-12	
7  4.08034	2.245073e+00	1.160951e-01	1.042489e+00	7.539141e-02	2.317149e-09	2.108969e-09	5.776952e-13	4.471130e-09	3.551844e-12	
19  4.97972	2.245272e+00	1.160902e-01	1.042490e+00	7.526587e-02	2.316351e-09	2.109178e-09	1.011493e-12	4.480406e-09	3.200442e-12	
8  5.00481	2.245482e+00	1.160910e-01	1.042495e+00	7.513042e-02	2.317003e-09	2.109586e-09	6.879770e-13	4.475971e-09	3.026072e-12	
8  5.51959	2.245789e+00	1.160921e-01	1.042491e+00	7.515152e-02	2.315955e-09	2.109261e-09	7.231063e-13	4.461145e-09	3.649198e-12	
10  5.45657	2.245384e+00	1.160754e-01	1.042490e+00	7.496223e-02	2.315645e-09	2.108821e-09	5.653545e-13	4.447310e-09	1.838709e-12	
46  4.03274	2.244909e+00	1.160883e-01	1.042490e+00	7.513398e-02	2.314659e-09	2.108521e-09	3.769513e-13	4.442877e-09	1.483509e-12	
8  3.68223	2.244874e+00	1.160428e-01	1.042491e+00	7.520087e-02	2.314612e-09	2.106568e-09	6.250750e-13	4.446756e-09	3.606908e-12	
32  2.09026	2.244895e+00	1.160169e-01	1.042488e+00	7.513466e-02	2.316214e-09	2.106348e-09	4.275186e-13	4.435717e-09	2.806811e-12	
38  4.6111	2.244971e+00	1.160301e-01	1.042489e+00	7.520498e-02	2.317421e-09	2.107190e-09	7.658174e-13	4.441156e-09	3.914003e-12	
14  2.99029	2.244993e+00	1.160081e-01	1.042489e+00	7.524177e-02	2.317633e-09	2.107935e-09	2.459697e-13	4.442966e-09	1.257708e-12	
13  2.19823	2.245443e+00	1.160296e-01	1.042489e+00	7.528747e-02	2.318029e-09	2.108198e-09	5.332863e-13	4.459234e-09	2.337065e-12	
6  1.4228	2.245950e+00	1.160558e-01	1.042494e+00	7.537890e-02	2.318315e-09	2.107857e-09	4.547295e-13	4.462430e-09	2.445855e-12	
11  2.28539	2.246204e+00	1.160903e-01	1.042490e+00	7.534402e-02	2.319158e-09	2.105913e-09	1.912465e-13	4.456469e-09	1.241018e-12	
25  1.93764	2.246188e+00	1.161133e-01	1.042489e+00	7.516960e-02	2.319858e-09	2.105681e-09	4.555678e-13	4.454873e-09	2.745944e-12	
73  2.01519	2.246122e+00	1.160993e-01	1.042489e+00	7.523776e-02	2.319389e-09	2.106144e-09	4.142706e-13	4.460682e-09	2.840043e-12	
26  3.68463	2.246255e+00	1.160990e-01	1.042484e+00	7.528522e-02	2.319763e-09	2.106755e-09	3.343631e-13	4.461287e-09	2.865119e-12	
72  1.06504	2.246036e+00	1.160812e-01	1.042482e+00	7.534201e-02	2.321004e-09	2.107125e-09	3.101184e-13	4.454238e-09	2.093683e-12	
9  4.95492	2.246086e+00	1.160655e-01	1.042481e+00	7.555834e-02	2.320728e-09	2.107973e-09	7.896979e-13	4.450873e-09	2.525794e-12	
4  3.22045	2.246120e+00	1.160460e-01	1.042480e+00	7.559896e-02	2.319729e-09	2.109233e-09	6.259721e-13	4.452054e-09	2.090853e-12	
31  4.7595	2.246496e+00	1.160081e-01	1.042483e+00	7.555163e-02	2.320593e-09	2.110227e-09	3.267896e-13	4.444189e-09	2.221379e-12	
10  7.11232	2.246589e+00	1.160253e-01	1.042482e+00	7.548422e-02	2.320433e-09	2.110690e-09	9.415912e-13	4.442113e-09	4.307173e-12	
3  8.7678	2.246751e+00	1.160496e-01	1.042482e+00	7.561374e-02	2.321666e-09	2.110349e-09	1.170513e-12	4.441765e-09	5.360036e-12	
14  6.62558	2.247182e+00	1.160497e-01	1.042481e+00	7.554673e-02	2.320761e-09	2.110991e-09	9.591943e-13	4.444057e-09	4.066345e-12	
7  6.46962	2.247205e+00	1.160135e-01	1.042482e+00	7.566117e-02	2.319556e-09	2.111230e-09	6.412322e-13	4.455635e-09	3.507456e-12	
2  5.5716	2.246762e+00	1.159972e-01	1.042481e+00	7.561580e-02	2.320216e-09	2.111024e-09	7.430079e-13	4.464158e-09	3.534038e-12	
19  6.20219	2.246460e+00	1.160092e-01	1.042484e+00	7.555062e-02	2.318875e-09	2.110567e-09	1.119786e-12	4.470092e-09	3.062906e-12	
13  4.24961	2.246515e+00	1.160194e-01	1.042484e+00	7.554889e-02	2.319621e-09	2.109830e-09	7.899997e-13	4.471368e-09	3.670838e-12	
49  5.0529	2.246120e+00	1.160602e-01	1.042484e+00	7.548557e-02	2.320364e-09	2.109534e-09	5.979264e-13	4.473748e-09	3.701376e-12	
9  3.7465	2.246099e+00	1.160743e-01	1.042482e+00	7.572191e-02	2.318529e-09	2.109663e-09	8.711796e-13	4.478247e-09	3.761933e-12	
8  4.52204	2.246372e+00	1.160845e-01	1.042486e+00	7.577888e-02	2.318219e-09	2.109282e-09	9.647461e-13	4.467038e-09	4.130207e-12	
16  4.6574	2.246562e+00	1.160883e-01	1.042485e+00	7.574183e-02	2.318809e-09	2.109590e-09	1.045522e-12	4.470300e-09	3.225518e-12	
3  3.27349	2.246453e+00	1.160424e-01	1.042485e+00	7.583041e-02	2.318778e-09	2.108808e-09	6.807762e-13	4.457269e-09	3.565855e-12	
27  2.10823	2.246522e+00	1.160293e-01	1.042487e+00	7.580314e-02	2.319270e-09	2.109336e-09	2.655005e-13	4.449589e-09	1.704303e-12	
63  1.44154	2.246701e+00	1.160126e-01	1.042487e+00	7.613505e-02	2.319869e-09	2.110255e-09	3.540710e-13	4.454900e-09	1.887668e-12	
81  2.96704	2.247006e+00	1.160195e-01	1.042492e+00	7.613198e-02	2.319940e-09	2.110745e-09	3.372516e-13	4.453906e-09	1.416967e-12	
76  2.78169	2.247204e+00	1.160426e-01	1.042490e+00	7.632647e-02	2.320759e-09	2.110680e-09	3.832481e-13	4.443204e-09	1.541827e-12	
13  1.60581	2.246886e+00	1.160458e-01	1.042489e+00	7.638851e-02	2.320161e-09	2.110424e-09	4.199994e-13	4.449828e-09	2.237655e-12	
25  1.87906	2.246990e+00	1.160268e-01	1.042486e+00	7.625086e-02	2.320343e-09	2.110628e-09	3.142261e-13	4.449001e-09	2.181009e-12	
48  1.72675	2.246739e+00	1.160489e-01	1.042485e+00	7.634911e-02	2.320187e-09	2.111355e-09	3.194733e-13	4.446931e-09	1.890497e-12	
44  2.70678	2.246626e+00	1.160334e-01	1.042487e+00	7.633541e-02	2.321948e-09	2.110293e-09	5.925350e-13	4.459213e-09	3.078266e-12	
1  3.41859	2.246738e+00	1.160468e-01	1.042484e+00	7.630230e-02	2.321385e-09	2.110765e-09	7.966442e-13	4.464120e-09	3.284372e-12	
28  1.7485	2.246633e+00	1.160445e-01	1.042482e+00	7.631532e-02	2.321302e-09	2.111727e-09	5.175616e-13	4.460293e-09	2.717249e-12	
38  2.48679	2.246483e+00	1.160577e-01	1.042479e+00	7.630060e-02	2.322394e-09	2.110639e-09	6.234532e-13	4.456306e-09	2.685122e-12	
3  2.39194	2.246573e+00	1.160758e-01	1.042479e+00	7.623913e-02	2.322547e-09	2.110297e-09	6.006490e-13	4.450671e-09	2.658237e-12	
1  1.81948	2.246748e+00	1.160812e-01	1.042476e+00	7.599573e-02	2.321906e-09	2.109824e-09	4.300226e-13	4.442101e-09	1.828515e-12	
73  1.34321	2.246772e+00	1.160735e-01	1.042476e+00	7.605703e-02	2.322078e-09	2.109591e-09	4.410737e-13	4.459311e-09	2.224953e-12	
7  2.0545	2.246690e+00	1.160852e-01	1.042478e+00	7.589060e-02	2.322320e-09	2.110143e-09	6.189227e-13	4.470490e-09	2.921548e-12	
2  2.7857	2.246801e+00	1.160477e-01	1.042478e+00	7.577507e-02	2.323562e-09	2.110464e-09	6.547535e-13	4.479310e-09	3.010431e-12	
2  4.69467	2.246654e+00	1.160336e-01	1.042478e+00	7.580747e-02	2.323168e-09	2.110665e-09	2.652884e-13	4.472798e-09	2.005284e-12	
21  1.69792	2.246471e+00	1.160116e-01	1.042481e+00	7.579199e-02	2.323297e-09	2.109568e-09	5.110289e-13	4.461792e-09	2.378615e-12	
156  1.59401	2.246490e+00	1.159959e-01	1.042481e+00	7.586302e-02	2.324087e-09	2.109469e-09	4.683200e-13	4.458982e-09	2.662314e-12	
30  2.76924	2.246401e+00	1.159844e-01	1.042477e+00	7.578392e-02	2.325428e-09	2.109209e-09	5.360617e-13	4.463528e-09	3.178500e-12	
83  2.90148	2.246184e+00	1.160086e-01	1.042475e+00	7.582669e-02	2.325082e-09	2.109838e-09	2.872523e-13	4.466187e-09	2.338962e-12	
82  2.02679	2.245718e+00	1.159902e-01	1.042474e+00	7.582222e-02	2.325077e-09	2.108927e-09	2.800944e-13	4.462683e-09	2.338886e-12	
9  4.81661	2.245860e+00	1.159809e-01	1.042473e+00	7.567651e-02	2.324903e-09	2.108571e-09	7.736609e-13	4.447948e-09	3.312663e-12	
12  3.94139	2.245219e+00	1.159995e-01	1.042470e+00	7.549711e-02	2.324636e-09	2.108618e-09	6.949673e-13	4.452098e-09	3.284493e-12	
54  2.5849	2.245115e+00	1.159964e-01	1.042468e+00	7.557347e-02	2.323590e-09	2.110377e-09	3.911971e-13	4.447727e-09	2.003609e-12	
39  3.6769	2.245168e+00	1.160006e-01	1.042466e+00	7.541695e-02	2.324057e-09	2.110448e-09	4.296729e-13	4.444449e-09	1.944994e-12	
1  5.39185	2.245329e+00	1.159881e-01	1.042467e+00	7.531116e-02	2.323312e-09	2.110587e-09	5.023013e-13	4.447000e-09	2.555927e-12	
26  5.11208	2.245698e+00	1.159921e-01	1.042469e+00	7.540221e-02	2.322717e-09	2.108982e-09	9.304118e-13	4.451732e-09	3.433918e-12	
3  5.2774	2.245667e+00	1.159749e-01	1.042470e+00	7.534353e-02	2.322491e-09	2.109257e-09	8.322342e-13	4.452962e-09	3.760685e-12	
24  3.97922	2.245360e+00	1.159691e-01	1.042473e+00	7.526220e-02	2.322568e-09	2.108695e-09	5.263924e-13	4.456906e-09	3.181710e-12	
15  5.34026	2.245243e+00	1.159753e-01	1.042471e+00	7.533237e-02	2.321992e-09	2.108479e-09	5.493025e-13	4.461634e-09	3.657211e-12	
11  3.31724	2.245275e+00	1.160080e-01	1.042472e+00	7.552675e-02	2.321845e-09	2.108962e-09	6.475382e-13	4.451106e-09	2.359304e-12	
106  1.93532	2.245317e+00	1.160403e-01	1.042474e+00	7.560288e-02	2.321104e-09	2.109051e-09	5.454037e-13	4.455542e-09	2.644905e-12	
9  4.69699	2.245244e+00	1.160684e-01	1.042475e+00	7.559973e-02	2.322694e-09	2.108948e-09	8.783196e-13	4.451344e-09	3.432878e-12	
20  3.94634	2.244772e+00	1.160283e-01	1.042471e+00	7.569506e-02	2.322594e-09	2.109672e-09	2.625250e-13	4.452854e-09	2.344112e-12	
7  4.64738	2.244653e+00	1.160463e-01	1.042476e+00	7.578452e-02	2.321427e-09	2.109329e-09	3.250891e-13	4.449010e-09	2.941897e-12	
13  4.32048	2.244984e+00	1.160499e-01	1.042477e+00	7.566278e-02	2.321240e-09	2.109591e-09	8.024910e-13	4.444167e-09	2.653166e-12	
2  3.88177	2.245044e+00	1.160145e-01	1.042480e+00	7.563948e-02	2.320203e-09	2.111402e-09	5.226396e-13	4.432909e-09	2.230975e-12	
4  4.74522	2.244981e+00	1.160155e-01	1.042481e+00	7.564909e-02	2.320321e-09	2.111408e-09	6.620047e-13	4.434065e-09	3.297981e-12	
7  4.93529	2.245152e+00	1.160346e-01	1.042482e+00	7.557055e-02	2.320020e-09	2.109632e-09	5.715736e-13	4.435580e-09	3.737819e-12	
2  1.61292	2.244984e+00	1.160543e-01	1.042480e+00	7.558899e-02	2.318931e-09	2.109045e-09	4.634597e-13	4.439262e-09	2.582536e-12	
65  2.98958	2.244901e+00	1.160631e-01	1.042480e+00	7.570275e-02	2.319115e-09	2.110155e-09	4.265380e-13	4.445300e-09	1.533198e-12	
59  1.74402	2.245068e+00	1.160643e-01	1.042482e+00	7.559475e-02	2.318816e-09	2.109676e-09	4.023683e-13	4.434812e-09	2.081027e-12	
81  2.00641	2.245179e+00	1.160608e-01	1.042479e+00	7.570442e-02	2.319980e-09	2.110330e-09	5.004058e-13	4.449366e-09	2.415568e-12	
26  1.97017	2.245186e+00	1.160642e-01	1.042476e+00	7.581906e-02	2.321540e-09	2.110647e-09	4.475321e-13	4.462571e-09	2.504111e-12	
7  2.06498	2.245222e+00	1.160679e-01	1.042472e+00	7.581181e-02	2.322202e-09	2.110370e-09	2.983661e-13	4.447706e-09	1.997163e-12	
14  2.95481	2.245242e+00	1.160829e-01	1.042471e+00	7.583885e-02	2.322941e-09	2.109885e-09	3.270102e-13	4.451404e-09	1.163134e-12	
29  4.67846	2.245199e+00	1.160587e-01	1.042471e+00	7.577736e-02	2.322873e-09	2.110004e-09	7.648921e-13	4.436699e-09	2.259317e-12	
5  2.17214	2.245161e+00	1.160509e-01	1.042469e+00	7.574006e-02	2.323281e-09	2.110664e-09	4.849508e-13	4.433921e-09	2.065646e-12	
21  2.47499	2.244702e+00	1.160852e-01	1.042468e+00	7.585053e-02	2.323144e-09	2.110397e-09	5.412344e-13	4.424693e-09	3.040451e-12	
79  2.26041	2.244663e+00	1.160850e-01	1.042471e+00	7.590067e-02	2.323339e-09	2.110579e-09	5.805538e-13	4.431412e-09	2.884397e-12	
8  1.00683	2.244773e+00	1.160950e-01	1.042468e+00	7.588534e-02	2.324251e-09	2.110207e-09	3.743671e-13	4.439928e-09	2.197920e-12	
17  2.13367	2.244663e+00	1.161277e-01	1.042468e+00	7.584970e-02	2.322148e-09	2.110063e-09	2.527655e-13	4.441459e-09	1.950235e-12	
7  3.06996	2.244627e+00	1.161334e-01	1.042471e+00	7.578645e-02	2.322329e-09	2.109308e-09	6.575948e-13	4.443618e-09	3.140475e-12	
9  2.07857	2.244527e+00	1.161469e-01	1.042467e+00	7.567701e-02	2.322153e-09	2.109460e-09	3.559661e-13	4.459926e-09	2.518063e-12	
16  2.70573	2.244455e+00	1.161430e-01	1.042466e+00	7.557058e-02	2.322085e-09	2.109519e-09	5.824161e-13	4.459324e-09	2.054259e-12	
67  2.0635	2.243846e+00	1.161352e-01	1.042467e+00	7.568914e-02	2.322168e-09	2.107022e-09	2.360779e-13	4.454613e-09	2.024573e-12	
42  3.08469	2.243663e+00	1.161299e-01	1.042466e+00	7.559616e-02	2.321854e-09	2.106406e-09	2.437624e-13	4.451644e-09	1.305456e-12	
30  4.2226	2.243890e+00	1.161554e-01	1.042472e+00	7.553854e-02	2.320687e-09	2.106099e-09	3.041749e-13	4.454626e-09	2.683503e-12	
7  5.36391	2.244102e+00	1.161204e-01	1.042473e+00	7.569271e-02	2.320580e-09	2.107239e-09	5.867331e-13	4.443311e-09	2.698921e-12	
4  4.09178	2.243984e+00	1.161365e-01	1.042474e+00	7.564883e-02	2.321432e-09	2.107590e-09	5.375878e-13	4.443730e-09	2.406256e-12	
10  4.39741	2.244215e+00	1.161274e-01	1.042475e+00	7.556325e-02	2.320679e-09	2.108294e-09	6.556877e-13	4.443177e-09	3.720419e-12	
10  2.89015	2.244010e+00	1.161143e-01	1.042474e+00	7.554088e-02	2.320262e-09	2.109287e-09	6.431037e-13	4.434879e-09	3.132478e-12	
31  2.40239	2.243795e+00	1.161098e-01	1.042473e+00	7.543274e-02	2.319961e-09	2.109376e-09	5.688236e-13	4.412085e-09	2.529611e-12	
83  4.61654	2.243728e+00	1.161060e-01	1.042475e+00	7.543469e-02	2.320170e-09	2.109059e-09	4.366334e-13	4.413709e-09	1.239071e-12	
7  4.17443	2.243842e+00	1.161357e-01	1.042473e+00	7.554577e-02	2.320803e-09	2.108881e-09	2.260148e-13	4.403125e-09	7.962154e-13	
17  1.42829	2.243734e+00	1.161498e-01	1.042471e+00	7.547743e-02	2.322071e-09	2.109367e-09	2.974328e-13	4.405111e-09	1.938344e-12	
