2  23.5366	2.245112e+00	1.163338e-01	1.042491e+00	7.553244e-02	2.342472e-09	2.108691e-09	1.038007e-12	4.499608e-09	7.340825e-13	
23  1.94697	2.245456e+00	1.163393e-01	1.042488e+00	7.565012e-02	2.341946e-09	2.109572e-09	2.397582e-13	4.506224e-09	2.180498e-12	
32  2.8972	2.245663e+00	1.163534e-01	1.042487e+00	7.575508e-02	2.341316e-09	2.108971e-09	4.878102e-13	4.500576e-09	2.744454e-12	
135  1.99221	2.245766e+00	1.163805e-01	1.042494e+00	7.573494e-02	2.342046e-09	2.108020e-09	3.021385e-13	4.501697e-09	1.690342e-12	
46  4.8811	2.246160e+00	1.163503e-01	1.042493e+00	7.573429e-02	2.342629e-09	2.109008e-09	6.544974e-13	4.512190e-09	3.060582e-12	
11  2.04786	2.246387e+00	1.163476e-01	1.042494e+00	7.573375e-02	2.342297e-09	2.110071e-09	5.202653e-13	4.502043e-09	2.480385e-12	
31  3.19193	2.246490e+00	1.163296e-01	1.042492e+00	7.580955e-02	2.341526e-09	2.109017e-09	5.222241e-13	4.511597e-09	2.992556e-12	
120  0.584828	2.246403e+00	1.163191e-01	1.042495e+00	7.565243e-02	2.341624e-09	2.108778e-09	2.356133e-13	4.505586e-09	1.363357e-12	
54  2.25289	2.246416e+00	1.162846e-01	1.042494e+00	7.569897e-02	2.341701e-09	2.110190e-09	5.341755e-13	4.499498e-09	2.502141e-12	
66  2.1822	2.246394e+00	1.162636e-01	1.042494e+00	7.563722e-02	2.341173e-09	2.109077e-09	4.828307e-13	4.490967e-09	2.442913e-12	
73  3.89956	2.246465e+00	1.162715e-01	1.042497e+00	7.549418e-02	2.340812e-09	2.110863e-09	3.249114e-13	4.501120e-09	1.226303e-12	
12  5.05639	2.246426e+00	1.162402e-01	1.042493e+00	7.562457e-02	2.339985e-09	2.110400e-09	7.043144e-13	4.501205e-09	2.143972e-12	
1  1.18159	2.246535e+00	1.162286e-01	1.042493e+00	7.568018e-02	2.341244e-09	2.110113e-09	2.700468e-13	4.497771e-09	1.992232e-12	
10  1.22812	2.246380e+00	1.162386e-01	1.042490e+00	7.560912e-02	2.340482e-09	2.108399e-09	3.198747e-13	4.507930e-09	1.613363e-12	
171  1.63486	2.246229e+00	1.162465e-01	1.042491e+00	7.550676e-02	2.340440e-09	2.107362e-09	3.031465e-13	4.493342e-09	1.640569e-12	
1  3.63086	2.246432e+00	1.162520e-01	1.042489e+00	7.562133e-02	2.340607e-09	2.108172e-09	5.059006e-13	4.489240e-09	3.058251e-12	
76  0.73008	2.246724e+00	1.162475e-01	1.042490e+00	7.579971e-02	2.340748e-09	2.108084e-09	1.580602e-13	4.487435e-09	1.314303e-12	
26  1.62526	2.246533e+00	1.162399e-01	1.042490e+00	7.576727e-02	2.339929e-09	2.108833e-09	1.996297e-13	4.476013e-09	1.970751e-12	
11  1.6926	2.246388e+00	1.162495e-01	1.042492e+00	7.564872e-02	2.340279e-09	2.109596e-09	4.665918e-13	4.469218e-09	2.489962e-12	
22  1.68509	2.246483e+00	1.162417e-01	1.042489e+00	7.568336e-02	2.339334e-09	2.109386e-09	4.166891e-13	4.472912e-09	1.897009e-12	
42  0.889042	2.246535e+00	1.162070e-01	1.042491e+00	7.580690e-02	2.340986e-09	2.109690e-09	3.465889e-13	4.468680e-09	1.911926e-12	
31  0.938627	2.246502e+00	1.161869e-01	1.042489e+00	7.584169e-02	2.342073e-09	2.110896e-09	2.721968e-13	4.461547e-09	1.871611e-12	
41  3.80259	2.247015e+00	1.161928e-01	1.042486e+00	7.570224e-02	2.343031e-09	2.110026e-09	4.141842e-13	4.470716e-09	3.131533e-12	
7  3.57722	2.246894e+00	1.162038e-01	1.042489e+00	7.575177e-02	2.342936e-09	2.109864e-09	4.417866e-13	4.482863e-09	3.189242e-12	
4  1.69598	2.246498e+00	1.161955e-01	1.042487e+00	7.560580e-02	2.343293e-09	2.110168e-09	3.443797e-13	4.476745e-09	2.343792e-12	
9  1.89452	2.246388e+00	1.162034e-01	1.042487e+00	7.555571e-02	2.344253e-09	2.109779e-09	4.070582e-13	4.461326e-09	1.995718e-12	
7  1.99689	2.246403e+00	1.162107e-01	1.042485e+00	7.546305e-02	2.343430e-09	2.107788e-09	2.565509e-13	4.457807e-09	1.220458e-12	
35  1.8524	2.246431e+00	1.162392e-01	1.042487e+00	7.534851e-02	2.342448e-09	2.108929e-09	4.288435e-13	4.453798e-09	2.108147e-12	
36  2.88622	2.246782e+00	1.162479e-01	1.042487e+00	7.532160e-02	2.342537e-09	2.109656e-09	5.381074e-13	4.456049e-09	2.506420e-12	
5  1.5702	2.247038e+00	1.162324e-01	1.042487e+00	7.538394e-02	2.343568e-09	2.109655e-09	3.413626e-13	4.458369e-09	1.975697e-12	
68  2.05726	2.247207e+00	1.162576e-01	1.042488e+00	7.554703e-02	2.343511e-09	2.109360e-09	3.116343e-13	4.458039e-09	2.486409e-12	
39  1.05915	2.247250e+00	1.161926e-01	1.042487e+00	7.554515e-02	2.343450e-09	2.109491e-09	3.392863e-13	4.446157e-09	1.916233e-12	
11  1.92804	2.247049e+00	1.161899e-01	1.042490e+00	7.537738e-02	2.343946e-09	2.109727e-09	2.623428e-13	4.454528e-09	1.470080e-12	
17  4.62842	2.246869e+00	1.161681e-01	1.042490e+00	7.532952e-02	2.342718e-09	2.109974e-09	6.123552e-13	4.454499e-09	2.210638e-12	
23  4.71408	2.246957e+00	1.161682e-01	1.042490e+00	7.534587e-02	2.342663e-09	2.109597e-09	6.952645e-13	4.465156e-09	2.978062e-12	
22  3.70287	2.246965e+00	1.162011e-01	1.042487e+00	7.522560e-02	2.343213e-09	2.109046e-09	5.659101e-13	4.468465e-09	2.271876e-12	
3  3.75766	2.246942e+00	1.161964e-01	1.042483e+00	7.504881e-02	2.344419e-09	2.108258e-09	4.703555e-13	4.470043e-09	1.757491e-12	
119  1.51634	2.247053e+00	1.161822e-01	1.042486e+00	7.513338e-02	2.345348e-09	2.107734e-09	2.708518e-13	4.465841e-09	1.377770e-12	
115  1.55915	2.247054e+00	1.161904e-01	1.042483e+00	7.531400e-02	2.346685e-09	2.107209e-09	2.233851e-13	4.464585e-09	1.167463e-12	
12  1.55747	2.246778e+00	1.162104e-01	1.042485e+00	7.542984e-02	2.347425e-09	2.106583e-09	1.349872e-13	4.482711e-09	8.736563e-13	
15  3.89117	2.246858e+00	1.161891e-01	1.042486e+00	7.563578e-02	2.347342e-09	2.107436e-09	1.611180e-13	4.480355e-09	2.045672e-12	
1  4.249	2.246957e+00	1.161983e-01	1.042488e+00	7.570279e-02	2.349582e-09	2.107767e-09	2.754616e-13	4.501778e-09	2.663178e-12	
29  5.5128	2.246996e+00	1.161243e-01	1.042489e+00	7.581813e-02	2.349899e-09	2.107028e-09	5.964233e-14	4.500853e-09	8.239073e-13	
62  3.17	2.246842e+00	1.161154e-01	1.042492e+00	7.568540e-02	2.348624e-09	2.107569e-09	3.127257e-13	4.500262e-09	2.152310e-12	
47  0.693051	2.246811e+00	1.161278e-01	1.042495e+00	7.583498e-02	2.348502e-09	2.108421e-09	2.022666e-13	4.498034e-09	1.545334e-12	
35  0.636665	2.247005e+00	1.161232e-01	1.042495e+00	7.594775e-02	2.347812e-09	2.109245e-09	2.217684e-13	4.490965e-09	1.808908e-12	
271  1.75802	2.247226e+00	1.161144e-01	1.042500e+00	7.590667e-02	2.348934e-09	2.109342e-09	2.675487e-13	4.490090e-09	2.292225e-12	
77  1.99571	2.246774e+00	1.161055e-01	1.042500e+00	7.573213e-02	2.349802e-09	2.109842e-09	3.062237e-13	4.481914e-09	2.358563e-12	
143  1.42688	2.246435e+00	1.161238e-01	1.042503e+00	7.575796e-02	2.349824e-09	2.110035e-09	2.973426e-13	4.478428e-09	1.844512e-12	
108  1.97239	2.246764e+00	1.161266e-01	1.042502e+00	7.581338e-02	2.349340e-09	2.110148e-09	1.698828e-13	4.473771e-09	9.311820e-13	
19  2.97681	2.246884e+00	1.161199e-01	1.042504e+00	7.590059e-02	2.349610e-09	2.110516e-09	2.956201e-13	4.473529e-09	2.626512e-12	
67  1.62499	2.246540e+00	1.161137e-01	1.042501e+00	7.587410e-02	2.349341e-09	2.110158e-09	1.771809e-13	4.469599e-09	9.933015e-13	
13  1.37134	2.246441e+00	1.161716e-01	1.042506e+00	7.588365e-02	2.349097e-09	2.110190e-09	2.279953e-13	4.467402e-09	1.271640e-12	
23  1.80346	2.246539e+00	1.161507e-01	1.042505e+00	7.599002e-02	2.350086e-09	2.110548e-09	3.162386e-13	4.473098e-09	1.826106e-12	
91  1.13319	2.246343e+00	1.161412e-01	1.042502e+00	7.609070e-02	2.349185e-09	2.111819e-09	2.322395e-13	4.467102e-09	1.894468e-12	
70  0.350975	2.246425e+00	1.161468e-01	1.042498e+00	7.607492e-02	2.348150e-09	2.110724e-09	2.165988e-13	4.456948e-09	1.701365e-12	
111  3.80298	2.246326e+00	1.161490e-01	1.042496e+00	7.615187e-02	2.347045e-09	2.110331e-09	3.107194e-13	4.448913e-09	1.382468e-12	
27  2.06765	2.246265e+00	1.161881e-01	1.042497e+00	7.608061e-02	2.346674e-09	2.111420e-09	2.909107e-13	4.458342e-09	1.316538e-12	
5  4.38076	2.246255e+00	1.162008e-01	1.042500e+00	7.608244e-02	2.346472e-09	2.111456e-09	1.029958e-13	4.463630e-09	7.454809e-13	
22  4.26528	2.245937e+00	1.162417e-01	1.042498e+00	7.596120e-02	2.347523e-09	2.111353e-09	4.865954e-13	4.468784e-09	3.282286e-12	
50  4.93546	2.245372e+00	1.162246e-01	1.042496e+00	7.605027e-02	2.348106e-09	2.111507e-09	3.197826e-13	4.467577e-09	1.021939e-12	
8  3.54708	2.245159e+00	1.162274e-01	1.042494e+00	7.590915e-02	2.349055e-09	2.111655e-09	3.880129e-13	4.454014e-09	2.846019e-12	
51  4.32369	2.245695e+00	1.162333e-01	1.042496e+00	7.608130e-02	2.348558e-09	2.111153e-09	4.452269e-13	4.443105e-09	1.905457e-12	
36  3.77356	2.245513e+00	1.162131e-01	1.042496e+00	7.587066e-02	2.347898e-09	2.111133e-09	5.019429e-13	4.455826e-09	2.378570e-12	
25  3.45636	2.245680e+00	1.162069e-01	1.042499e+00	7.592462e-02	2.348687e-09	2.111907e-09	4.956892e-13	4.451988e-09	2.637801e-12	
20  2.88828	2.245657e+00	1.161739e-01	1.042499e+00	7.589603e-02	2.347656e-09	2.112282e-09	4.351651e-13	4.457253e-09	2.237200e-12	
48  3.47449	2.245801e+00	1.161775e-01	1.042501e+00	7.575190e-02	2.349232e-09	2.112181e-09	2.395026e-13	4.454076e-09	1.140551e-12	
15  2.26171	2.245732e+00	1.161696e-01	1.042501e+00	7.587001e-02	2.349815e-09	2.110851e-09	3.392531e-13	4.448934e-09	1.824731e-12	
36  1.33692	2.245759e+00	1.161518e-01	1.042505e+00	7.580337e-02	2.349245e-09	2.110059e-09	1.681355e-13	4.448859e-09	1.755646e-12	
11  0.890522	2.245648e+00	1.161463e-01	1.042504e+00	7.587458e-02	2.350339e-09	2.110816e-09	2.383108e-13	4.459516e-09	1.825320e-12	
19  1.29197	2.246040e+00	1.161461e-01	1.042504e+00	7.598287e-02	2.350041e-09	2.111079e-09	1.398936e-13	4.467800e-09	1.082175e-12	
206  0.984726	2.246181e+00	1.161616e-01	1.042507e+00	7.588053e-02	2.349339e-09	2.111046e-09	1.876820e-13	4.465764e-09	1.575143e-12	
66  1.15585	2.245994e+00	1.161465e-01	1.042511e+00	7.602289e-02	2.350416e-09	2.111518e-09	1.655015e-13	4.456346e-09	1.155724e-12	
437  0.869273	2.246468e+00	1.161612e-01	1.042513e+00	7.605299e-02	2.350276e-09	2.110962e-09	2.041739e-13	4.457785e-09	1.880919e-12	
27  0.816231	2.246614e+00	1.161748e-01	1.042511e+00	7.605106e-02	2.349924e-09	2.110519e-09	2.583271e-13	4.460509e-09	1.869585e-12	
21  0.667332	2.246830e+00	1.161604e-01	1.042508e+00	7.598824e-02	2.349016e-09	2.110877e-09	2.469591e-13	4.456025e-09	1.626592e-12	
22  0.79146	2.246734e+00	1.161361e-01	1.042509e+00	7.610425e-02	2.348988e-09	2.110728e-09	1.489596e-13	4.462137e-09	1.410915e-12	
104  0.482183	2.246823e+00	1.161305e-01	1.042508e+00	7.612587e-02	2.347763e-09	2.110304e-09	2.283352e-13	4.478470e-09	1.741988e-12	
143  0.967883	2.247054e+00	1.161394e-01	1.042506e+00	7.617911e-02	2.347317e-09	2.110370e-09	2.795725e-13	4.492069e-09	1.980003e-12	
84  1.17346	2.246628e+00	1.161091e-01	1.042506e+00	7.630564e-02	2.345739e-09	2.110427e-09	1.230739e-13	4.493401e-09	1.216520e-12	
63  1.71161	2.246351e+00	1.161206e-01	1.042502e+00	7.644217e-02	2.346152e-09	2.111301e-09	2.944483e-13	4.481896e-09	1.738438e-12	
270  0.423031	2.246574e+00	1.161425e-01	1.042506e+00	7.634165e-02	2.344946e-09	2.112184e-09	2.428313e-13	4.483044e-09	1.709169e-12	
18  0.895499	2.247102e+00	1.161330e-01	1.042506e+00	7.629196e-02	2.345829e-09	2.111660e-09	2.894485e-13	4.485494e-09	2.187143e-12	
87  2.13884	2.247055e+00	1.161355e-01	1.042510e+00	7.645136e-02	2.345552e-09	2.112207e-09	3.831739e-13	4.486744e-09	2.772648e-12	
14  1.31339	2.246903e+00	1.161429e-01	1.042508e+00	7.644705e-02	2.346754e-09	2.112567e-09	3.459204e-13	4.485774e-09	2.391128e-12	
38  1.66974	2.246475e+00	1.161559e-01	1.042510e+00	7.647461e-02	2.347890e-09	2.112088e-09	3.427173e-13	4.492636e-09	2.390206e-12	
231  1.83699	2.246434e+00	1.161504e-01	1.042510e+00	7.648861e-02	2.347301e-09	2.113780e-09	2.213945e-13	4.494972e-09	1.241028e-12	
54  1.64478	2.246346e+00	1.161323e-01	1.042515e+00	7.625506e-02	2.347582e-09	2.112819e-09	3.412268e-13	4.494284e-09	1.854585e-12	
3  1.5199	2.246612e+00	1.161671e-01	1.042515e+00	7.644755e-02	2.349171e-09	2.112043e-09	2.719434e-13	4.489618e-09	2.340662e-12	
106  1.11907	2.246761e+00	1.161368e-01	1.042517e+00	7.649668e-02	2.348354e-09	2.113529e-09	2.176472e-13	4.488899e-09	1.614625e-12	
14  5.92566	2.246653e+00	1.161434e-01	1.042520e+00	7.662370e-02	2.347992e-09	2.113028e-09	5.435515e-13	4.481585e-09	2.028379e-12	
16  3.44155	2.246859e+00	1.161803e-01	1.042522e+00	7.662197e-02	2.348267e-09	2.113421e-09	5.374493e-13	4.486735e-09	2.926786e-12	
29  3.2483	2.246601e+00	1.161804e-01	1.042525e+00	7.663207e-02	2.347675e-09	2.113739e-09	4.492213e-13	4.485616e-09	1.922012e-12	
116  1.98747	2.246683e+00	1.161786e-01	1.042519e+00	7.661217e-02	2.347013e-09	2.113413e-09	2.466174e-13	4.478638e-09	2.306783e-12	
16  4.04883	2.246464e+00	1.161492e-01	1.042521e+00	7.635206e-02	2.348216e-09	2.112630e-09	5.485953e-13	4.482092e-09	3.042905e-12	
11  2.38154	2.246604e+00	1.161757e-01	1.042526e+00	7.644336e-02	2.348116e-09	2.111295e-09	3.353091e-13	4.479492e-09	2.474422e-12	
114  0.72573	2.246341e+00	1.161691e-01	1.042521e+00	7.633336e-02	2.345925e-09	2.111381e-09	1.632151e-13	4.474055e-09	1.600104e-12	
47  1.06802	2.246354e+00	1.161786e-01	1.042520e+00	7.628164e-02	2.345810e-09	2.111494e-09	2.596550e-13	4.478212e-09	2.253848e-12	
192  0.568569	2.246306e+00	1.161956e-01	1.042523e+00	7.641336e-02	2.344723e-09	2.111389e-09	2.525786e-13	4.472528e-09	1.968450e-12	
65  0.604083	2.246205e+00	1.161885e-01	1.042525e+00	7.632832e-02	2.344599e-09	2.111568e-09	1.816805e-13	4.472390e-09	1.298593e-12	
419  0.566382	2.246306e+00	1.162129e-01	1.042527e+00	7.646396e-02	2.344645e-09	2.110970e-09	1.819672e-13	4.466884e-09	1.606994e-12	
275  0.997925	2.246668e+00	1.162296e-01	1.042525e+00	7.636268e-02	2.344481e-09	2.111264e-09	1.756743e-13	4.458645e-09	1.769028e-12	
40  0.949694	2.246479e+00	1.161975e-01	1.042526e+00	7.627253e-02	2.343091e-09	2.111992e-09	3.290997e-13	4.455160e-09	2.417486e-12	
175  0.523648	2.246085e+00	1.162185e-01	1.042523e+00	7.625412e-02	2.342057e-09	2.112153e-09	2.878787e-13	4.460400e-09	2.098442e-12	
189  0.715043	2.246082e+00	1.162252e-01	1.042525e+00	7.622085e-02	2.340900e-09	2.112047e-09	3.241542e-13	4.484609e-09	1.875577e-12	
13  1.69605	2.245576e+00	1.162269e-01	1.042525e+00	7.622224e-02	2.339596e-09	2.110909e-09	1.312048e-13	4.482364e-09	1.251365e-12	
42  2.12729	2.245401e+00	1.162388e-01	1.042522e+00	7.617956e-02	2.338647e-09	2.111989e-09	4.648769e-13	4.485811e-09	2.104551e-12	
15  1.47355	2.245399e+00	1.162579e-01	1.042523e+00	7.603303e-02	2.337913e-09	2.112412e-09	2.857592e-13	4.480110e-09	1.966573e-12	
42  1.96123	2.245521e+00	1.162545e-01	1.042520e+00	7.618816e-02	2.337676e-09	2.111630e-09	1.916367e-13	4.483649e-09	1.070074e-12	
2  3.11562	2.245370e+00	1.162855e-01	1.042519e+00	7.608585e-02	2.336791e-09	2.112384e-09	6.469526e-13	4.486055e-09	3.380618e-12	
52  1.41493	2.245334e+00	1.163156e-01	1.042523e+00	7.596602e-02	2.336224e-09	2.111949e-09	4.250453e-13	4.484387e-09	2.616913e-12	
34  2.891	2.245406e+00	1.163279e-01	1.042525e+00	7.590143e-02	2.336182e-09	2.112056e-09	3.198420e-13	4.502140e-09	2.486228e-12	
29  3.40843	2.245225e+00	1.163211e-01	1.042525e+00	7.609911e-02	2.336754e-09	2.111196e-09	4.414459e-13	4.494050e-09	1.648073e-12	
38  1.69406	2.245361e+00	1.163310e-01	1.042528e+00	7.626804e-02	2.336527e-09	2.110603e-09	1.785569e-13	4.497897e-09	1.851583e-12	
54  2.05261	2.245955e+00	1.163380e-01	1.042527e+00	7.647621e-02	2.337150e-09	2.110391e-09	2.046703e-13	4.495080e-09	2.064234e-12	
57  1.7059	2.246039e+00	1.163851e-01	1.042527e+00	7.672554e-02	2.336193e-09	2.111484e-09	2.373601e-13	4.489325e-09	2.072471e-12	
22  3.24855	2.245927e+00	1.164002e-01	1.042526e+00	7.654901e-02	2.335675e-09	2.111276e-09	5.194676e-13	4.496458e-09	2.887102e-12	
18  0.606728	2.246107e+00	1.163853e-01	1.042531e+00	7.636392e-02	2.335773e-09	2.111531e-09	3.140219e-13	4.499861e-09	1.932371e-12	
18  2.53528	2.245771e+00	1.163820e-01	1.042530e+00	7.648590e-02	2.336329e-09	2.113281e-09	4.484556e-13	4.500705e-09	1.718245e-12	
118  0.663212	2.245477e+00	1.163891e-01	1.042526e+00	7.649009e-02	2.335909e-09	2.111883e-09	3.321062e-13	4.493528e-09	2.185234e-12	
165  0.593893	2.245217e+00	1.163779e-01	1.042526e+00	7.651310e-02	2.335927e-09	2.111658e-09	2.583683e-13	4.506055e-09	1.843706e-12	
22  0.749419	2.245256e+00	1.163864e-01	1.042524e+00	7.642807e-02	2.336495e-09	2.111191e-09	2.825004e-13	4.507938e-09	2.074257e-12	
4  0.883734	2.245102e+00	1.163878e-01	1.042526e+00	7.631822e-02	2.337485e-09	2.111861e-09	3.931216e-13	4.505888e-09	2.248590e-12	
29  1.22635	2.244990e+00	1.163969e-01	1.042525e+00	7.631252e-02	2.336454e-09	2.112312e-09	3.352492e-13	4.512094e-09	2.545086e-12	
19  1.87165	2.244919e+00	1.163661e-01	1.042525e+00	7.637767e-02	2.336287e-09	2.113341e-09	4.046468e-13	4.514204e-09	2.819615e-12	
43  1.22088	2.244606e+00	1.163964e-01	1.042523e+00	7.636427e-02	2.335751e-09	2.112843e-09	2.478822e-13	4.514562e-09	1.912292e-12	
30  0.831258	2.244483e+00	1.164351e-01	1.042522e+00	7.615226e-02	2.335810e-09	2.111974e-09	2.486023e-13	4.513261e-09	1.714677e-12	
100  1.82231	2.244107e+00	1.164471e-01	1.042524e+00	7.624645e-02	2.335676e-09	2.111204e-09	1.978263e-13	4.512929e-09	1.953823e-12	
114  1.14448	2.244068e+00	1.164244e-01	1.042528e+00	7.614174e-02	2.337089e-09	2.112347e-09	4.331827e-13	4.512426e-09	2.424344e-12	
7  2.8934	2.243774e+00	1.164225e-01	1.042528e+00	7.597570e-02	2.336796e-09	2.112818e-09	6.075451e-13	4.520636e-09	2.698398e-12	
138  2.6659	2.243933e+00	1.164091e-01	1.042524e+00	7.605826e-02	2.336600e-09	2.113701e-09	4.505102e-13	4.508856e-09	2.040871e-12	
40  2.95953	2.244169e+00	1.164049e-01	1.042524e+00	7.618046e-02	2.337012e-09	2.113846e-09	3.253269e-13	4.495520e-09	1.427783e-12	
65  2.44469	2.243929e+00	1.163931e-01	1.042528e+00	7.622789e-02	2.336552e-09	2.114226e-09	3.321367e-13	4.480584e-09	2.174249e-12	
31  3.66428	2.243913e+00	1.163891e-01	1.042526e+00	7.609372e-02	2.336233e-09	2.114501e-09	5.075618e-13	4.472473e-09	2.158879e-12	
73  4.51182	2.244030e+00	1.163714e-01	1.042529e+00	7.588803e-02	2.335668e-09	2.114098e-09	4.142041e-13	4.465975e-09	2.342846e-12	
23  5.24687	2.243710e+00	1.163302e-01	1.042525e+00	7.581561e-02	2.336029e-09	2.114173e-09	4.855858e-13	4.475578e-09	2.479275e-12	
2  4.71171	2.243908e+00	1.163381e-01	1.042523e+00	7.586747e-02	2.336047e-09	2.113738e-09	6.707660e-13	4.477516e-09	2.938636e-12	
6  5.79321	2.244045e+00	1.163686e-01	1.042524e+00	7.596039e-02	2.336770e-09	2.113952e-09	8.685741e-13	4.474042e-09	2.970539e-12	
72  2.84919	2.244102e+00	1.163914e-01	1.042524e+00	7.630539e-02	2.336483e-09	2.114678e-09	4.705623e-13	4.470004e-09	1.952672e-12	
24  6.0593	2.244278e+00	1.163727e-01	1.042526e+00	7.646903e-02	2.336646e-09	2.116142e-09	5.517227e-13	4.459684e-09	1.546259e-12	
4  7.09097	2.244430e+00	1.163885e-01	1.042525e+00	7.649379e-02	2.335432e-09	2.116878e-09	5.810823e-13	4.463421e-09	1.592827e-12	
21  3.26129	2.244381e+00	1.163835e-01	1.042524e+00	7.645249e-02	2.334617e-09	2.114919e-09	6.083795e-13	4.450981e-09	2.190178e-12	
52  4.04295	2.244120e+00	1.163697e-01	1.042523e+00	7.646772e-02	2.334977e-09	2.116140e-09	6.129569e-13	4.447022e-09	2.840525e-12	
26  3.44171	2.243878e+00	1.163918e-01	1.042519e+00	7.655880e-02	2.334340e-09	2.115079e-09	5.418930e-13	4.444782e-09	1.838882e-12	
75  2.75701	2.243479e+00	1.163861e-01	1.042522e+00	7.648305e-02	2.334391e-09	2.114977e-09	2.761934e-13	4.448225e-09	1.381821e-12	
44  3.95765	2.243174e+00	1.163606e-01	1.042522e+00	7.641067e-02	2.334996e-09	2.114176e-09	6.803527e-13	4.444847e-09	2.570528e-12	
17  4.34013	2.243311e+00	1.163975e-01	1.042519e+00	7.640025e-02	2.335864e-09	2.112769e-09	4.870262e-13	4.426324e-09	1.803122e-12	
13  3.90489	2.243536e+00	1.163906e-01	1.042515e+00	7.633871e-02	2.335439e-09	2.113469e-09	5.193732e-13	4.428408e-09	3.583405e-12	
11  4.68251	2.243452e+00	1.163835e-01	1.042513e+00	7.631600e-02	2.334353e-09	2.112642e-09	7.440516e-13	4.421951e-09	3.540992e-12	
1  3.52501	2.243150e+00	1.163985e-01	1.042512e+00	7.619077e-02	2.334433e-09	2.113329e-09	3.715744e-13	4.442205e-09	2.973302e-12	
25  1.7907	2.243514e+00	1.163964e-01	1.042510e+00	7.621594e-02	2.334231e-09	2.113618e-09	4.294627e-13	4.439808e-09	2.612841e-12	
7  1.38002	2.243424e+00	1.164187e-01	1.042509e+00	7.620755e-02	2.334183e-09	2.112686e-09	2.933020e-13	4.437330e-09	1.447380e-12	
3  4.83396	2.243222e+00	1.163573e-01	1.042509e+00	7.643129e-02	2.335207e-09	2.113152e-09	5.449442e-13	4.442988e-09	1.801257e-12	
13  4.81626	2.243409e+00	1.163483e-01	1.042510e+00	7.647555e-02	2.335040e-09	2.113159e-09	7.148208e-13	4.437091e-09	2.857373e-12	
5  4.49489	2.243351e+00	1.163425e-01	1.042511e+00	7.631643e-02	2.335220e-09	2.113317e-09	6.408934e-13	4.441147e-09	2.194540e-12	
43  2.38703	2.243230e+00	1.163693e-01	1.042509e+00	7.615870e-02	2.334780e-09	2.111875e-09	3.877238e-13	4.436987e-09	1.680434e-12	
2  3.57006	2.243109e+00	1.163524e-01	1.042507e+00	7.627569e-02	2.336511e-09	2.111520e-09	3.113502e-13	4.435380e-09	1.306202e-12	
49  2.12674	2.243388e+00	1.163439e-01	1.042511e+00	7.627234e-02	2.337420e-09	2.112087e-09	1.314611e-13	4.440986e-09	9.845135e-13	
5  1.70343	2.243421e+00	1.163373e-01	1.042511e+00	7.633897e-02	2.338105e-09	2.111776e-09	3.397385e-13	4.445969e-09	2.480046e-12	
30  1.46761	2.243192e+00	1.163499e-01	1.042510e+00	7.639021e-02	2.338943e-09	2.113063e-09	3.880706e-13	4.464705e-09	2.116152e-12	
41  0.882123	2.243062e+00	1.163528e-01	1.042513e+00	7.645613e-02	2.339504e-09	2.113953e-09	2.929603e-13	4.470988e-09	1.999140e-12	
28  1.05669	2.242628e+00	1.163495e-01	1.042511e+00	7.645544e-02	2.339120e-09	2.113500e-09	3.315701e-13	4.473544e-09	2.110173e-12	
313  0.939789	2.242849e+00	1.163932e-01	1.042508e+00	7.656433e-02	2.339843e-09	2.114251e-09	2.509766e-13	4.468268e-09	1.882881e-12	
16  4.1571	2.242950e+00	1.164147e-01	1.042508e+00	7.650041e-02	2.338044e-09	2.114151e-09	3.600604e-13	4.473524e-09	3.049523e-12	
1  3.57265	2.243017e+00	1.164564e-01	1.042506e+00	7.664917e-02	2.337898e-09	2.114820e-09	3.185007e-13	4.469958e-09	1.089080e-12	
9  2.85894	2.243016e+00	1.164253e-01	1.042504e+00	7.684307e-02	2.338287e-09	2.113819e-09	3.772950e-13	4.471314e-09	1.726017e-12	
1  2.75721	2.242865e+00	1.164290e-01	1.042507e+00	7.670667e-02	2.337527e-09	2.113590e-09	4.199742e-13	4.472911e-09	2.931422e-12	
117  1.92331	2.243158e+00	1.164425e-01	1.042506e+00	7.669813e-02	2.337107e-09	2.114002e-09	4.372544e-13	4.464236e-09	2.084616e-12	
13  0.844135	2.243085e+00	1.164264e-01	1.042507e+00	7.682466e-02	2.337444e-09	2.113992e-09	2.931589e-13	4.461134e-09	1.838488e-12	
84  2.28501	2.243442e+00	1.164289e-01	1.042501e+00	7.688251e-02	2.337031e-09	2.116072e-09	5.585475e-13	4.459566e-09	2.893377e-12	
1  3.85916	2.243458e+00	1.164412e-01	1.042501e+00	7.691241e-02	2.337790e-09	2.115057e-09	6.743531e-13	4.465705e-09	3.395323e-12	
5  4.70469	2.243503e+00	1.164286e-01	1.042502e+00	7.678595e-02	2.337594e-09	2.115237e-09	8.330626e-13	4.469154e-09	3.128257e-12	
13  3.56071	2.243355e+00	1.164205e-01	1.042501e+00	7.673340e-02	2.336449e-09	2.116197e-09	2.466064e-13	4.461806e-09	1.790488e-12	
1  2.54735	2.243247e+00	1.164386e-01	1.042502e+00	7.680195e-02	2.337108e-09	2.115998e-09	3.662927e-13	4.452323e-09	1.442334e-12	
84  2.15159	2.243162e+00	1.164245e-01	1.042503e+00	7.672781e-02	2.335758e-09	2.115295e-09	5.540761e-13	4.451289e-09	2.790801e-12	
1  1.91487	2.243333e+00	1.164272e-01	1.042504e+00	7.681446e-02	2.333628e-09	2.115271e-09	5.514903e-13	4.458955e-09	2.840983e-12	
34  1.78383	2.243200e+00	1.164178e-01	1.042503e+00	7.677370e-02	2.334247e-09	2.114054e-09	4.335450e-13	4.461079e-09	2.054983e-12	
3  0.855678	2.243171e+00	1.164304e-01	1.042506e+00	7.685019e-02	2.335313e-09	2.113671e-09	2.651665e-13	4.465347e-09	1.736162e-12	
90  2.63238	2.243426e+00	1.164577e-01	1.042503e+00	7.681098e-02	2.334837e-09	2.112400e-09	3.108909e-13	4.473414e-09	2.466857e-12	
13  2.40567	2.243492e+00	1.164382e-01	1.042501e+00	7.669338e-02	2.334184e-09	2.113572e-09	4.953041e-13	4.466179e-09	2.149432e-12	
3  3.8749	2.243168e+00	1.164485e-01	1.042505e+00	7.682123e-02	2.334349e-09	2.113761e-09	4.675872e-13	4.476780e-09	1.754546e-12	
56  1.46754	2.243564e+00	1.164162e-01	1.042505e+00	7.658949e-02	2.334054e-09	2.114452e-09	4.467286e-13	4.476365e-09	2.626674e-12	
14  1.43446	2.243729e+00	1.164101e-01	1.042506e+00	7.656778e-02	2.334263e-09	2.114372e-09	4.922376e-13	4.472043e-09	2.551489e-12	
221  0.581102	2.243466e+00	1.163972e-01	1.042499e+00	7.659258e-02	2.333481e-09	2.113562e-09	3.079882e-13	4.470394e-09	1.873912e-12	
24  1.06279	2.243974e+00	1.164087e-01	1.042502e+00	7.663839e-02	2.333579e-09	2.114149e-09	4.536820e-13	4.482348e-09	2.323471e-12	
34  1.2893	2.243723e+00	1.164142e-01	1.042503e+00	7.677098e-02	2.332651e-09	2.113058e-09	1.961988e-13	4.483184e-09	1.559357e-12	
50  3.39208	2.243715e+00	1.164056e-01	1.042501e+00	7.679865e-02	2.332286e-09	2.114164e-09	1.661728e-13	4.475891e-09	9.578175e-13	
32  0.801265	2.243994e+00	1.164096e-01	1.042497e+00	7.654221e-02	2.331666e-09	2.113594e-09	3.594695e-13	4.472055e-09	1.905073e-12	
7  1.52538	2.244244e+00	1.164130e-01	1.042496e+00	7.661368e-02	2.331224e-09	2.113918e-09	2.582172e-13	4.478068e-09	1.582651e-12	
23  2.61974	2.244149e+00	1.164033e-01	1.042499e+00	7.644876e-02	2.332563e-09	2.113963e-09	3.906711e-13	4.474332e-09	1.408863e-12	
26  2.65333	2.244265e+00	1.164061e-01	1.042501e+00	7.645742e-02	2.332091e-09	2.114203e-09	6.966127e-13	4.465977e-09	3.231195e-12	
2  3.37587	2.244299e+00	1.164155e-01	1.042501e+00	7.642985e-02	2.331128e-09	2.114326e-09	4.193107e-13	4.467105e-09	2.892755e-12	
14  3.10155	2.244190e+00	1.164040e-01	1.042502e+00	7.626566e-02	2.331753e-09	2.113663e-09	6.402855e-13	4.468212e-09	3.415117e-12	
16  3.45201	2.243814e+00	1.164362e-01	1.042504e+00	7.628843e-02	2.332182e-09	2.114919e-09	5.620802e-13	4.465622e-09	2.056750e-12	
21  4.36155	2.243814e+00	1.163992e-01	1.042502e+00	7.658314e-02	2.331922e-09	2.115255e-09	5.159210e-13	4.475126e-09	3.381348e-12	
25  4.87498	2.243670e+00	1.163566e-01	1.042504e+00	7.656919e-02	2.332116e-09	2.114528e-09	2.375035e-13	4.484089e-09	2.222003e-12	
1  4.19207	2.243569e+00	1.163700e-01	1.042502e+00	7.663651e-02	2.331486e-09	2.114882e-09	1.829071e-13	4.469097e-09	1.147928e-12	
45  4.07469	2.243598e+00	1.164005e-01	1.042501e+00	7.646864e-02	2.331331e-09	2.115078e-09	8.557943e-13	4.454712e-09	3.476074e-12	
55  4.60024	2.243159e+00	1.163924e-01	1.042503e+00	7.636440e-02	2.331643e-09	2.115532e-09	3.895484e-13	4.462540e-09	2.495400e-12	
89  3.84026	2.243419e+00	1.164063e-01	1.042500e+00	7.643638e-02	2.331793e-09	2.115505e-09	4.035593e-13	4.455928e-09	1.522784e-12	
9  3.9699	2.243524e+00	1.164174e-01	1.042500e+00	7.644947e-02	2.332110e-09	2.114548e-09	6.704227e-13	4.456625e-09	2.007206e-12	
5  3.44094	2.243768e+00	1.164276e-01	1.042496e+00	7.634419e-02	2.332269e-09	2.114006e-09	3.716038e-13	4.456858e-09	1.229281e-12	
49  1.5841	2.243875e+00	1.164394e-01	1.042499e+00	7.614685e-02	2.332638e-09	2.111872e-09	2.109054e-13	4.457059e-09	1.706628e-12	
4  2.60501	2.243888e+00	1.164288e-01	1.042499e+00	7.609607e-02	2.331979e-09	2.112148e-09	6.001082e-13	4.470227e-09	2.243943e-12	
65  2.27251	2.244088e+00	1.163963e-01	1.042500e+00	7.610791e-02	2.331078e-09	2.112033e-09	4.294447e-13	4.467021e-09	2.985505e-12	
6  3.22926	2.243870e+00	1.164000e-01	1.042500e+00	7.623273e-02	2.331644e-09	2.111926e-09	4.783877e-13	4.469843e-09	1.659341e-12	
2  3.56215	2.243374e+00	1.164136e-01	1.042501e+00	7.636778e-02	2.331617e-09	2.111262e-09	3.738854e-13	4.471668e-09	1.532356e-12	
14  1.71421	2.243789e+00	1.163755e-01	1.042504e+00	7.627533e-02	2.332150e-09	2.110451e-09	1.456165e-13	4.470222e-09	1.217828e-12	
28  1.79259	2.243654e+00	1.163710e-01	1.042504e+00	7.627525e-02	2.330856e-09	2.110435e-09	2.004735e-13	4.471209e-09	1.198161e-12	
46  1.49142	2.243393e+00	1.163799e-01	1.042500e+00	7.612811e-02	2.330069e-09	2.111472e-09	3.725207e-13	4.482298e-09	2.653045e-12	
9  1.64173	2.243590e+00	1.163705e-01	1.042496e+00	7.615017e-02	2.330093e-09	2.110897e-09	4.323146e-13	4.480367e-09	2.707349e-12	
34  2.41394	2.243662e+00	1.163787e-01	1.042493e+00	7.611588e-02	2.330513e-09	2.111673e-09	4.557576e-13	4.487527e-09	1.678537e-12	
4  3.95765	2.243879e+00	1.163769e-01	1.042493e+00	7.626658e-02	2.331679e-09	2.111938e-09	6.205618e-13	4.487650e-09	2.071385e-12	
28  2.42555	2.243606e+00	1.163836e-01	1.042493e+00	7.624245e-02	2.329873e-09	2.112014e-09	4.284421e-13	4.487746e-09	3.018486e-12	
1  3.09531	2.243521e+00	1.163824e-01	1.042494e+00	7.626369e-02	2.330004e-09	2.111910e-09	6.513583e-13	4.483906e-09	2.675287e-12	
68  1.3884	2.243363e+00	1.163280e-01	1.042496e+00	7.629029e-02	2.330035e-09	2.111372e-09	2.770088e-13	4.492476e-09	1.381466e-12	
161  2.31732	2.243266e+00	1.163142e-01	1.042495e+00	7.633427e-02	2.330453e-09	2.110123e-09	1.617276e-13	4.492010e-09	1.009849e-12	
94  1.82147	2.243304e+00	1.162785e-01	1.042494e+00	7.627265e-02	2.329811e-09	2.110221e-09	2.003677e-13	4.494972e-09	1.150026e-12	
43  1.37708	2.243177e+00	1.163084e-01	1.042491e+00	7.614394e-02	2.329891e-09	2.110519e-09	3.408052e-13	4.490371e-09	2.410506e-12	
43  1.30301	2.243422e+00	1.163248e-01	1.042488e+00	7.596097e-02	2.329219e-09	2.109763e-09	3.425722e-13	4.479353e-09	2.409904e-12	
42  2.72868	2.243278e+00	1.163105e-01	1.042491e+00	7.613566e-02	2.330109e-09	2.109595e-09	3.125348e-13	4.487635e-09	1.569216e-12	
52  0.62135	2.243531e+00	1.163196e-01	1.042492e+00	7.608959e-02	2.330745e-09	2.110260e-09	2.053258e-13	4.488634e-09	1.419606e-12	
38  0.6092	2.243306e+00	1.163397e-01	1.042492e+00	7.609564e-02	2.330524e-09	2.110616e-09	3.058929e-13	4.484242e-09	2.034420e-12	
17  0.701672	2.243376e+00	1.163670e-01	1.042492e+00	7.607700e-02	2.331740e-09	2.111038e-09	3.387255e-13	4.478649e-09	1.883293e-12	
7  2.54035	2.243350e+00	1.163356e-01	1.042493e+00	7.595381e-02	2.331489e-09	2.110736e-09	1.478010e-13	4.471008e-09	1.351131e-12	
21  1.21993	2.243317e+00	1.163081e-01	1.042497e+00	7.617253e-02	2.331738e-09	2.111064e-09	3.267137e-13	4.456718e-09	1.733067e-12	
194  0.916268	2.243305e+00	1.162815e-01	1.042498e+00	7.635120e-02	2.332015e-09	2.110595e-09	1.952235e-13	4.443507e-09	1.521430e-12	
64  0.759814	2.243128e+00	1.163072e-01	1.042500e+00	7.644690e-02	2.332880e-09	2.111474e-09	1.957069e-13	4.451666e-09	1.644192e-12	
67  4.90769	2.243024e+00	1.163011e-01	1.042500e+00	7.646205e-02	2.332378e-09	2.112337e-09	2.355150e-13	4.452417e-09	7.578320e-13	
39  4.56758	2.243374e+00	1.163227e-01	1.042502e+00	7.654586e-02	2.333428e-09	2.113463e-09	6.113851e-13	4.449788e-09	3.790085e-12	
6  2.485	2.243492e+00	1.163202e-01	1.042499e+00	7.668995e-02	2.331109e-09	2.113538e-09	3.998954e-13	4.434935e-09	1.616015e-12	
52  1.80638	2.243564e+00	1.162979e-01	1.042499e+00	7.686287e-02	2.328838e-09	2.113982e-09	4.617141e-13	4.430306e-09	2.832680e-12	
7  3.28217	2.243701e+00	1.163079e-01	1.042502e+00	7.698511e-02	2.328328e-09	2.114865e-09	6.432570e-13	4.440753e-09	3.606775e-12	
24  2.67751	2.243786e+00	1.163427e-01	1.042504e+00	7.689496e-02	2.326459e-09	2.115590e-09	7.621552e-13	4.447335e-09	3.232601e-12	
61  2.20628	2.244037e+00	1.163440e-01	1.042505e+00	7.676001e-02	2.327406e-09	2.115476e-09	6.394767e-13	4.456104e-09	2.939246e-12	
28  2.05491	2.244249e+00	1.163252e-01	1.042499e+00	7.675526e-02	2.328320e-09	2.115096e-09	3.055843e-13	4.462230e-09	1.712167e-12	
4  2.25314	2.244281e+00	1.162840e-01	1.042499e+00	7.682314e-02	2.327751e-09	2.113119e-09	5.297046e-13	4.453397e-09	2.837455e-12	
24  4.17534	2.244153e+00	1.163025e-01	1.042499e+00	7.679508e-02	2.326536e-09	2.113229e-09	3.977971e-13	4.438846e-09	3.309573e-12	
5  4.31966	2.244203e+00	1.163021e-01	1.042497e+00	7.696207e-02	2.326485e-09	2.114763e-09	4.077898e-13	4.448213e-09	3.286134e-12	
8  3.59686	2.243901e+00	1.163068e-01	1.042496e+00	7.678281e-02	2.326720e-09	2.116058e-09	4.551103e-13	4.441794e-09	2.836736e-12	
55  2.36107	2.243728e+00	1.162870e-01	1.042498e+00	7.681096e-02	2.326129e-09	2.116044e-09	5.369983e-13	4.447355e-09	2.605765e-12	
98  2.14097	2.243549e+00	1.162859e-01	1.042500e+00	7.695211e-02	2.325614e-09	2.115188e-09	4.962823e-13	4.440253e-09	1.939324e-12	
5  2.84619	2.243896e+00	1.162935e-01	1.042497e+00	7.680614e-02	2.325849e-09	2.114360e-09	7.072833e-13	4.448507e-09	2.661487e-12	
33  3.21078	2.243940e+00	1.163017e-01	1.042500e+00	7.697079e-02	2.325816e-09	2.115307e-09	8.310313e-13	4.439131e-09	3.411451e-12	
24  2.92658	2.243872e+00	1.162743e-01	1.042501e+00	7.692924e-02	2.326563e-09	2.115766e-09	7.068938e-13	4.441320e-09	3.489872e-12	
45  2.08642	2.243951e+00	1.162944e-01	1.042500e+00	7.696806e-02	2.325108e-09	2.115729e-09	5.089896e-13	4.439748e-09	2.950774e-12	
56  1.59456	2.244001e+00	1.163133e-01	1.042499e+00	7.701645e-02	2.327067e-09	2.116141e-09	5.150192e-13	4.441196e-09	2.506202e-12	
9  1.37549	2.243831e+00	1.162836e-01	1.042502e+00	7.709648e-02	2.326358e-09	2.114878e-09	2.637017e-13	4.443506e-09	1.556264e-12	
75  1.45166	2.243589e+00	1.162539e-01	1.042497e+00	7.723219e-02	2.327664e-09	2.115423e-09	2.360962e-13	4.447152e-09	1.770432e-12	
1  2.595	2.243608e+00	1.162798e-01	1.042496e+00	7.729146e-02	2.325715e-09	2.117084e-09	5.526180e-13	4.451166e-09	1.956889e-12	
14  3.90559	2.243752e+00	1.162837e-01	1.042490e+00	7.723847e-02	2.325931e-09	2.116380e-09	2.834720e-13	4.452746e-09	2.361625e-12	
13  6.82621	2.243462e+00	1.163040e-01	1.042491e+00	7.720996e-02	2.325601e-09	2.115845e-09	9.957708e-13	4.436888e-09	2.460565e-12	
18  7.63987	2.243314e+00	1.162857e-01	1.042488e+00	7.708528e-02	2.324390e-09	2.115764e-09	4.344395e-13	4.440660e-09	7.562875e-13	
19  4.87755	2.243190e+00	1.162960e-01	1.042488e+00	7.716311e-02	2.323410e-09	2.117735e-09	5.299886e-13	4.442559e-09	1.436471e-12	
9  3.03533	2.242873e+00	1.162961e-01	1.042493e+00	7.735161e-02	2.323239e-09	2.115625e-09	4.060699e-13	4.434352e-09	1.597775e-12	
23  2.93253	2.242742e+00	1.162631e-01	1.042493e+00	7.721451e-02	2.323599e-09	2.115411e-09	5.185533e-13	4.437673e-09	2.014508e-12	
57  1.71493	2.242820e+00	1.162408e-01	1.042493e+00	7.719497e-02	2.322256e-09	2.114100e-09	2.937388e-13	4.437282e-09	1.897566e-12	
131  1.72453	2.242646e+00	1.162785e-01	1.042494e+00	7.708622e-02	2.322784e-09	2.113983e-09	2.837437e-13	4.434672e-09	1.676382e-12	
22  2.00942	2.242711e+00	1.162837e-01	1.042495e+00	7.704835e-02	2.322974e-09	2.114118e-09	4.069451e-13	4.440741e-09	2.048650e-12	
1  1.71483	2.242828e+00	1.162964e-01	1.042496e+00	7.706251e-02	2.323295e-09	2.114762e-09	2.485508e-13	4.426710e-09	1.867274e-12	
52  2.03013	2.242770e+00	1.162908e-01	1.042495e+00	7.725665e-02	2.324244e-09	2.115520e-09	4.394283e-13	4.434373e-09	1.996278e-12	
6  2.28837	2.243035e+00	1.163079e-01	1.042496e+00	7.707329e-02	2.323126e-09	2.115759e-09	6.216283e-13	4.432014e-09	2.474753e-12	
3  2.42133	2.243373e+00	1.162844e-01	1.042491e+00	7.692726e-02	2.324036e-09	2.115998e-09	4.766510e-13	4.430021e-09	1.830030e-12	
20  2.93818	2.243000e+00	1.162790e-01	1.042488e+00	7.680381e-02	2.325145e-09	2.115649e-09	3.653350e-13	4.434000e-09	2.484116e-12	
4  2.67561	2.242871e+00	1.162569e-01	1.042484e+00	7.689462e-02	2.324229e-09	2.116094e-09	5.284539e-13	4.440616e-09	1.932869e-12	
2  2.3611	2.242707e+00	1.162469e-01	1.042483e+00	7.708322e-02	2.323090e-09	2.115993e-09	6.166726e-13	4.442911e-09	2.984450e-12	
25  3.30841	2.242731e+00	1.162637e-01	1.042481e+00	7.703771e-02	2.323144e-09	2.116019e-09	7.335354e-13	4.438905e-09	3.475367e-12	
15  2.91014	2.242726e+00	1.162417e-01	1.042482e+00	7.700226e-02	2.322337e-09	2.115884e-09	6.989967e-13	4.438712e-09	2.526576e-12	
19  3.27103	2.242403e+00	1.162287e-01	1.042484e+00	7.712447e-02	2.321471e-09	2.116935e-09	7.540614e-13	4.437053e-09	3.184717e-12	
7  4.88812	2.242482e+00	1.162309e-01	1.042484e+00	7.711137e-02	2.324274e-09	2.115771e-09	9.061534e-13	4.435467e-09	3.193712e-12	
1  3.95468	2.242498e+00	1.162507e-01	1.042483e+00	7.714477e-02	2.323765e-09	2.116206e-09	7.013424e-13	4.442728e-09	2.161002e-12	
8  2.51512	2.242849e+00	1.162793e-01	1.042488e+00	7.709400e-02	2.322940e-09	2.116768e-09	5.821540e-13	4.442464e-09	2.204024e-12	
10  3.46434	2.242501e+00	1.162941e-01	1.042489e+00	7.718957e-02	2.323645e-09	2.117356e-09	2.996468e-13	4.425684e-09	1.385353e-12	
13  2.18901	2.242574e+00	1.162745e-01	1.042493e+00	7.734816e-02	2.322116e-09	2.117151e-09	3.434316e-13	4.441588e-09	1.690332e-12	
35  2.96712	2.242266e+00	1.162714e-01	1.042493e+00	7.738990e-02	2.322409e-09	2.116803e-09	6.525856e-13	4.437750e-09	2.532638e-12	
13  5.091	2.242535e+00	1.162814e-01	1.042492e+00	7.723625e-02	2.322055e-09	2.115813e-09	9.635586e-13	4.445865e-09	3.458093e-12	
4  3.50269	2.242372e+00	1.163019e-01	1.042492e+00	7.725035e-02	2.322413e-09	2.116342e-09	7.968182e-13	4.450016e-09	3.072679e-12	
4  4.48518	2.242288e+00	1.162915e-01	1.042493e+00	7.740006e-02	2.322065e-09	2.116102e-09	8.174001e-13	4.464431e-09	3.157193e-12	
23  3.04775	2.242323e+00	1.163038e-01	1.042488e+00	7.742039e-02	2.321976e-09	2.116683e-09	5.713719e-13	4.455287e-09	3.301833e-12	
22  3.98385	2.242345e+00	1.162783e-01	1.042491e+00	7.736807e-02	2.322640e-09	2.117048e-09	3.623774e-13	4.462482e-09	1.181118e-12	
2  3.8759	2.242328e+00	1.162674e-01	1.042495e+00	7.713629e-02	2.322767e-09	2.116609e-09	3.851004e-13	4.454385e-09	1.267317e-12	
18  3.63282	2.242400e+00	1.162702e-01	1.042498e+00	7.713093e-02	2.322174e-09	2.117131e-09	7.602011e-13	4.441843e-09	3.540907e-12	
9  3.21702	2.242623e+00	1.162866e-01	1.042496e+00	7.726922e-02	2.321239e-09	2.116086e-09	2.168571e-13	4.429335e-09	1.251662e-12	
5  2.98574	2.242328e+00	1.163035e-01	1.042502e+00	7.729962e-02	2.321082e-09	2.117219e-09	3.764743e-13	4.420753e-09	2.609983e-12	
12  5.13033	2.242043e+00	1.163053e-01	1.042500e+00	7.721977e-02	2.321300e-09	2.117037e-09	1.059395e-12	4.419824e-09	3.415207e-12	
23  2.71156	2.242348e+00	1.163480e-01	1.042497e+00	7.711254e-02	2.320479e-09	2.116188e-09	2.802226e-13	4.419419e-09	1.539230e-12	
34  1.83319	2.242491e+00	1.163461e-01	1.042494e+00	7.722282e-02	2.320550e-09	2.116051e-09	3.474905e-13	4.429413e-09	1.816952e-12	
25  2.17723	2.242791e+00	1.163379e-01	1.042498e+00	7.704547e-02	2.319937e-09	2.116109e-09	4.231017e-13	4.429998e-09	1.896249e-12	
16  2.64004	2.242817e+00	1.163374e-01	1.042499e+00	7.705436e-02	2.319869e-09	2.116863e-09	5.524329e-13	4.429024e-09	2.260803e-12	
54  3.67983	2.242578e+00	1.163330e-01	1.042499e+00	7.712622e-02	2.319011e-09	2.117100e-09	3.422482e-13	4.442302e-09	1.998825e-12	
1  3.88188	2.242403e+00	1.163660e-01	1.042501e+00	7.715098e-02	2.319577e-09	2.117516e-09	3.851931e-13	4.442245e-09	1.658957e-12	
7  4.68112	2.242609e+00	1.163573e-01	1.042501e+00	7.718718e-02	2.320117e-09	2.117581e-09	6.911410e-13	4.464437e-09	1.847550e-12	
1  4.11107	2.242455e+00	1.163739e-01	1.042502e+00	7.706618e-02	2.319929e-09	2.117775e-09	6.377173e-13	4.459368e-09	3.046162e-12	
4  4.84074	2.242255e+00	1.163494e-01	1.042505e+00	7.697720e-02	2.319496e-09	2.116633e-09	1.047909e-12	4.460720e-09	3.056070e-12	
15  7.62553	2.242173e+00	1.163782e-01	1.042500e+00	7.705417e-02	2.319463e-09	2.116723e-09	1.057543e-12	4.467384e-09	1.993855e-12	
2  5.42527	2.242209e+00	1.164035e-01	1.042497e+00	7.703791e-02	2.318880e-09	2.118351e-09	7.960511e-13	4.481593e-09	2.463745e-12	
12  5.32579	2.241945e+00	1.164320e-01	1.042499e+00	7.708318e-02	2.318849e-09	2.117723e-09	4.507156e-13	4.486823e-09	1.477181e-12	
3  5.77496	2.241858e+00	1.164633e-01	1.042500e+00	7.699550e-02	2.320033e-09	2.118536e-09	8.896903e-13	4.487881e-09	2.954038e-12	
6  7.71124	2.242150e+00	1.164544e-01	1.042502e+00	7.694630e-02	2.320562e-09	2.118964e-09	6.011569e-13	4.483137e-09	2.629865e-12	
15  8.57004	2.242147e+00	1.164527e-01	1.042505e+00	7.706781e-02	2.320511e-09	2.119895e-09	7.215929e-13	4.485323e-09	2.746082e-12	
8  9.40235	2.241988e+00	1.164669e-01	1.042507e+00	7.701556e-02	2.321252e-09	2.118817e-09	1.631275e-12	4.487719e-09	3.226651e-12	
4  9.03017	2.242303e+00	1.164888e-01	1.042505e+00	7.707166e-02	2.320422e-09	2.117979e-09	1.729532e-12	4.491799e-09	3.205902e-12	
5  8.77067	2.241887e+00	1.164642e-01	1.042509e+00	7.713010e-02	2.320782e-09	2.116907e-09	1.670307e-12	4.512269e-09	3.716027e-12	
1  9.36295	2.241973e+00	1.164570e-01	1.042508e+00	7.709420e-02	2.321492e-09	2.115450e-09	1.460197e-12	4.521064e-09	5.500088e-12	
1  10.9356	2.242523e+00	1.164405e-01	1.042504e+00	7.710205e-02	2.322649e-09	2.115146e-09	1.588646e-12	4.519731e-09	3.383563e-12	
3  7.16795	2.242673e+00	1.164130e-01	1.042502e+00	7.716824e-02	2.323796e-09	2.113827e-09	5.698946e-13	4.515710e-09	1.699346e-12	
5  4.9172	2.242860e+00	1.163932e-01	1.042503e+00	7.704579e-02	2.323269e-09	2.114971e-09	8.045036e-13	4.517115e-09	4.253884e-12	
31  1.57	2.242882e+00	1.163862e-01	1.042506e+00	7.699146e-02	2.324143e-09	2.114750e-09	4.516836e-13	4.529033e-09	2.677341e-12	
11  1.25057	2.242865e+00	1.163970e-01	1.042509e+00	7.700090e-02	2.324680e-09	2.115065e-09	4.137177e-13	4.530147e-09	2.242061e-12	
67  2.155	2.242851e+00	1.164006e-01	1.042505e+00	7.702638e-02	2.325170e-09	2.114021e-09	2.989087e-13	4.522408e-09	2.362355e-12	
8  4.23148	2.243123e+00	1.164128e-01	1.042499e+00	7.689994e-02	2.324297e-09	2.112503e-09	5.350807e-13	4.529330e-09	2.296159e-12	
16  1.84954	2.243116e+00	1.163933e-01	1.042502e+00	7.677342e-02	2.324129e-09	2.112084e-09	2.784580e-13	4.534510e-09	1.671795e-12	
45  3.10446	2.242906e+00	1.163979e-01	1.042501e+00	7.697869e-02	2.323822e-09	2.112680e-09	3.905162e-13	4.543855e-09	1.930075e-12	
8  2.71666	2.242765e+00	1.164060e-01	1.042501e+00	7.685105e-02	2.322893e-09	2.113478e-09	4.518294e-13	4.547929e-09	3.055725e-12	
8  4.13275	2.242519e+00	1.163796e-01	1.042503e+00	7.687209e-02	2.323604e-09	2.113503e-09	4.989001e-13	4.547197e-09	3.498560e-12	
106  2.80845	2.242632e+00	1.163435e-01	1.042502e+00	7.681932e-02	2.322980e-09	2.113766e-09	3.150079e-13	4.544625e-09	1.270340e-12	
8  1.91419	2.243012e+00	1.163934e-01	1.042503e+00	7.675679e-02	2.322478e-09	2.113517e-09	5.692456e-13	4.545281e-09	2.527811e-12	
8  2.65632	2.243120e+00	1.163820e-01	1.042507e+00	7.668642e-02	2.321862e-09	2.113135e-09	3.526251e-13	4.538198e-09	2.707652e-12	
18  2.26519	2.242640e+00	1.164265e-01	1.042509e+00	7.664412e-02	2.323268e-09	2.113916e-09	5.503043e-13	4.530797e-09	2.126122e-12	
13  2.93356	2.242516e+00	1.164538e-01	1.042506e+00	7.656619e-02	2.323320e-09	2.114891e-09	7.334856e-13	4.527460e-09	2.676725e-12	
19  2.62005	2.242757e+00	1.164299e-01	1.042504e+00	7.650347e-02	2.321726e-09	2.113544e-09	4.930436e-13	4.523717e-09	3.092848e-12	
2  5.03321	2.242380e+00	1.164296e-01	1.042504e+00	7.656024e-02	2.320691e-09	2.114362e-09	1.115628e-12	4.520747e-09	3.346557e-12	
16  6.65278	2.242447e+00	1.164545e-01	1.042506e+00	7.656011e-02	2.320053e-09	2.114038e-09	5.843661e-13	4.520291e-09	1.199223e-12	
7  6.27861	2.242559e+00	1.164463e-01	1.042507e+00	7.639127e-02	2.321284e-09	2.114731e-09	1.182804e-12	4.526526e-09	2.811007e-12	
9  9.24234	2.242880e+00	1.164641e-01	1.042510e+00	7.643487e-02	2.321131e-09	2.115121e-09	1.662512e-12	4.523154e-09	3.064413e-12	
4  8.2905	2.243203e+00	1.164778e-01	1.042510e+00	7.654769e-02	2.323189e-09	2.116284e-09	1.646885e-12	4.526371e-09	3.928035e-12	
4  4.94825	2.243123e+00	1.164733e-01	1.042512e+00	7.663389e-02	2.322599e-09	2.116633e-09	6.662212e-13	4.515961e-09	2.895971e-12	
9  6.52761	2.243216e+00	1.164787e-01	1.042510e+00	7.653919e-02	2.323237e-09	2.116297e-09	8.876407e-13	4.528958e-09	4.021246e-12	
14  5.09591	2.243114e+00	1.164696e-01	1.042505e+00	7.649072e-02	2.323283e-09	2.115604e-09	6.521988e-13	4.522231e-09	3.399586e-12	
5  4.50422	2.242954e+00	1.164993e-01	1.042503e+00	7.658870e-02	2.322938e-09	2.115426e-09	1.074521e-12	4.522540e-09	3.392200e-12	
9  4.95503	2.243070e+00	1.165107e-01	1.042501e+00	7.656896e-02	2.324246e-09	2.115920e-09	5.137648e-13	4.543950e-09	2.774317e-12	
6  5.22995	2.243231e+00	1.165089e-01	1.042503e+00	7.664922e-02	2.323416e-09	2.115014e-09	1.249477e-12	4.537555e-09	4.092272e-12	
4  4.60654	2.243276e+00	1.165097e-01	1.042500e+00	7.662547e-02	2.323608e-09	2.115836e-09	6.625399e-13	4.532832e-09	3.372089e-12	
2  3.98357	2.242891e+00	1.165231e-01	1.042499e+00	7.667361e-02	2.324692e-09	2.116143e-09	7.679639e-13	4.537855e-09	2.399626e-12	
1  4.22831	2.243267e+00	1.164889e-01	1.042499e+00	7.665073e-02	2.323588e-09	2.115123e-09	8.588019e-13	4.526807e-09	3.971096e-12	
32  3.71663	2.243378e+00	1.164685e-01	1.042498e+00	7.677280e-02	2.323800e-09	2.114993e-09	8.271580e-13	4.527344e-09	2.376815e-12	
1  2.80162	2.243457e+00	1.164998e-01	1.042499e+00	7.688005e-02	2.324758e-09	2.114487e-09	3.343916e-13	4.532671e-09	2.442325e-12	
28  3.09805	2.243769e+00	1.164956e-01	1.042497e+00	7.685777e-02	2.324650e-09	2.115215e-09	3.752759e-13	4.529090e-09	1.458997e-12	
10  1.97903	2.243747e+00	1.164642e-01	1.042498e+00	7.690307e-02	2.323129e-09	2.115213e-09	5.327875e-13	4.527250e-09	2.756131e-12	
1  3.64832	2.243595e+00	1.164598e-01	1.042497e+00	7.701554e-02	2.322681e-09	2.115907e-09	9.795303e-13	4.513987e-09	3.809624e-12	
14  3.68382	2.243490e+00	1.164684e-01	1.042495e+00	7.690060e-02	2.322446e-09	2.116579e-09	8.598501e-13	4.504262e-09	2.661777e-12	
1  3.44894	2.243409e+00	1.164971e-01	1.042500e+00	7.688629e-02	2.322004e-09	2.115923e-09	4.705683e-13	4.509685e-09	2.749547e-12	
7  5.46819	2.243247e+00	1.164895e-01	1.042499e+00	7.704187e-02	2.322484e-09	2.114522e-09	1.669856e-13	4.510244e-09	1.155380e-12	
11  4.33802	2.243467e+00	1.164967e-01	1.042498e+00	7.702892e-02	2.323408e-09	2.113728e-09	6.546313e-13	4.512674e-09	3.753344e-12	
13  4.0817	2.243645e+00	1.165100e-01	1.042496e+00	7.712131e-02	2.324018e-09	2.114827e-09	4.757214e-13	4.519160e-09	1.454328e-12	
1  2.52607	2.243459e+00	1.165496e-01	1.042500e+00	7.707015e-02	2.324439e-09	2.114421e-09	5.480515e-13	4.527064e-09	2.234035e-12	
7  3.48071	2.243415e+00	1.165573e-01	1.042499e+00	7.704090e-02	2.323999e-09	2.114961e-09	8.849778e-13	4.524763e-09	3.333638e-12	
8  3.85176	2.243516e+00	1.165148e-01	1.042498e+00	7.702291e-02	2.323832e-09	2.114517e-09	2.766096e-13	4.529827e-09	2.273598e-12	
16  5.74292	2.243476e+00	1.165277e-01	1.042501e+00	7.705735e-02	2.322793e-09	2.114743e-09	1.151454e-12	4.532191e-09	3.406450e-12	
5  8.42656	2.243415e+00	1.165170e-01	1.042499e+00	7.682331e-02	2.322097e-09	2.112948e-09	4.305551e-13	4.535394e-09	8.583272e-13	
49  5.19935	2.243685e+00	1.164974e-01	1.042499e+00	7.682471e-02	2.320502e-09	2.112063e-09	2.494024e-13	4.542157e-09	2.386391e-12	
7  5.2436	2.244136e+00	1.164828e-01	1.042498e+00	7.666522e-02	2.322132e-09	2.112034e-09	7.827116e-13	4.544563e-09	2.415813e-12	
13  3.68554	2.244148e+00	1.164877e-01	1.042497e+00	7.648667e-02	2.323261e-09	2.111854e-09	8.033605e-13	4.545271e-09	3.716448e-12	
29  2.63074	2.243896e+00	1.165029e-01	1.042495e+00	7.645922e-02	2.324698e-09	2.112848e-09	6.088910e-13	4.556206e-09	3.389329e-12	
40  2.85083	2.244078e+00	1.165047e-01	1.042494e+00	7.641753e-02	2.323397e-09	2.113929e-09	7.397162e-13	4.560129e-09	2.409873e-12	
1  2.32892	2.244328e+00	1.165131e-01	1.042492e+00	7.652009e-02	2.323688e-09	2.114176e-09	5.351310e-13	4.558835e-09	2.424339e-12	
39  1.83021	2.244173e+00	1.165443e-01	1.042492e+00	7.646547e-02	2.324005e-09	2.113312e-09	4.266017e-13	4.551769e-09	2.168041e-12	
16  2.30531	2.244153e+00	1.165456e-01	1.042494e+00	7.646893e-02	2.324673e-09	2.113475e-09	7.457657e-13	4.553419e-09	3.181877e-12	
7  2.14859	2.243820e+00	1.165571e-01	1.042494e+00	7.656591e-02	2.326033e-09	2.114042e-09	5.537786e-13	4.557979e-09	2.029155e-12	
