2  41.6975	2.245500e+00	1.163399e-01	1.042492e+00	7.565441e-02	2.342079e-09	2.107135e-09	1.905785e-12	4.502370e-09	1.040010e-12	
13  32.6454	2.245770e+00	1.163650e-01	1.042494e+00	7.560832e-02	2.342059e-09	2.107203e-09	6.035047e-13	4.511467e-09	-3.332879e-13	
4  8.56473	2.245552e+00	1.163616e-01	1.042496e+00	7.571021e-02	2.342099e-09	2.108234e-09	5.949978e-13	4.521553e-09	1.868763e-12	
19  2.50719	2.245672e+00	1.163930e-01	1.042495e+00	7.573471e-02	2.341449e-09	2.108952e-09	1.217015e-13	4.518941e-09	9.646834e-13	
2  1.53864	2.245863e+00	1.163921e-01	1.042495e+00	7.574710e-02	2.341144e-09	2.109742e-09	4.187409e-13	4.509013e-09	1.918450e-12	
18  2.98236	2.245889e+00	1.164137e-01	1.042496e+00	7.572269e-02	2.341099e-09	2.110033e-09	5.517505e-13	4.516161e-09	2.072160e-12	
19  2.7661	2.246067e+00	1.164158e-01	1.042498e+00	7.593263e-02	2.340200e-09	2.110238e-09	5.947197e-13	4.523851e-09	3.046608e-12	
88  1.0667	2.246654e+00	1.164244e-01	1.042495e+00	7.612596e-02	2.339963e-09	2.110671e-09	3.772489e-13	4.538235e-09	2.513033e-12	
94  1.19227	2.246219e+00	1.164072e-01	1.042496e+00	7.624689e-02	2.340764e-09	2.111976e-09	4.778798e-13	4.527339e-09	2.443390e-12	
20  1.0844	2.246329e+00	1.164403e-01	1.042493e+00	7.624782e-02	2.340729e-09	2.111587e-09	4.199138e-13	4.515666e-09	2.555684e-12	
134  0.820636	2.246365e+00	1.164594e-01	1.042492e+00	7.629249e-02	2.342080e-09	2.111188e-09	2.173273e-13	4.507878e-09	1.672530e-12	
60  0.734009	2.246732e+00	1.164652e-01	1.042491e+00	7.634380e-02	2.341289e-09	2.111519e-09	3.064026e-13	4.499848e-09	2.118291e-12	
7  2.92214	2.246600e+00	1.165106e-01	1.042491e+00	7.636854e-02	2.342619e-09	2.111769e-09	2.992460e-13	4.494574e-09	2.618759e-12	
4  0.801805	2.247012e+00	1.165400e-01	1.042491e+00	7.654330e-02	2.343871e-09	2.112220e-09	2.869085e-13	4.488318e-09	1.803042e-12	
8  1.80355	2.246785e+00	1.165528e-01	1.042488e+00	7.661413e-02	2.342971e-09	2.112577e-09	4.901030e-13	4.491844e-09	2.418838e-12	
52  1.44656	2.246739e+00	1.165258e-01	1.042487e+00	7.667264e-02	2.343445e-09	2.114011e-09	5.208324e-13	4.490423e-09	2.389994e-12	
3  1.82024	2.246667e+00	1.165541e-01	1.042484e+00	7.652568e-02	2.343827e-09	2.113909e-09	2.727013e-13	4.492922e-09	1.544020e-12	
35  1.74134	2.246692e+00	1.165267e-01	1.042482e+00	7.653753e-02	2.343092e-09	2.113886e-09	4.699728e-13	4.508143e-09	1.823765e-12	
4  2.72774	2.246542e+00	1.165175e-01	1.042482e+00	7.642463e-02	2.343339e-09	2.113302e-09	4.702322e-13	4.506790e-09	1.511510e-12	
3  3.23347	2.246090e+00	1.165510e-01	1.042479e+00	7.626674e-02	2.342925e-09	2.113155e-09	7.742525e-13	4.514607e-09	2.900045e-12	
2  4.64601	2.245880e+00	1.165463e-01	1.042475e+00	7.625868e-02	2.341339e-09	2.111671e-09	7.863754e-13	4.509146e-09	3.673566e-12	
20  3.97427	2.246089e+00	1.165153e-01	1.042475e+00	7.622792e-02	2.340372e-09	2.111572e-09	7.816059e-13	4.507821e-09	2.843782e-12	
33  2.16567	2.245823e+00	1.165302e-01	1.042473e+00	7.640072e-02	2.341838e-09	2.110750e-09	3.994754e-13	4.517833e-09	2.328190e-12	
10  1.10535	2.245824e+00	1.165516e-01	1.042476e+00	7.619258e-02	2.342282e-09	2.111903e-09	2.421013e-13	4.526564e-09	1.462738e-12	
20  3.83792	2.245740e+00	1.165345e-01	1.042475e+00	7.606029e-02	2.342319e-09	2.111338e-09	2.898100e-13	4.527597e-09	2.571651e-12	
35  3.553	2.245342e+00	1.165642e-01	1.042479e+00	7.600071e-02	2.340551e-09	2.112137e-09	7.964378e-13	4.529061e-09	3.260700e-12	
16  4.40316	2.245274e+00	1.165875e-01	1.042477e+00	7.596116e-02	2.340084e-09	2.111832e-09	9.020132e-13	4.534975e-09	3.523053e-12	
5  4.48359	2.245357e+00	1.165861e-01	1.042479e+00	7.591653e-02	2.339474e-09	2.113040e-09	7.528956e-13	4.533804e-09	2.004161e-12	
26  1.96815	2.245223e+00	1.166108e-01	1.042482e+00	7.608501e-02	2.339736e-09	2.112990e-09	5.147514e-13	4.528364e-09	2.532605e-12	
61  1.05605	2.245335e+00	1.165961e-01	1.042483e+00	7.615118e-02	2.340620e-09	2.112530e-09	3.512813e-13	4.520112e-09	1.959815e-12	
19  1.3539	2.245728e+00	1.166090e-01	1.042480e+00	7.627616e-02	2.341071e-09	2.111880e-09	2.296870e-13	4.522637e-09	1.559861e-12	
85  0.715994	2.245300e+00	1.165843e-01	1.042482e+00	7.619002e-02	2.341211e-09	2.111443e-09	2.512899e-13	4.524814e-09	1.509284e-12	
17  2.65038	2.245692e+00	1.165908e-01	1.042481e+00	7.612309e-02	2.341517e-09	2.110828e-09	5.779243e-13	4.524745e-09	2.539304e-12	
7  4.25572	2.245913e+00	1.166189e-01	1.042478e+00	7.615286e-02	2.342501e-09	2.111169e-09	6.690746e-13	4.519286e-09	3.621171e-12	
30  2.56805	2.245435e+00	1.166258e-01	1.042477e+00	7.604479e-02	2.343244e-09	2.110374e-09	5.132290e-13	4.522105e-09	2.450525e-12	
136  0.970179	2.245203e+00	1.166056e-01	1.042478e+00	7.604229e-02	2.343310e-09	2.110009e-09	1.949632e-13	4.523013e-09	1.520499e-12	
203  0.803536	2.245381e+00	1.165980e-01	1.042484e+00	7.596262e-02	2.342574e-09	2.109923e-09	2.943827e-13	4.517209e-09	1.638777e-12	
73  1.34222	2.245320e+00	1.165902e-01	1.042479e+00	7.604378e-02	2.342834e-09	2.110897e-09	3.248059e-13	4.510628e-09	1.435729e-12	
18  3.54556	2.245338e+00	1.165885e-01	1.042481e+00	7.599441e-02	2.343435e-09	2.111355e-09	6.911841e-13	4.502440e-09	2.644357e-12	
19  3.01715	2.245217e+00	1.165720e-01	1.042481e+00	7.589369e-02	2.342570e-09	2.111176e-09	6.544433e-13	4.504127e-09	2.561960e-12	
9  2.61887	2.244812e+00	1.165543e-01	1.042478e+00	7.584559e-02	2.342590e-09	2.111100e-09	5.655166e-13	4.497372e-09	2.983464e-12	
20  3.92263	2.244484e+00	1.165678e-01	1.042476e+00	7.594640e-02	2.341991e-09	2.112067e-09	7.106110e-13	4.504840e-09	3.402069e-12	
9  3.51689	2.244512e+00	1.165498e-01	1.042476e+00	7.589822e-02	2.343810e-09	2.111337e-09	2.565478e-13	4.517124e-09	2.331956e-12	
101  1.80877	2.244464e+00	1.165377e-01	1.042479e+00	7.584122e-02	2.343802e-09	2.110922e-09	4.634467e-13	4.516713e-09	2.557078e-12	
31  2.49336	2.244359e+00	1.165610e-01	1.042482e+00	7.576835e-02	2.343320e-09	2.111004e-09	3.497048e-13	4.525538e-09	2.612499e-12	
40  3.96627	2.244539e+00	1.165646e-01	1.042477e+00	7.579199e-02	2.345299e-09	2.111422e-09	6.791005e-13	4.525362e-09	3.136707e-12	
11  3.1168	2.244515e+00	1.165683e-01	1.042474e+00	7.585502e-02	2.345754e-09	2.112269e-09	6.163655e-13	4.527301e-09	2.513866e-12	
30  2.49076	2.244351e+00	1.165561e-01	1.042471e+00	7.593330e-02	2.346258e-09	2.111858e-09	2.516361e-13	4.526086e-09	9.444603e-13	
19  4.67987	2.244143e+00	1.165648e-01	1.042474e+00	7.594284e-02	2.345883e-09	2.112811e-09	7.108076e-13	4.520881e-09	2.227743e-12	
57  3.7028	2.244281e+00	1.165448e-01	1.042478e+00	7.610256e-02	2.346511e-09	2.113358e-09	5.123586e-13	4.530107e-09	1.595390e-12	
3  7.51998	2.244237e+00	1.165427e-01	1.042475e+00	7.605931e-02	2.347253e-09	2.113769e-09	4.029809e-13	4.524534e-09	6.559949e-13	
10  4.93709	2.244540e+00	1.165631e-01	1.042476e+00	7.626105e-02	2.347674e-09	2.112720e-09	7.389487e-13	4.532144e-09	3.082813e-12	
29  1.46545	2.244630e+00	1.165428e-01	1.042474e+00	7.622043e-02	2.346793e-09	2.113148e-09	4.236732e-13	4.536361e-09	2.169957e-12	
30  0.94865	2.244586e+00	1.165456e-01	1.042474e+00	7.615764e-02	2.346816e-09	2.111873e-09	3.610058e-13	4.539466e-09	2.055186e-12	
20  1.92169	2.244533e+00	1.165723e-01	1.042475e+00	7.624533e-02	2.347986e-09	2.112572e-09	3.925944e-13	4.531079e-09	1.610200e-12	
174  3.32767	2.244296e+00	1.165153e-01	1.042476e+00	7.626894e-02	2.347628e-09	2.112088e-09	3.440051e-13	4.527999e-09	1.195716e-12	
3  0.756514	2.244583e+00	1.164953e-01	1.042471e+00	7.634411e-02	2.347479e-09	2.111924e-09	2.858133e-13	4.515918e-09	1.612280e-12	
44  1.36138	2.244537e+00	1.165334e-01	1.042472e+00	7.632897e-02	2.347359e-09	2.111388e-09	2.373213e-13	4.517840e-09	1.223519e-12	
207  1.86454	2.244555e+00	1.165770e-01	1.042473e+00	7.635028e-02	2.346611e-09	2.111335e-09	2.729982e-13	4.505206e-09	1.344707e-12	
3  0.836801	2.244352e+00	1.165607e-01	1.042476e+00	7.628614e-02	2.347817e-09	2.112841e-09	2.182169e-13	4.507457e-09	1.381102e-12	
2  3.65569	2.244212e+00	1.165898e-01	1.042478e+00	7.638488e-02	2.347830e-09	2.112554e-09	5.450683e-13	4.503691e-09	2.782007e-12	
37  2.31233	2.244125e+00	1.165852e-01	1.042481e+00	7.623703e-02	2.346870e-09	2.113070e-09	4.673442e-13	4.508377e-09	2.700044e-12	
10  2.80576	2.244500e+00	1.165165e-01	1.042478e+00	7.631676e-02	2.346204e-09	2.113354e-09	5.597559e-13	4.503258e-09	2.824037e-12	
6  4.62677	2.244698e+00	1.165315e-01	1.042475e+00	7.624623e-02	2.346233e-09	2.113881e-09	5.524271e-13	4.497490e-09	3.375936e-12	
31  4.09403	2.244976e+00	1.165337e-01	1.042472e+00	7.617706e-02	2.344578e-09	2.113190e-09	5.876409e-13	4.494358e-09	3.400647e-12	
41  5.04804	2.244741e+00	1.165314e-01	1.042470e+00	7.618183e-02	2.346590e-09	2.112009e-09	1.498553e-13	4.494631e-09	1.695477e-12	
10  4.12557	2.244763e+00	1.165478e-01	1.042469e+00	7.630463e-02	2.345651e-09	2.112280e-09	6.628925e-13	4.505240e-09	2.699084e-12	
7  2.06049	2.245071e+00	1.165625e-01	1.042467e+00	7.618881e-02	2.346349e-09	2.112350e-09	3.641945e-13	4.509563e-09	2.545127e-12	
70  1.98078	2.244822e+00	1.165314e-01	1.042470e+00	7.613597e-02	2.347166e-09	2.113721e-09	3.397782e-13	4.509572e-09	1.702781e-12	
29  3.07105	2.244609e+00	1.165145e-01	1.042472e+00	7.627774e-02	2.348564e-09	2.112236e-09	2.536560e-13	4.521585e-09	8.624077e-13	
10  3.18529	2.244240e+00	1.165044e-01	1.042478e+00	7.617582e-02	2.348113e-09	2.111757e-09	3.640887e-13	4.524035e-09	1.355501e-12	
2  0.812573	2.244430e+00	1.165299e-01	1.042480e+00	7.617641e-02	2.347108e-09	2.110988e-09	2.478013e-13	4.519943e-09	1.893863e-12	
1  1.86231	2.244182e+00	1.165196e-01	1.042480e+00	7.607107e-02	2.346590e-09	2.111996e-09	4.427573e-13	4.521017e-09	2.326653e-12	
41  2.5412	2.244544e+00	1.164904e-01	1.042480e+00	7.600832e-02	2.347496e-09	2.112572e-09	1.864009e-13	4.523282e-09	1.347361e-12	
93  3.55642	2.244429e+00	1.164908e-01	1.042482e+00	7.585154e-02	2.347967e-09	2.112714e-09	3.419836e-13	4.504144e-09	2.476493e-12	
24  3.78807	2.244207e+00	1.165019e-01	1.042487e+00	7.594120e-02	2.347186e-09	2.113160e-09	5.877832e-13	4.503599e-09	2.257586e-12	
8  4.21369	2.244187e+00	1.165195e-01	1.042485e+00	7.581144e-02	2.347745e-09	2.113121e-09	5.335903e-13	4.496640e-09	2.875502e-12	
18  3.07279	2.244416e+00	1.164695e-01	1.042482e+00	7.578598e-02	2.347772e-09	2.112778e-09	3.427111e-13	4.499815e-09	2.207319e-12	
6  3.44085	2.244019e+00	1.165005e-01	1.042478e+00	7.581118e-02	2.346391e-09	2.112594e-09	4.863216e-13	4.503946e-09	1.730775e-12	
12  4.63671	2.243919e+00	1.165112e-01	1.042478e+00	7.593793e-02	2.346333e-09	2.113243e-09	3.669985e-13	4.508123e-09	2.700583e-12	
45  3.81249	2.243847e+00	1.165066e-01	1.042477e+00	7.585766e-02	2.346918e-09	2.112903e-09	2.329431e-13	4.509815e-09	9.254115e-13	
131  3.22169	2.243556e+00	1.164930e-01	1.042476e+00	7.579280e-02	2.347074e-09	2.112339e-09	4.462587e-13	4.512715e-09	1.669631e-12	
11  7.50853	2.243538e+00	1.164988e-01	1.042482e+00	7.564274e-02	2.348378e-09	2.111815e-09	4.388799e-13	4.516254e-09	8.771703e-13	
7  0.414503	2.243697e+00	1.165173e-01	1.042478e+00	7.563357e-02	2.348020e-09	2.109052e-09	2.051930e-13	4.519924e-09	1.497012e-12	
247  0.691637	2.243749e+00	1.165023e-01	1.042476e+00	7.585566e-02	2.349348e-09	2.109364e-09	1.986809e-13	4.540834e-09	1.495401e-12	
55  2.34934	2.243646e+00	1.164899e-01	1.042477e+00	7.583892e-02	2.348035e-09	2.109248e-09	3.042235e-13	4.533572e-09	1.831764e-12	
25  3.38895	2.243853e+00	1.164861e-01	1.042475e+00	7.580164e-02	2.347310e-09	2.108206e-09	2.884663e-13	4.525370e-09	2.146267e-12	
7  1.47005	2.244077e+00	1.164996e-01	1.042476e+00	7.575850e-02	2.346078e-09	2.108077e-09	1.218622e-13	4.532602e-09	1.180168e-12	
52  2.66038	2.244024e+00	1.165039e-01	1.042474e+00	7.565430e-02	2.345191e-09	2.108639e-09	1.358377e-13	4.532956e-09	1.519959e-12	
113  1.11734	2.244290e+00	1.164903e-01	1.042472e+00	7.564365e-02	2.345029e-09	2.108884e-09	3.117300e-13	4.523012e-09	1.812626e-12	
93  4.43118	2.243896e+00	1.164783e-01	1.042474e+00	7.565164e-02	2.345714e-09	2.108979e-09	5.013299e-13	4.529182e-09	2.600893e-12	
6  1.03307	2.243673e+00	1.164768e-01	1.042471e+00	7.555350e-02	2.344811e-09	2.108487e-09	2.011031e-13	4.511444e-09	1.801542e-12	
59  1.78423	2.243630e+00	1.164660e-01	1.042469e+00	7.581766e-02	2.345011e-09	2.108040e-09	1.203104e-13	4.524375e-09	8.683875e-13	
70  1.83506	2.243446e+00	1.164847e-01	1.042464e+00	7.577345e-02	2.345292e-09	2.108493e-09	2.381122e-13	4.526605e-09	1.401260e-12	
54  1.68532	2.243398e+00	1.164859e-01	1.042466e+00	7.581741e-02	2.345419e-09	2.108688e-09	1.124092e-13	4.528143e-09	8.381629e-13	
299  1.68019	2.243156e+00	1.164699e-01	1.042468e+00	7.573257e-02	2.344211e-09	2.108570e-09	2.125163e-13	4.524766e-09	1.183366e-12	
81  1.67914	2.242943e+00	1.164339e-01	1.042468e+00	7.581540e-02	2.344625e-09	2.108773e-09	2.329848e-13	4.526948e-09	1.493552e-12	
3  2.23309	2.243075e+00	1.164286e-01	1.042466e+00	7.574693e-02	2.345299e-09	2.109032e-09	3.105845e-13	4.536751e-09	2.056837e-12	
24  1.3943	2.242953e+00	1.164471e-01	1.042465e+00	7.575115e-02	2.345383e-09	2.108972e-09	2.513512e-13	4.545111e-09	1.840852e-12	
88  1.51719	2.243313e+00	1.164337e-01	1.042466e+00	7.552579e-02	2.344996e-09	2.108866e-09	3.242674e-13	4.544199e-09	1.912104e-12	
41  3.45188	2.242717e+00	1.164260e-01	1.042468e+00	7.539635e-02	2.345157e-09	2.110200e-09	3.941493e-13	4.560573e-09	1.452870e-12	
139  1.30636	2.242878e+00	1.164322e-01	1.042466e+00	7.536220e-02	2.345423e-09	2.109791e-09	2.182201e-13	4.559630e-09	1.440255e-12	
71  1.43776	2.242766e+00	1.164701e-01	1.042462e+00	7.534773e-02	2.345413e-09	2.109831e-09	2.438098e-13	4.566474e-09	1.277692e-12	
17  2.9518	2.243176e+00	1.164948e-01	1.042463e+00	7.529609e-02	2.344572e-09	2.108375e-09	1.677523e-13	4.572869e-09	1.707778e-12	
42  3.20386	2.243446e+00	1.164767e-01	1.042461e+00	7.520745e-02	2.343756e-09	2.109679e-09	3.584977e-13	4.565813e-09	1.198657e-12	
46  2.26457	2.243600e+00	1.164770e-01	1.042461e+00	7.531272e-02	2.343509e-09	2.109226e-09	4.402380e-13	4.564923e-09	1.857441e-12	
32  1.26984	2.243622e+00	1.164913e-01	1.042460e+00	7.544231e-02	2.344625e-09	2.109476e-09	2.399878e-13	4.562758e-09	1.104804e-12	
33  1.28222	2.243841e+00	1.165052e-01	1.042464e+00	7.536294e-02	2.345209e-09	2.108514e-09	2.704008e-13	4.574063e-09	2.058838e-12	
12  2.80784	2.243798e+00	1.164915e-01	1.042467e+00	7.541141e-02	2.343595e-09	2.107513e-09	3.228095e-13	4.587027e-09	1.381132e-12	
3  1.21772	2.244121e+00	1.164941e-01	1.042467e+00	7.541076e-02	2.344159e-09	2.107316e-09	2.634757e-13	4.596795e-09	1.412290e-12	
52  1.62125	2.244074e+00	1.164810e-01	1.042463e+00	7.541440e-02	2.345101e-09	2.107055e-09	2.301021e-13	4.604077e-09	1.160286e-12	
82  2.30468	2.243886e+00	1.165018e-01	1.042462e+00	7.539435e-02	2.345014e-09	2.107260e-09	3.378916e-13	4.599399e-09	1.776038e-12	
36  0.840253	2.243641e+00	1.164897e-01	1.042464e+00	7.536122e-02	2.345962e-09	2.107959e-09	2.308259e-13	4.601811e-09	1.799161e-12	
13  1.8698	2.243359e+00	1.164823e-01	1.042467e+00	7.531575e-02	2.346634e-09	2.108357e-09	2.536220e-13	4.612658e-09	2.079023e-12	
59  1.45626	2.243428e+00	1.164777e-01	1.042471e+00	7.519052e-02	2.344584e-09	2.108429e-09	2.470132e-13	4.606495e-09	1.894776e-12	
64  0.995958	2.243254e+00	1.164765e-01	1.042467e+00	7.515553e-02	2.344624e-09	2.108281e-09	2.884018e-13	4.626714e-09	1.782328e-12	
97  2.158	2.243046e+00	1.164447e-01	1.042474e+00	7.492601e-02	2.344883e-09	2.108318e-09	3.484022e-13	4.620221e-09	1.763009e-12	
68  1.4774	2.243040e+00	1.164510e-01	1.042472e+00	7.522836e-02	2.343982e-09	2.108321e-09	2.203271e-13	4.630105e-09	1.784177e-12	
43  2.16021	2.243047e+00	1.164335e-01	1.042466e+00	7.541541e-02	2.344505e-09	2.109630e-09	3.279844e-13	4.630167e-09	1.321214e-12	
16  2.80034	2.242611e+00	1.164513e-01	1.042467e+00	7.534743e-02	2.343845e-09	2.110054e-09	3.828587e-13	4.623471e-09	2.310669e-12	
31  3.81215	2.242467e+00	1.164385e-01	1.042465e+00	7.544393e-02	2.344041e-09	2.108668e-09	2.885122e-13	4.624195e-09	9.509827e-13	
30  3.80605	2.242592e+00	1.164426e-01	1.042463e+00	7.544767e-02	2.343907e-09	2.108210e-09	3.775011e-13	4.633091e-09	1.509583e-12	
114  3.76891	2.242361e+00	1.164479e-01	1.042465e+00	7.541129e-02	2.344226e-09	2.108335e-09	1.479526e-13	4.624535e-09	1.666399e-12	
18  4.50585	2.241872e+00	1.164473e-01	1.042467e+00	7.543224e-02	2.344605e-09	2.107475e-09	3.553178e-13	4.614958e-09	2.284358e-12	
49  3.38694	2.242112e+00	1.164618e-01	1.042469e+00	7.541097e-02	2.344203e-09	2.106932e-09	2.640418e-13	4.615731e-09	1.433452e-12	
96  2.93471	2.242204e+00	1.164649e-01	1.042468e+00	7.515049e-02	2.345256e-09	2.106290e-09	1.723254e-13	4.623348e-09	7.694814e-13	
8  4.55973	2.242234e+00	1.164939e-01	1.042467e+00	7.504881e-02	2.345367e-09	2.107221e-09	2.205897e-13	4.621218e-09	6.417164e-13	
19  3.06105	2.242522e+00	1.164707e-01	1.042467e+00	7.509406e-02	2.345690e-09	2.107704e-09	4.057111e-13	4.617811e-09	2.199506e-12	
26  2.52862	2.242999e+00	1.164553e-01	1.042465e+00	7.499684e-02	2.346142e-09	2.108149e-09	2.773984e-13	4.603994e-09	1.096055e-12	
165  1.97209	2.243152e+00	1.164444e-01	1.042460e+00	7.503454e-02	2.345729e-09	2.107934e-09	2.400984e-13	4.606301e-09	1.905838e-12	
18  2.15295	2.243271e+00	1.164602e-01	1.042461e+00	7.506482e-02	2.346229e-09	2.107486e-09	3.593714e-13	4.613646e-09	2.189669e-12	
16  1.45913	2.243437e+00	1.164758e-01	1.042460e+00	7.510517e-02	2.345794e-09	2.108099e-09	3.310810e-13	4.606361e-09	1.617844e-12	
22  1.67055	2.243312e+00	1.165000e-01	1.042460e+00	7.513004e-02	2.345574e-09	2.109059e-09	3.313283e-13	4.600013e-09	1.760726e-12	
74  1.59923	2.243438e+00	1.165335e-01	1.042459e+00	7.519566e-02	2.344882e-09	2.107682e-09	2.399405e-13	4.601990e-09	1.977257e-12	
3  1.61504	2.243943e+00	1.165379e-01	1.042461e+00	7.507016e-02	2.344507e-09	2.107811e-09	3.889870e-13	4.588580e-09	1.781650e-12	
66  1.59807	2.243897e+00	1.165110e-01	1.042457e+00	7.491005e-02	2.344458e-09	2.105293e-09	2.654689e-13	4.589814e-09	1.405899e-12	
63  2.44911	2.243876e+00	1.164788e-01	1.042460e+00	7.492101e-02	2.344468e-09	2.105876e-09	3.538460e-13	4.595226e-09	1.695320e-12	
56  2.62046	2.243968e+00	1.164791e-01	1.042459e+00	7.495182e-02	2.343705e-09	2.105629e-09	2.164720e-13	4.600873e-09	2.099103e-12	
17  3.23921	2.243623e+00	1.164694e-01	1.042459e+00	7.498761e-02	2.343179e-09	2.105529e-09	3.100932e-13	4.605181e-09	2.464029e-12	
56  2.85941	2.243697e+00	1.164288e-01	1.042459e+00	7.499129e-02	2.341438e-09	2.107626e-09	1.590048e-13	4.604787e-09	7.521487e-13	
21  2.36441	2.243898e+00	1.164063e-01	1.042459e+00	7.495726e-02	2.341933e-09	2.108206e-09	3.845071e-13	4.599679e-09	1.516605e-12	
4  3.89068	2.244327e+00	1.164336e-01	1.042459e+00	7.500100e-02	2.340985e-09	2.108477e-09	4.271651e-13	4.613409e-09	2.763804e-12	
67  4.53919	2.244613e+00	1.164283e-01	1.042462e+00	7.493254e-02	2.340658e-09	2.106936e-09	5.879378e-13	4.611557e-09	3.313458e-12	
52  4.09759	2.244265e+00	1.164137e-01	1.042464e+00	7.472073e-02	2.339241e-09	2.107246e-09	5.279106e-13	4.614331e-09	1.587276e-12	
2  4.42801	2.244787e+00	1.164165e-01	1.042469e+00	7.477934e-02	2.339313e-09	2.107029e-09	5.072191e-13	4.601143e-09	1.394961e-12	
1  1.44209	2.244769e+00	1.164539e-01	1.042469e+00	7.479634e-02	2.339532e-09	2.107034e-09	4.185024e-13	4.600286e-09	2.072967e-12	
5  1.67587	2.245021e+00	1.164325e-01	1.042466e+00	7.469551e-02	2.339770e-09	2.106157e-09	4.531470e-13	4.596638e-09	2.249054e-12	
22  2.43684	2.244967e+00	1.164179e-01	1.042470e+00	7.463336e-02	2.340179e-09	2.106389e-09	2.130424e-13	4.612336e-09	1.613488e-12	
27  1.57632	2.245056e+00	1.163960e-01	1.042468e+00	7.472521e-02	2.340439e-09	2.106643e-09	3.363386e-13	4.605902e-09	2.136984e-12	
3  2.11787	2.245382e+00	1.163546e-01	1.042465e+00	7.478494e-02	2.340387e-09	2.105651e-09	3.351569e-13	4.592648e-09	1.290066e-12	
81  1.37937	2.245681e+00	1.163457e-01	1.042465e+00	7.488165e-02	2.340328e-09	2.106024e-09	3.730450e-13	4.617495e-09	1.635469e-12	
10  0.803289	2.245401e+00	1.163737e-01	1.042467e+00	7.498929e-02	2.338985e-09	2.106740e-09	3.613656e-13	4.620132e-09	1.747386e-12	
14  1.35145	2.245332e+00	1.163724e-01	1.042464e+00	7.510216e-02	2.339768e-09	2.107088e-09	4.088892e-13	4.614761e-09	2.385061e-12	
28  0.654308	2.245578e+00	1.163688e-01	1.042464e+00	7.506037e-02	2.339884e-09	2.105648e-09	1.624445e-13	4.609433e-09	1.214199e-12	
27  2.90715	2.245808e+00	1.163772e-01	1.042462e+00	7.485520e-02	2.340009e-09	2.105517e-09	5.280573e-13	4.606497e-09	2.317376e-12	
19  1.8489	2.246277e+00	1.163804e-01	1.042462e+00	7.485468e-02	2.340645e-09	2.105623e-09	4.500816e-13	4.615718e-09	2.545399e-12	
32  2.21561	2.246237e+00	1.163576e-01	1.042463e+00	7.491297e-02	2.339702e-09	2.105679e-09	4.381110e-13	4.607276e-09	2.728308e-12	
12  1.55804	2.246019e+00	1.164142e-01	1.042461e+00	7.491403e-02	2.337792e-09	2.105490e-09	3.364338e-13	4.606612e-09	1.349487e-12	
16  2.95294	2.246160e+00	1.164228e-01	1.042462e+00	7.512307e-02	2.338350e-09	2.106339e-09	3.306985e-13	4.597430e-09	2.689712e-12	
54  0.414024	2.245942e+00	1.163890e-01	1.042464e+00	7.518343e-02	2.338629e-09	2.107122e-09	2.843555e-13	4.587742e-09	1.482186e-12	
23  0.496336	2.246031e+00	1.163702e-01	1.042468e+00	7.518601e-02	2.338882e-09	2.107157e-09	2.262208e-13	4.578221e-09	1.481853e-12	
24  2.75399	2.246187e+00	1.163442e-01	1.042463e+00	7.541280e-02	2.338186e-09	2.108268e-09	5.593846e-13	4.578801e-09	3.073504e-12	
97  1.46129	2.246010e+00	1.163349e-01	1.042461e+00	7.546153e-02	2.336892e-09	2.107416e-09	4.455268e-13	4.584971e-09	2.205223e-12	
2  1.5124	2.246182e+00	1.163213e-01	1.042462e+00	7.565369e-02	2.335450e-09	2.107716e-09	3.550462e-13	4.602351e-09	2.473443e-12	
75  1.80373	2.246481e+00	1.163071e-01	1.042466e+00	7.556474e-02	2.335210e-09	2.107130e-09	4.155839e-13	4.613434e-09	1.839693e-12	
5  2.48169	2.246433e+00	1.162963e-01	1.042466e+00	7.564077e-02	2.335082e-09	2.108286e-09	3.013030e-13	4.607512e-09	2.465451e-12	
60  0.98113	2.246535e+00	1.162758e-01	1.042463e+00	7.549546e-02	2.335285e-09	2.107926e-09	4.496571e-13	4.632436e-09	2.093165e-12	
95  2.4025	2.246432e+00	1.162337e-01	1.042464e+00	7.556309e-02	2.334643e-09	2.107785e-09	5.827103e-13	4.643660e-09	2.564950e-12	
2  4.78546	2.246668e+00	1.162076e-01	1.042464e+00	7.546971e-02	2.334391e-09	2.108111e-09	1.533047e-13	4.648863e-09	1.324743e-12	
2  0.999278	2.246940e+00	1.161891e-01	1.042461e+00	7.540078e-02	2.334149e-09	2.107147e-09	2.586420e-13	4.655816e-09	1.249119e-12	
299  0.81033	2.247354e+00	1.161681e-01	1.042458e+00	7.545089e-02	2.335472e-09	2.107194e-09	3.680926e-13	4.653587e-09	1.732975e-12	
3  1.20361	2.247224e+00	1.161837e-01	1.042457e+00	7.554371e-02	2.335697e-09	2.108012e-09	3.095178e-13	4.655203e-09	2.077361e-12	
23  2.26757	2.247078e+00	1.161800e-01	1.042458e+00	7.566098e-02	2.334978e-09	2.108025e-09	5.813269e-13	4.662569e-09	2.602444e-12	
23  1.85668	2.247033e+00	1.161745e-01	1.042455e+00	7.565078e-02	2.336211e-09	2.108154e-09	5.119850e-13	4.646936e-09	2.604089e-12	
30  1.749	2.247066e+00	1.162151e-01	1.042456e+00	7.577493e-02	2.335859e-09	2.108393e-09	4.065115e-13	4.649132e-09	1.519377e-12	
25  1.48043	2.247226e+00	1.162451e-01	1.042456e+00	7.590680e-02	2.334964e-09	2.108506e-09	4.714959e-13	4.658197e-09	2.511242e-12	
130  1.11533	2.247139e+00	1.162542e-01	1.042456e+00	7.603530e-02	2.336164e-09	2.109781e-09	4.120475e-13	4.648546e-09	1.664265e-12	
18  3.34508	2.247454e+00	1.162350e-01	1.042453e+00	7.595617e-02	2.336628e-09	2.110283e-09	5.982006e-13	4.634800e-09	3.280010e-12	
2  2.28712	2.247169e+00	1.162528e-01	1.042451e+00	7.590472e-02	2.337334e-09	2.108443e-09	5.130331e-13	4.628378e-09	2.631679e-12	
11  1.90293	2.246936e+00	1.162473e-01	1.042454e+00	7.598681e-02	2.339332e-09	2.107302e-09	2.162400e-13	4.628740e-09	1.834602e-12	
27  2.75423	2.247141e+00	1.162664e-01	1.042455e+00	7.570439e-02	2.340103e-09	2.106686e-09	3.572940e-13	4.628751e-09	1.657128e-12	
1  1.83194	2.247430e+00	1.162260e-01	1.042458e+00	7.553260e-02	2.340215e-09	2.107370e-09	3.220537e-13	4.634506e-09	1.250488e-12	
63  2.09969	2.247695e+00	1.162611e-01	1.042455e+00	7.535987e-02	2.339318e-09	2.106642e-09	2.648092e-13	4.634985e-09	2.180662e-12	
14  1.30816	2.247758e+00	1.163070e-01	1.042457e+00	7.535918e-02	2.338907e-09	2.107401e-09	3.915920e-13	4.644138e-09	2.378122e-12	
105  1.33187	2.247946e+00	1.163087e-01	1.042456e+00	7.545416e-02	2.338246e-09	2.107131e-09	4.607716e-13	4.644769e-09	2.419099e-12	
72  2.67589	2.248053e+00	1.162973e-01	1.042451e+00	7.549275e-02	2.336109e-09	2.109312e-09	4.259208e-13	4.640841e-09	2.279674e-12	
14  2.12044	2.247645e+00	1.163270e-01	1.042453e+00	7.560941e-02	2.337137e-09	2.108869e-09	5.771934e-13	4.651637e-09	1.940367e-12	
35  1.5984	2.247396e+00	1.163361e-01	1.042454e+00	7.565090e-02	2.337800e-09	2.107143e-09	3.357251e-13	4.653988e-09	1.405927e-12	
5  1.62111	2.247214e+00	1.163669e-01	1.042454e+00	7.574256e-02	2.338065e-09	2.106198e-09	2.421657e-13	4.656918e-09	1.558383e-12	
58  3.63922	2.247075e+00	1.163756e-01	1.042452e+00	7.560527e-02	2.337125e-09	2.107274e-09	5.017655e-13	4.670318e-09	1.520201e-12	
13  3.43296	2.247280e+00	1.163730e-01	1.042449e+00	7.576493e-02	2.336627e-09	2.107201e-09	5.664115e-13	4.678255e-09	2.896990e-12	
22  1.92066	2.246988e+00	1.164082e-01	1.042450e+00	7.572393e-02	2.336407e-09	2.106535e-09	2.898404e-13	4.679458e-09	2.116424e-12	
116  1.79057	2.247333e+00	1.164346e-01	1.042449e+00	7.570962e-02	2.337756e-09	2.106157e-09	2.758185e-13	4.684819e-09	1.525776e-12	
23  1.45255	2.247595e+00	1.164329e-01	1.042449e+00	7.577358e-02	2.337201e-09	2.107308e-09	3.654677e-13	4.678297e-09	2.236741e-12	
10  1.8635	2.247498e+00	1.164626e-01	1.042452e+00	7.564356e-02	2.336744e-09	2.107218e-09	4.594757e-13	4.673106e-09	2.609525e-12	
7  1.76809	2.247366e+00	1.164451e-01	1.042451e+00	7.558684e-02	2.338825e-09	2.108362e-09	4.904181e-13	4.681474e-09	2.697424e-12	
18  2.54465	2.247330e+00	1.164276e-01	1.042449e+00	7.564535e-02	2.339258e-09	2.107747e-09	3.519503e-13	4.672768e-09	2.577791e-12	
48  2.17843	2.247428e+00	1.164415e-01	1.042448e+00	7.546525e-02	2.339930e-09	2.107597e-09	5.978493e-13	4.667566e-09	2.297545e-12	
56  0.9125	2.247369e+00	1.164492e-01	1.042448e+00	7.549953e-02	2.339350e-09	2.106920e-09	3.469833e-13	4.660905e-09	1.600315e-12	
32  1.31326	2.247193e+00	1.164691e-01	1.042449e+00	7.546810e-02	2.339026e-09	2.107138e-09	3.543721e-13	4.664609e-09	2.306926e-12	
7  1.76583	2.247357e+00	1.164610e-01	1.042450e+00	7.554713e-02	2.339125e-09	2.107666e-09	2.238881e-13	4.673678e-09	1.065466e-12	
84  1.58649	2.247128e+00	1.164966e-01	1.042448e+00	7.562284e-02	2.339373e-09	2.106881e-09	2.884208e-13	4.676068e-09	2.075311e-12	
48  1.25385	2.247057e+00	1.164810e-01	1.042447e+00	7.561698e-02	2.339296e-09	2.107517e-09	2.750163e-13	4.682393e-09	1.929999e-12	
21  2.58305	2.247159e+00	1.164484e-01	1.042448e+00	7.584132e-02	2.339644e-09	2.108398e-09	2.974313e-13	4.675335e-09	2.333778e-12	
20  1.11839	2.247059e+00	1.164403e-01	1.042444e+00	7.585044e-02	2.340123e-09	2.108832e-09	2.672983e-13	4.672643e-09	1.799184e-12	
9  2.1112	2.247285e+00	1.164054e-01	1.042447e+00	7.586909e-02	2.340534e-09	2.110253e-09	2.913526e-13	4.682441e-09	1.793063e-12	
6  4.7268	2.247321e+00	1.164178e-01	1.042448e+00	7.575498e-02	2.339736e-09	2.110557e-09	2.298547e-13	4.686065e-09	1.308633e-12	
67  4.74683	2.247327e+00	1.164444e-01	1.042447e+00	7.579724e-02	2.340189e-09	2.111873e-09	7.965754e-13	4.692027e-09	1.995878e-12	
8  5.33708	2.247452e+00	1.164709e-01	1.042443e+00	7.567183e-02	2.339857e-09	2.111240e-09	6.369108e-13	4.686714e-09	1.288688e-12	
3  8.12914	2.247811e+00	1.165049e-01	1.042439e+00	7.582578e-02	2.339864e-09	2.110391e-09	1.659233e-13	4.689394e-09	1.050280e-12	
6  6.89861	2.247955e+00	1.164952e-01	1.042435e+00	7.563407e-02	2.339406e-09	2.110616e-09	7.916078e-13	4.687321e-09	1.094231e-12	
9  6.20023	2.247636e+00	1.164907e-01	1.042434e+00	7.583378e-02	2.337792e-09	2.111721e-09	7.926913e-13	4.676000e-09	3.630224e-12	
2  7.39368	2.247655e+00	1.164686e-01	1.042433e+00	7.592642e-02	2.337521e-09	2.111155e-09	1.127388e-12	4.671174e-09	1.632061e-12	
20  3.06225	2.247649e+00	1.164659e-01	1.042434e+00	7.602206e-02	2.336291e-09	2.111929e-09	5.212551e-13	4.666626e-09	2.213965e-12	
54  3.10344	2.247704e+00	1.164426e-01	1.042432e+00	7.629207e-02	2.336424e-09	2.112825e-09	7.640003e-13	4.664614e-09	2.126649e-12	
4  3.53689	2.247972e+00	1.165221e-01	1.042435e+00	7.636096e-02	2.337232e-09	2.113302e-09	7.159094e-13	4.661065e-09	1.833217e-12	
35  3.06863	2.247578e+00	1.165040e-01	1.042436e+00	7.632277e-02	2.337195e-09	2.113250e-09	5.560718e-13	4.658942e-09	1.777545e-12	
16  4.9906	2.247411e+00	1.165099e-01	1.042436e+00	7.636996e-02	2.337329e-09	2.113656e-09	9.741131e-13	4.660151e-09	1.939169e-12	
2  4.92601	2.247108e+00	1.165174e-01	1.042435e+00	7.654344e-02	2.336614e-09	2.114420e-09	9.483994e-13	4.650381e-09	1.859462e-12	
3  5.34353	2.246964e+00	1.164783e-01	1.042433e+00	7.653058e-02	2.337274e-09	2.114386e-09	1.222596e-12	4.650904e-09	2.897093e-12	
10  3.47188	2.246626e+00	1.164785e-01	1.042434e+00	7.664182e-02	2.337664e-09	2.114914e-09	5.600199e-13	4.655124e-09	2.434603e-12	
2  8.58965	2.246461e+00	1.164742e-01	1.042434e+00	7.671861e-02	2.339371e-09	2.116359e-09	1.051744e-12	4.650185e-09	1.284728e-12	
11  2.25909	2.246217e+00	1.164520e-01	1.042434e+00	7.683789e-02	2.339119e-09	2.114995e-09	6.770780e-13	4.652547e-09	2.347527e-12	
14  2.46202	2.246339e+00	1.164785e-01	1.042440e+00	7.678490e-02	2.339555e-09	2.113748e-09	6.002725e-13	4.646892e-09	1.703965e-12	
53  2.93863	2.246447e+00	1.164610e-01	1.042441e+00	7.701297e-02	2.341125e-09	2.113955e-09	5.192687e-13	4.636126e-09	3.015283e-12	
6  3.66253	2.246267e+00	1.164860e-01	1.042443e+00	7.695100e-02	2.340973e-09	2.113163e-09	5.847556e-13	4.627000e-09	3.214335e-12	
71  0.823719	2.245868e+00	1.164738e-01	1.042444e+00	7.706651e-02	2.341115e-09	2.113969e-09	3.220071e-13	4.638847e-09	1.682730e-12	
25  3.86835	2.246184e+00	1.164880e-01	1.042443e+00	7.709837e-02	2.340080e-09	2.112891e-09	5.779455e-13	4.641982e-09	2.950021e-12	
83  2.35794	2.246409e+00	1.165009e-01	1.042442e+00	7.726106e-02	2.340924e-09	2.115118e-09	6.721186e-13	4.642971e-09	2.657848e-12	
2  5.95143	2.246544e+00	1.165165e-01	1.042442e+00	7.732620e-02	2.340286e-09	2.116149e-09	6.113371e-13	4.634383e-09	3.725434e-12	
5  4.16048	2.246634e+00	1.165275e-01	1.042443e+00	7.723809e-02	2.339964e-09	2.116703e-09	1.007455e-12	4.630379e-09	2.478650e-12	
15  5.09332	2.246840e+00	1.165142e-01	1.042447e+00	7.699388e-02	2.338669e-09	2.116209e-09	9.484861e-13	4.625346e-09	1.857506e-12	
57  2.86311	2.246981e+00	1.165045e-01	1.042448e+00	7.703168e-02	2.340422e-09	2.114779e-09	6.127374e-13	4.629188e-09	3.130382e-12	
30  2.89842	2.247333e+00	1.164919e-01	1.042447e+00	7.697990e-02	2.339907e-09	2.115964e-09	6.184263e-13	4.623612e-09	2.559268e-12	
23  1.85682	2.247448e+00	1.164787e-01	1.042441e+00	7.696082e-02	2.340881e-09	2.114247e-09	6.237066e-13	4.629000e-09	2.186115e-12	
14  3.19801	2.247872e+00	1.164598e-01	1.042444e+00	7.699270e-02	2.340607e-09	2.115721e-09	4.070965e-13	4.637182e-09	1.743579e-12	
1  4.32137	2.248352e+00	1.164392e-01	1.042443e+00	7.712466e-02	2.341126e-09	2.114844e-09	3.280517e-13	4.644418e-09	2.285596e-12	
33  2.86594	2.248583e+00	1.164197e-01	1.042438e+00	7.717853e-02	2.340376e-09	2.114782e-09	3.027358e-13	4.650435e-09	1.658360e-12	
3  2.8234	2.248294e+00	1.164535e-01	1.042441e+00	7.715008e-02	2.340492e-09	2.114743e-09	5.190181e-13	4.648624e-09	2.828047e-12	
14  2.98836	2.248313e+00	1.164625e-01	1.042440e+00	7.701386e-02	2.340305e-09	2.115021e-09	6.251435e-13	4.647805e-09	2.911054e-12	
8  2.6353	2.248181e+00	1.164377e-01	1.042439e+00	7.695660e-02	2.340169e-09	2.114819e-09	5.278735e-13	4.656840e-09	1.547601e-12	
4  4.32401	2.248313e+00	1.164437e-01	1.042439e+00	7.703989e-02	2.339665e-09	2.115869e-09	1.070096e-12	4.646016e-09	2.986805e-12	
14  2.42419	2.248090e+00	1.164385e-01	1.042440e+00	7.714742e-02	2.341079e-09	2.115805e-09	6.404628e-13	4.642864e-09	2.030430e-12	
15  3.22339	2.247766e+00	1.164178e-01	1.042441e+00	7.708389e-02	2.338821e-09	2.116133e-09	8.251134e-13	4.634975e-09	2.628935e-12	
6  2.79609	2.247561e+00	1.164564e-01	1.042442e+00	7.715812e-02	2.339554e-09	2.115686e-09	3.505155e-13	4.637198e-09	1.781560e-12	
32  3.55672	2.247524e+00	1.164486e-01	1.042441e+00	7.713980e-02	2.339698e-09	2.116755e-09	4.959775e-13	4.631802e-09	1.639253e-12	
13  7.28125	2.247524e+00	1.164711e-01	1.042441e+00	7.703397e-02	2.341813e-09	2.117145e-09	1.251130e-12	4.637401e-09	2.146388e-12	
3  6.54988	2.247364e+00	1.164671e-01	1.042443e+00	7.709402e-02	2.340543e-09	2.117672e-09	6.079979e-13	4.633563e-09	2.839696e-12	
7  6.06307	2.247672e+00	1.164861e-01	1.042444e+00	7.718237e-02	2.340860e-09	2.117458e-09	4.126311e-13	4.629361e-09	2.160944e-12	
5  6.13652	2.248075e+00	1.164720e-01	1.042446e+00	7.706175e-02	2.340138e-09	2.117496e-09	8.768897e-13	4.631347e-09	3.187754e-12	
8  5.01961	2.248066e+00	1.164706e-01	1.042447e+00	7.696027e-02	2.339569e-09	2.116411e-09	1.080031e-12	4.624888e-09	2.797159e-12	
10  3.0279	2.247929e+00	1.164961e-01	1.042447e+00	7.684252e-02	2.339556e-09	2.115191e-09	6.273322e-13	4.612263e-09	2.708539e-12	
9  4.40978	2.248256e+00	1.164717e-01	1.042444e+00	7.702452e-02	2.339353e-09	2.114327e-09	6.512419e-13	4.614795e-09	1.368423e-12	
3  4.09085	2.247825e+00	1.164849e-01	1.042443e+00	7.698676e-02	2.340146e-09	2.113697e-09	6.083845e-13	4.617919e-09	1.425775e-12	
17  2.97691	2.248042e+00	1.164969e-01	1.042442e+00	7.703873e-02	2.341211e-09	2.112907e-09	2.357617e-13	4.606295e-09	1.745086e-12	
14  4.27613	2.248043e+00	1.165095e-01	1.042442e+00	7.703195e-02	2.341103e-09	2.111792e-09	3.809649e-13	4.607876e-09	1.351024e-12	
33  5.73941	2.247845e+00	1.164798e-01	1.042435e+00	7.721446e-02	2.339764e-09	2.110677e-09	1.777080e-13	4.603680e-09	1.511455e-12	
16  6.74967	2.247740e+00	1.164659e-01	1.042435e+00	7.724055e-02	2.339514e-09	2.110337e-09	1.403836e-13	4.615538e-09	1.176028e-12	
6  7.55227	2.247882e+00	1.164733e-01	1.042433e+00	7.719354e-02	2.339952e-09	2.110917e-09	3.330954e-13	4.619965e-09	1.157299e-12	
17  7.63123	2.248004e+00	1.164996e-01	1.042431e+00	7.706304e-02	2.340164e-09	2.110185e-09	2.308787e-13	4.617507e-09	2.233938e-12	
5  5.39737	2.248308e+00	1.164671e-01	1.042432e+00	7.707639e-02	2.339342e-09	2.110669e-09	1.718461e-13	4.615348e-09	1.503515e-12	
33  3.92057	2.248190e+00	1.164416e-01	1.042435e+00	7.693353e-02	2.339167e-09	2.110566e-09	3.296579e-13	4.615200e-09	1.509984e-12	
28  4.52253	2.248546e+00	1.164428e-01	1.042435e+00	7.684911e-02	2.339465e-09	2.110197e-09	2.207139e-13	4.616692e-09	9.591404e-13	
6  3.75892	2.248628e+00	1.164451e-01	1.042437e+00	7.675868e-02	2.340595e-09	2.110151e-09	3.915009e-13	4.624404e-09	1.685847e-12	
28  2.52325	2.248511e+00	1.164218e-01	1.042435e+00	7.648588e-02	2.341366e-09	2.110933e-09	3.340193e-13	4.613472e-09	2.346447e-12	
2  2.88844	2.248037e+00	1.164230e-01	1.042432e+00	7.639413e-02	2.341296e-09	2.111397e-09	4.984371e-13	4.615019e-09	2.946485e-12	
59  2.36942	2.248464e+00	1.164319e-01	1.042429e+00	7.642815e-02	2.341183e-09	2.111751e-09	2.553227e-13	4.603162e-09	1.483619e-12	
24  2.17787	2.248389e+00	1.164507e-01	1.042432e+00	7.643809e-02	2.342298e-09	2.111213e-09	3.392331e-13	4.611337e-09	2.259362e-12	
11  2.95169	2.248367e+00	1.164617e-01	1.042432e+00	7.658716e-02	2.342058e-09	2.112414e-09	7.809626e-13	4.607534e-09	2.572053e-12	
3  2.61441	2.248262e+00	1.164695e-01	1.042432e+00	7.657526e-02	2.341460e-09	2.113197e-09	5.186195e-13	4.617342e-09	1.434891e-12	
39  2.41166	2.248358e+00	1.164614e-01	1.042434e+00	7.634695e-02	2.340992e-09	2.112992e-09	5.604703e-13	4.610680e-09	1.896318e-12	
31  1.8316	2.248324e+00	1.164593e-01	1.042437e+00	7.644833e-02	2.340655e-09	2.112399e-09	6.306103e-13	4.607281e-09	2.349861e-12	
17  2.35175	2.248273e+00	1.164765e-01	1.042440e+00	7.644028e-02	2.340368e-09	2.112924e-09	4.785192e-13	4.607507e-09	1.538864e-12	
24  2.7104	2.248024e+00	1.164828e-01	1.042440e+00	7.642092e-02	2.340741e-09	2.112968e-09	7.557820e-13	4.612532e-09	2.288707e-12	
22  2.8395	2.248026e+00	1.164610e-01	1.042437e+00	7.639702e-02	2.341864e-09	2.112491e-09	7.270199e-13	4.612700e-09	3.059807e-12	
10  3.41733	2.248506e+00	1.164474e-01	1.042434e+00	7.646651e-02	2.341241e-09	2.113146e-09	6.787903e-13	4.619866e-09	1.650344e-12	
5  1.87772	2.248375e+00	1.164643e-01	1.042432e+00	7.667104e-02	2.341774e-09	2.113244e-09	4.472663e-13	4.635607e-09	1.535333e-12	
5  4.15414	2.248688e+00	1.164782e-01	1.042426e+00	7.657806e-02	2.340718e-09	2.113080e-09	5.300726e-13	4.635245e-09	2.991261e-12	
1  3.17743	2.248636e+00	1.164404e-01	1.042427e+00	7.647424e-02	2.341483e-09	2.112765e-09	8.069848e-13	4.628596e-09	3.072866e-12	
8  2.10464	2.248652e+00	1.164515e-01	1.042424e+00	7.658062e-02	2.340783e-09	2.112628e-09	3.560716e-13	4.637723e-09	1.834393e-12	
25  2.75528	2.248955e+00	1.164390e-01	1.042424e+00	7.664497e-02	2.340605e-09	2.112466e-09	7.722756e-13	4.637256e-09	2.872576e-12	
1  2.61622	2.248735e+00	1.164447e-01	1.042423e+00	7.674490e-02	2.340760e-09	2.113349e-09	5.202082e-13	4.636323e-09	2.647366e-12	
67  1.7196	2.248566e+00	1.164175e-01	1.042424e+00	7.692411e-02	2.339975e-09	2.112345e-09	3.982350e-13	4.634830e-09	2.167385e-12	
33  1.70186	2.248523e+00	1.163781e-01	1.042420e+00	7.683555e-02	2.340174e-09	2.112728e-09	3.795511e-13	4.631513e-09	2.120610e-12	
1  5.41257	2.248707e+00	1.163991e-01	1.042420e+00	7.685475e-02	2.340773e-09	2.114357e-09	2.800415e-13	4.610784e-09	1.849502e-12	
4  5.87631	2.248749e+00	1.164134e-01	1.042422e+00	7.682747e-02	2.341374e-09	2.113020e-09	1.850630e-13	4.619303e-09	6.181201e-13	
1  7.85681	2.248449e+00	1.164085e-01	1.042422e+00	7.690216e-02	2.341495e-09	2.113794e-09	2.161195e-13	4.616763e-09	1.942092e-12	
1  6.20227	2.248450e+00	1.163934e-01	1.042424e+00	7.706303e-02	2.342428e-09	2.113545e-09	6.741846e-13	4.617513e-09	3.892726e-12	
12  6.04662	2.248591e+00	1.164051e-01	1.042420e+00	7.701879e-02	2.342522e-09	2.113828e-09	9.833980e-13	4.611871e-09	4.099387e-12	
19  4.79841	2.249015e+00	1.163756e-01	1.042419e+00	7.705634e-02	2.342653e-09	2.113859e-09	7.007562e-13	4.615877e-09	3.613531e-12	
15  3.75445	2.249371e+00	1.163803e-01	1.042419e+00	7.699235e-02	2.341925e-09	2.113795e-09	3.004956e-13	4.620971e-09	8.926055e-13	
11  3.38824	2.249507e+00	1.163683e-01	1.042420e+00	7.705535e-02	2.342202e-09	2.115036e-09	3.958585e-13	4.618496e-09	1.244583e-12	
4  3.25134	2.249294e+00	1.163648e-01	1.042420e+00	7.694493e-02	2.342294e-09	2.114326e-09	3.034094e-13	4.613223e-09	1.530874e-12	
5  3.04699	2.249316e+00	1.163489e-01	1.042423e+00	7.690759e-02	2.342336e-09	2.113980e-09	7.193363e-13	4.614455e-09	1.950746e-12	
52  2.86751	2.249207e+00	1.163518e-01	1.042425e+00	7.688117e-02	2.343331e-09	2.113061e-09	6.491502e-13	4.620860e-09	1.946101e-12	
84  1.93344	2.249086e+00	1.163092e-01	1.042426e+00	7.691478e-02	2.344857e-09	2.113466e-09	3.697768e-13	4.617716e-09	1.280641e-12	
8  3.88005	2.248990e+00	1.163035e-01	1.042423e+00	7.672668e-02	2.345928e-09	2.114017e-09	4.196874e-13	4.624101e-09	2.507446e-12	
38  4.27611	2.249134e+00	1.162760e-01	1.042423e+00	7.673171e-02	2.345240e-09	2.115267e-09	4.573653e-13	4.621919e-09	1.691431e-12	
6  4.17193	2.249141e+00	1.162879e-01	1.042421e+00	7.676404e-02	2.344505e-09	2.114134e-09	5.927386e-13	4.609239e-09	1.259717e-12	
39  3.21584	2.249314e+00	1.163206e-01	1.042424e+00	7.681763e-02	2.343642e-09	2.114711e-09	5.555972e-13	4.599826e-09	2.506738e-12	
2  4.08365	2.249748e+00	1.162830e-01	1.042429e+00	7.682755e-02	2.343380e-09	2.113726e-09	8.034981e-13	4.585593e-09	3.411928e-12	
5  2.73369	2.249600e+00	1.162698e-01	1.042433e+00	7.697801e-02	2.343376e-09	2.113789e-09	2.518297e-13	4.579738e-09	1.200726e-12	
19  1.8746	2.249383e+00	1.162665e-01	1.042433e+00	7.697257e-02	2.343098e-09	2.114492e-09	4.867232e-13	4.586850e-09	2.057584e-12	
10  6.78839	2.249436e+00	1.162538e-01	1.042429e+00	7.709818e-02	2.344434e-09	2.115761e-09	1.301299e-12	4.592424e-09	3.773526e-12	
41  4.95395	2.249168e+00	1.162607e-01	1.042427e+00	7.730886e-02	2.344518e-09	2.114586e-09	3.418993e-13	4.607265e-09	2.662411e-12	
25  3.48788	2.249445e+00	1.162689e-01	1.042428e+00	7.743178e-02	2.343207e-09	2.114462e-09	6.882881e-13	4.599273e-09	2.877057e-12	
2  3.35311	2.249035e+00	1.162745e-01	1.042430e+00	7.744699e-02	2.343499e-09	2.115913e-09	4.380804e-13	4.601256e-09	1.129607e-12	
11  2.96057	2.249092e+00	1.162473e-01	1.042435e+00	7.762144e-02	2.344253e-09	2.116587e-09	6.645947e-13	4.581042e-09	2.991110e-12	
51  3.29513	2.249290e+00	1.162581e-01	1.042433e+00	7.774823e-02	2.343571e-09	2.117497e-09	7.415435e-13	4.576875e-09	3.079428e-12	
42  2.57675	2.249329e+00	1.162631e-01	1.042429e+00	7.785686e-02	2.342961e-09	2.116631e-09	5.628506e-13	4.577442e-09	1.917839e-12	
6  3.45849	2.249250e+00	1.162660e-01	1.042430e+00	7.794015e-02	2.343191e-09	2.116896e-09	2.379172e-13	4.577315e-09	1.613940e-12	
14  4.81164	2.249429e+00	1.162221e-01	1.042431e+00	7.798811e-02	2.343088e-09	2.116802e-09	8.667643e-13	4.569872e-09	3.061974e-12	
33  2.39478	2.249318e+00	1.162282e-01	1.042433e+00	7.790737e-02	2.342900e-09	2.116827e-09	4.973368e-13	4.578944e-09	1.745009e-12	
7  4.33903	2.248889e+00	1.162340e-01	1.042432e+00	7.799887e-02	2.343062e-09	2.117193e-09	3.305206e-13	4.588658e-09	2.491278e-12	
14  2.78884	2.249147e+00	1.162247e-01	1.042429e+00	7.805823e-02	2.343277e-09	2.118131e-09	5.149759e-13	4.576236e-09	1.540308e-12	
21  3.56718	2.249029e+00	1.162091e-01	1.042426e+00	7.790510e-02	2.342748e-09	2.118154e-09	6.998814e-13	4.588415e-09	1.760472e-12	
81  2.51478	2.249112e+00	1.162002e-01	1.042427e+00	7.786233e-02	2.343777e-09	2.117487e-09	6.471417e-13	4.589316e-09	2.226447e-12	
34  2.48812	2.249203e+00	1.162370e-01	1.042431e+00	7.776359e-02	2.344076e-09	2.118060e-09	4.856617e-13	4.582957e-09	1.845800e-12	
38  3.92695	2.249109e+00	1.162512e-01	1.042429e+00	7.768307e-02	2.344219e-09	2.118801e-09	5.646979e-13	4.582518e-09	1.744813e-12	
2  5.44288	2.249303e+00	1.163013e-01	1.042432e+00	7.745551e-02	2.343558e-09	2.118308e-09	8.604095e-13	4.580351e-09	3.178213e-12	
3  6.49233	2.249603e+00	1.162632e-01	1.042433e+00	7.758326e-02	2.344135e-09	2.118147e-09	1.310484e-12	4.599505e-09	3.494163e-12	
1  7.89976	2.249983e+00	1.162419e-01	1.042430e+00	7.765620e-02	2.344635e-09	2.118443e-09	1.074758e-12	4.604380e-09	4.325521e-12	
9  6.77974	2.250486e+00	1.162808e-01	1.042433e+00	7.771366e-02	2.345171e-09	2.118524e-09	8.235137e-13	4.604295e-09	3.736160e-12	
19  5.60268	2.250478e+00	1.163108e-01	1.042431e+00	7.768332e-02	2.345272e-09	2.117677e-09	8.566008e-13	4.606540e-09	1.605798e-12	
28  4.72433	2.250792e+00	1.163003e-01	1.042432e+00	7.779516e-02	2.344485e-09	2.118311e-09	9.938587e-13	4.620390e-09	2.719837e-12	
8  3.72719	2.250988e+00	1.163101e-01	1.042435e+00	7.797984e-02	2.344917e-09	2.118531e-09	7.826097e-13	4.612508e-09	2.509526e-12	
11  3.21208	2.250820e+00	1.162802e-01	1.042436e+00	7.807236e-02	2.344256e-09	2.117280e-09	6.472950e-13	4.594805e-09	2.264401e-12	
