5  23.3893	2.245141e+00	1.162504e-01	1.042495e+00	7.557028e-02	2.342274e-09	2.107149e-09	1.130893e-12	4.506594e-09	2.129053e-12	
11  15.3322	2.245043e+00	1.162718e-01	1.042500e+00	7.557768e-02	2.341787e-09	2.106414e-09	6.648871e-13	4.496595e-09	2.228226e-12	
1  16.5448	2.244995e+00	1.162761e-01	1.042499e+00	7.560096e-02	2.342019e-09	2.107016e-09	9.681195e-13	4.487957e-09	3.692215e-12	
2  7.39393	2.245105e+00	1.162586e-01	1.042498e+00	7.562828e-02	2.342518e-09	2.106807e-09	4.369010e-13	4.487106e-09	2.419857e-12	
8  6.35814	2.244723e+00	1.162742e-01	1.042500e+00	7.555733e-02	2.341694e-09	2.107267e-09	4.469994e-13	4.479535e-09	3.171757e-12	
4  10.0234	2.244780e+00	1.162315e-01	1.042499e+00	7.550757e-02	2.340949e-09	2.107198e-09	5.044719e-13	4.476080e-09	4.057224e-12	
4  7.20132	2.244764e+00	1.162399e-01	1.042503e+00	7.557569e-02	2.341243e-09	2.108442e-09	5.063649e-13	4.474332e-09	3.827532e-12	
1  6.9263	2.244749e+00	1.162668e-01	1.042498e+00	7.565942e-02	2.341255e-09	2.107906e-09	4.278334e-13	4.481850e-09	3.500607e-12	
9  5.82067	2.244798e+00	1.162828e-01	1.042496e+00	7.558927e-02	2.341506e-09	2.107274e-09	3.433660e-13	4.466393e-09	1.539018e-12	
139  1.36512	2.244770e+00	1.162804e-01	1.042494e+00	7.559165e-02	2.342472e-09	2.107784e-09	1.237106e-13	4.464334e-09	1.398134e-12	
15  4.67405	2.245242e+00	1.162408e-01	1.042494e+00	7.566514e-02	2.341984e-09	2.108027e-09	1.228087e-13	4.461882e-09	1.754695e-12	
42  5.00366	2.245143e+00	1.162466e-01	1.042495e+00	7.565383e-02	2.342035e-09	2.109249e-09	4.453239e-13	4.466268e-09	3.420724e-12	
7  1.692	2.245136e+00	1.162487e-01	1.042495e+00	7.563507e-02	2.342309e-09	2.109725e-09	3.691577e-13	4.459555e-09	2.522869e-12	
51  2.18223	2.244950e+00	1.162424e-01	1.042492e+00	7.573214e-02	2.342237e-09	2.111233e-09	4.397665e-13	4.461317e-09	2.500290e-12	
4  2.51889	2.244836e+00	1.162752e-01	1.042491e+00	7.554259e-02	2.343566e-09	2.111250e-09	2.167459e-13	4.461028e-09	1.468907e-12	
11  5.27622	2.245240e+00	1.162956e-01	1.042490e+00	7.552920e-02	2.343295e-09	2.110876e-09	5.492772e-13	4.462516e-09	3.507976e-12	
1  4.30977	2.245406e+00	1.163007e-01	1.042493e+00	7.563005e-02	2.343769e-09	2.110121e-09	5.092783e-13	4.463218e-09	1.789623e-12	
5  2.99978	2.245286e+00	1.162713e-01	1.042491e+00	7.561386e-02	2.343683e-09	2.109947e-09	5.000057e-13	4.466441e-09	2.338705e-12	
126  0.785402	2.245016e+00	1.162518e-01	1.042491e+00	7.562588e-02	2.343734e-09	2.109667e-09	2.812692e-13	4.455251e-09	1.632506e-12	
152  1.5534	2.245181e+00	1.162271e-01	1.042490e+00	7.577701e-02	2.344667e-09	2.110242e-09	2.991419e-13	4.458334e-09	1.482606e-12	
4  1.32057	2.244923e+00	1.162339e-01	1.042490e+00	7.572564e-02	2.343728e-09	2.109936e-09	1.925697e-13	4.459075e-09	1.023525e-12	
75  1.25534	2.244725e+00	1.162478e-01	1.042493e+00	7.570520e-02	2.343006e-09	2.110727e-09	2.166462e-13	4.448123e-09	1.814449e-12	
8  7.19668	2.244952e+00	1.162471e-01	1.042498e+00	7.562480e-02	2.342733e-09	2.111302e-09	8.469380e-13	4.450607e-09	2.739277e-12	
7  4.16102	2.245285e+00	1.162533e-01	1.042499e+00	7.581700e-02	2.344547e-09	2.112127e-09	6.215412e-13	4.449412e-09	2.813936e-12	
91  2.69793	2.245255e+00	1.162277e-01	1.042501e+00	7.572998e-02	2.344450e-09	2.112140e-09	2.927585e-13	4.454882e-09	2.057980e-12	
26  2.11914	2.245409e+00	1.162680e-01	1.042502e+00	7.582803e-02	2.344584e-09	2.112238e-09	2.543080e-13	4.454336e-09	1.447019e-12	
37  4.57085	2.245433e+00	1.162776e-01	1.042502e+00	7.571925e-02	2.343450e-09	2.112427e-09	1.997230e-13	4.469325e-09	1.369543e-12	
49  3.48205	2.245379e+00	1.163083e-01	1.042501e+00	7.571327e-02	2.344429e-09	2.112166e-09	3.167650e-13	4.460326e-09	1.274180e-12	
112  1.42501	2.245237e+00	1.163421e-01	1.042500e+00	7.579604e-02	2.344779e-09	2.111666e-09	3.214725e-13	4.446605e-09	1.651413e-12	
5  4.78509	2.245322e+00	1.163249e-01	1.042496e+00	7.584293e-02	2.345392e-09	2.112073e-09	3.858127e-13	4.453320e-09	1.127706e-12	
7  4.8961	2.245418e+00	1.163460e-01	1.042493e+00	7.572848e-02	2.346283e-09	2.111133e-09	6.930994e-13	4.456825e-09	3.066706e-12	
31  2.72691	2.245413e+00	1.163992e-01	1.042497e+00	7.568447e-02	2.346119e-09	2.111744e-09	3.546379e-13	4.463216e-09	1.449286e-12	
8  1.10807	2.245240e+00	1.164277e-01	1.042494e+00	7.588496e-02	2.346480e-09	2.111936e-09	2.614643e-13	4.468027e-09	1.527281e-12	
6  3.20158	2.244760e+00	1.164017e-01	1.042497e+00	7.598946e-02	2.346149e-09	2.113016e-09	3.138834e-13	4.458124e-09	2.461106e-12	
37  4.29199	2.244810e+00	1.163590e-01	1.042500e+00	7.602292e-02	2.348515e-09	2.112139e-09	5.837718e-13	4.463457e-09	2.825471e-12	
2  6.37415	2.244909e+00	1.163808e-01	1.042499e+00	7.619946e-02	2.349735e-09	2.113159e-09	3.924108e-13	4.454156e-09	9.896275e-13	
3  6.48457	2.244513e+00	1.163866e-01	1.042499e+00	7.615739e-02	2.350115e-09	2.112635e-09	5.390117e-13	4.449733e-09	1.708447e-12	
6  6.66553	2.244540e+00	1.164049e-01	1.042499e+00	7.611493e-02	2.349889e-09	2.112800e-09	2.906954e-13	4.435860e-09	6.802339e-13	
79  1.08344	2.244544e+00	1.163782e-01	1.042497e+00	7.605354e-02	2.350315e-09	2.112818e-09	2.545415e-13	4.432721e-09	1.602061e-12	
17  0.96299	2.244593e+00	1.163745e-01	1.042502e+00	7.600985e-02	2.350162e-09	2.112372e-09	2.580956e-13	4.447857e-09	1.615448e-12	
131  3.46773	2.244803e+00	1.163754e-01	1.042501e+00	7.584675e-02	2.350997e-09	2.112963e-09	3.925796e-13	4.453542e-09	2.564795e-12	
51  0.681487	2.244791e+00	1.163961e-01	1.042501e+00	7.590732e-02	2.350159e-09	2.111374e-09	2.132225e-13	4.447631e-09	1.356506e-12	
95  1.49288	2.244431e+00	1.164028e-01	1.042503e+00	7.591527e-02	2.349360e-09	2.111190e-09	3.306228e-13	4.447616e-09	2.064880e-12	
14  2.03296	2.243978e+00	1.164365e-01	1.042506e+00	7.565012e-02	2.349734e-09	2.111411e-09	3.536177e-13	4.453076e-09	1.960066e-12	
26  3.58788	2.244124e+00	1.164462e-01	1.042505e+00	7.568037e-02	2.349261e-09	2.112018e-09	4.423883e-13	4.447743e-09	1.844138e-12	
11  2.85109	2.244121e+00	1.164634e-01	1.042500e+00	7.562030e-02	2.349138e-09	2.111638e-09	3.893761e-13	4.454848e-09	1.717671e-12	
57  3.63621	2.244226e+00	1.164526e-01	1.042500e+00	7.566955e-02	2.348495e-09	2.111631e-09	3.925880e-13	4.450932e-09	1.472535e-12	
17  6.46705	2.244425e+00	1.164250e-01	1.042502e+00	7.566700e-02	2.347755e-09	2.112035e-09	5.140310e-13	4.443650e-09	1.391704e-12	
4  3.88204	2.244471e+00	1.164395e-01	1.042507e+00	7.581656e-02	2.347788e-09	2.113292e-09	5.215549e-13	4.444246e-09	2.674160e-12	
16  3.4596	2.244511e+00	1.164600e-01	1.042506e+00	7.581320e-02	2.348017e-09	2.113046e-09	3.706414e-13	4.436490e-09	2.583498e-12	
17  2.07164	2.244389e+00	1.164254e-01	1.042508e+00	7.576056e-02	2.346783e-09	2.111645e-09	2.551326e-13	4.434068e-09	2.198318e-12	
97  2.12332	2.244193e+00	1.164273e-01	1.042508e+00	7.577813e-02	2.346141e-09	2.111095e-09	2.104551e-13	4.441063e-09	1.015605e-12	
46  2.3647	2.244245e+00	1.163918e-01	1.042510e+00	7.584280e-02	2.345759e-09	2.110698e-09	3.929022e-13	4.437037e-09	2.621007e-12	
17  2.0493	2.244515e+00	1.163643e-01	1.042512e+00	7.590484e-02	2.346547e-09	2.111130e-09	3.398436e-13	4.433967e-09	2.611730e-12	
82  1.44112	2.244609e+00	1.163521e-01	1.042513e+00	7.586252e-02	2.347626e-09	2.111631e-09	3.423406e-13	4.438005e-09	2.203673e-12	
26  1.31178	2.244592e+00	1.163605e-01	1.042511e+00	7.577278e-02	2.347332e-09	2.111899e-09	2.642395e-13	4.432081e-09	1.885922e-12	
14  1.96684	2.244458e+00	1.163791e-01	1.042513e+00	7.568368e-02	2.347039e-09	2.112102e-09	2.427965e-13	4.428086e-09	1.680837e-12	
17  1.8919	2.244572e+00	1.163373e-01	1.042516e+00	7.565633e-02	2.347167e-09	2.111091e-09	2.319940e-13	4.418606e-09	1.223455e-12	
70  2.43817	2.244806e+00	1.163135e-01	1.042519e+00	7.575896e-02	2.347792e-09	2.109088e-09	2.856381e-13	4.415642e-09	1.914035e-12	
49  3.16451	2.245180e+00	1.163054e-01	1.042521e+00	7.588122e-02	2.347221e-09	2.107988e-09	1.236292e-13	4.418864e-09	8.687926e-13	
61  4.83309	2.245174e+00	1.162716e-01	1.042520e+00	7.570582e-02	2.346762e-09	2.108562e-09	2.284331e-13	4.408296e-09	2.700885e-12	
85  1.80379	2.245276e+00	1.162496e-01	1.042519e+00	7.562275e-02	2.346691e-09	2.110563e-09	3.055708e-13	4.408578e-09	1.641417e-12	
19  3.35203	2.245178e+00	1.162802e-01	1.042519e+00	7.561707e-02	2.346028e-09	2.109116e-09	2.583113e-13	4.398511e-09	2.686773e-12	
4  2.00908	2.245126e+00	1.162741e-01	1.042519e+00	7.563321e-02	2.345434e-09	2.109911e-09	3.624469e-13	4.394285e-09	2.546294e-12	
3  2.23956	2.245198e+00	1.162726e-01	1.042519e+00	7.546412e-02	2.345349e-09	2.109032e-09	3.526919e-13	4.391105e-09	2.611861e-12	
137  2.03332	2.244990e+00	1.163002e-01	1.042520e+00	7.527388e-02	2.344395e-09	2.107327e-09	9.311527e-14	4.401325e-09	8.689139e-13	
35  4.87831	2.245224e+00	1.163125e-01	1.042522e+00	7.527019e-02	2.343974e-09	2.107765e-09	1.418903e-13	4.391020e-09	5.765871e-13	
116  0.947313	2.245047e+00	1.163235e-01	1.042521e+00	7.525382e-02	2.343269e-09	2.108823e-09	2.153814e-13	4.400913e-09	1.343756e-12	
36  2.6227	2.245390e+00	1.163165e-01	1.042522e+00	7.529840e-02	2.343500e-09	2.109319e-09	2.250023e-13	4.400242e-09	2.266310e-12	
151  0.542007	2.245480e+00	1.162890e-01	1.042522e+00	7.547170e-02	2.342591e-09	2.109284e-09	2.709112e-13	4.408573e-09	1.765711e-12	
116  0.0789848	2.245522e+00	1.162900e-01	1.042520e+00	7.558948e-02	2.341845e-09	2.108840e-09	1.926076e-13	4.392063e-09	1.610068e-12	
15  4.47488	2.245424e+00	1.163042e-01	1.042518e+00	7.557408e-02	2.342194e-09	2.108587e-09	4.994216e-13	4.386205e-09	2.703608e-12	
92  1.87563	2.245752e+00	1.162995e-01	1.042514e+00	7.548234e-02	2.342286e-09	2.108661e-09	3.879722e-13	4.390772e-09	2.516785e-12	
23  2.52136	2.245589e+00	1.162656e-01	1.042508e+00	7.565174e-02	2.340791e-09	2.109213e-09	3.273664e-13	4.387138e-09	2.827742e-12	
17  3.39347	2.245791e+00	1.162503e-01	1.042511e+00	7.556203e-02	2.339772e-09	2.109469e-09	4.600893e-13	4.383452e-09	3.307022e-12	
11  1.11931	2.245715e+00	1.162265e-01	1.042512e+00	7.559477e-02	2.341432e-09	2.109352e-09	3.364274e-13	4.369856e-09	2.183567e-12	
19  3.62776	2.245459e+00	1.162074e-01	1.042516e+00	7.569413e-02	2.342083e-09	2.110548e-09	2.506639e-13	4.371262e-09	9.965509e-13	
6  3.94071	2.245015e+00	1.162290e-01	1.042516e+00	7.574940e-02	2.341845e-09	2.109592e-09	3.060041e-13	4.362884e-09	2.993304e-12	
40  3.67813	2.245193e+00	1.162523e-01	1.042516e+00	7.575206e-02	2.340437e-09	2.110434e-09	5.283863e-13	4.366416e-09	3.294352e-12	
11  3.67628	2.244831e+00	1.162584e-01	1.042517e+00	7.566399e-02	2.341602e-09	2.110717e-09	5.125222e-13	4.376790e-09	2.277817e-12	
6  2.1845	2.245040e+00	1.162746e-01	1.042518e+00	7.577779e-02	2.341902e-09	2.111642e-09	4.568713e-13	4.368300e-09	2.519309e-12	
23  1.93776	2.245043e+00	1.162606e-01	1.042518e+00	7.581230e-02	2.341834e-09	2.112044e-09	3.931797e-13	4.365717e-09	2.035745e-12	
5  1.58216	2.244701e+00	1.163039e-01	1.042522e+00	7.574460e-02	2.340311e-09	2.111543e-09	4.060429e-13	4.370189e-09	2.320630e-12	
16  2.13293	2.244518e+00	1.163074e-01	1.042524e+00	7.592377e-02	2.341951e-09	2.111597e-09	2.550734e-13	4.381504e-09	2.446757e-12	
7  2.2264	2.244626e+00	1.162793e-01	1.042521e+00	7.584268e-02	2.343546e-09	2.111656e-09	1.807330e-13	4.366257e-09	1.011103e-12	
1  2.91671	2.244239e+00	1.163140e-01	1.042519e+00	7.586289e-02	2.344055e-09	2.112530e-09	3.138920e-13	4.356415e-09	1.388108e-12	
25  2.09501	2.244067e+00	1.163571e-01	1.042523e+00	7.589434e-02	2.343580e-09	2.111820e-09	3.149055e-13	4.353441e-09	2.656619e-12	
7  6.53221	2.244386e+00	1.163768e-01	1.042521e+00	7.581004e-02	2.343510e-09	2.111316e-09	6.274424e-13	4.356122e-09	4.088146e-12	
7  3.46975	2.244590e+00	1.163937e-01	1.042518e+00	7.590306e-02	2.342872e-09	2.111379e-09	4.035987e-13	4.341695e-09	3.231975e-12	
33  2.01727	2.244425e+00	1.164300e-01	1.042516e+00	7.592157e-02	2.344576e-09	2.113030e-09	3.089462e-13	4.339605e-09	2.368828e-12	
20  2.56781	2.244791e+00	1.164090e-01	1.042514e+00	7.578910e-02	2.343405e-09	2.113148e-09	2.761625e-13	4.333896e-09	1.604608e-12	
2  2.82509	2.244790e+00	1.164086e-01	1.042512e+00	7.579654e-02	2.342607e-09	2.113054e-09	3.762203e-13	4.338817e-09	2.561260e-12	
28  1.87409	2.244826e+00	1.163789e-01	1.042511e+00	7.577322e-02	2.343096e-09	2.111919e-09	3.465923e-13	4.344805e-09	2.561858e-12	
21  1.03879	2.244681e+00	1.163510e-01	1.042511e+00	7.581624e-02	2.344111e-09	2.110925e-09	3.112787e-13	4.338832e-09	2.297650e-12	
37  0.939495	2.244488e+00	1.163146e-01	1.042511e+00	7.599486e-02	2.345565e-09	2.110927e-09	1.184819e-13	4.334228e-09	1.181015e-12	
4  0.652219	2.244252e+00	1.163151e-01	1.042512e+00	7.613007e-02	2.345585e-09	2.111567e-09	1.488828e-13	4.321381e-09	1.130487e-12	
75  1.80791	2.244128e+00	1.162859e-01	1.042513e+00	7.613270e-02	2.345790e-09	2.111868e-09	2.890358e-13	4.320133e-09	1.729619e-12	
125  1.49047	2.244505e+00	1.163081e-01	1.042512e+00	7.618709e-02	2.346749e-09	2.112908e-09	2.501601e-13	4.317979e-09	2.252532e-12	
15  2.11077	2.244749e+00	1.162997e-01	1.042513e+00	7.619704e-02	2.346718e-09	2.113198e-09	1.952887e-13	4.311045e-09	2.009252e-12	
10  0.540209	2.244386e+00	1.163353e-01	1.042510e+00	7.629517e-02	2.345899e-09	2.111819e-09	1.897079e-13	4.309494e-09	1.780298e-12	
3  0.545656	2.244459e+00	1.163606e-01	1.042510e+00	7.632935e-02	2.347441e-09	2.111578e-09	1.467494e-13	4.310530e-09	1.291137e-12	
53  1.83031	2.244388e+00	1.163815e-01	1.042513e+00	7.615507e-02	2.346767e-09	2.112496e-09	2.049275e-13	4.314027e-09	1.095360e-12	
267  1.63826	2.244577e+00	1.163846e-01	1.042516e+00	7.604605e-02	2.347668e-09	2.113390e-09	3.340071e-13	4.315650e-09	2.294551e-12	
18  3.00291	2.244479e+00	1.163987e-01	1.042515e+00	7.594482e-02	2.346676e-09	2.113050e-09	4.081333e-13	4.308175e-09	2.921437e-12	
6  2.73622	2.244356e+00	1.163999e-01	1.042512e+00	7.601578e-02	2.346979e-09	2.113599e-09	4.388767e-13	4.305162e-09	2.710964e-12	
5  1.51322	2.244483e+00	1.163858e-01	1.042512e+00	7.613041e-02	2.346142e-09	2.112923e-09	3.684225e-13	4.314574e-09	2.174192e-12	
121  1.77999	2.244688e+00	1.163815e-01	1.042514e+00	7.594944e-02	2.346404e-09	2.112841e-09	3.771599e-13	4.323375e-09	2.416322e-12	
215  0.765938	2.244806e+00	1.164040e-01	1.042507e+00	7.595286e-02	2.346935e-09	2.112332e-09	2.689351e-13	4.326039e-09	1.692166e-12	
15  2.07578	2.244909e+00	1.164616e-01	1.042511e+00	7.602379e-02	2.346521e-09	2.111611e-09	3.952947e-13	4.315921e-09	2.264011e-12	
4  4.05997	2.244640e+00	1.164659e-01	1.042511e+00	7.601156e-02	2.346194e-09	2.111741e-09	5.500156e-13	4.339806e-09	2.716702e-12	
58  4.32133	2.244608e+00	1.164796e-01	1.042511e+00	7.592430e-02	2.347276e-09	2.112263e-09	1.072941e-13	4.332145e-09	1.106750e-12	
2  5.1518	2.244718e+00	1.164721e-01	1.042509e+00	7.593029e-02	2.347122e-09	2.111691e-09	6.353817e-13	4.334892e-09	2.884485e-12	
40  2.19081	2.244818e+00	1.164480e-01	1.042508e+00	7.595830e-02	2.348368e-09	2.111681e-09	3.558271e-13	4.338944e-09	2.693055e-12	
77  1.86064	2.244834e+00	1.164566e-01	1.042509e+00	7.593609e-02	2.349631e-09	2.111264e-09	1.219614e-13	4.340811e-09	8.858511e-13	
13  4.09001	2.244811e+00	1.164640e-01	1.042508e+00	7.594872e-02	2.350416e-09	2.111181e-09	3.942596e-13	4.342219e-09	1.811515e-12	
9  5.7529	2.244765e+00	1.164526e-01	1.042509e+00	7.602981e-02	2.350650e-09	2.112676e-09	2.234031e-13	4.338096e-09	2.617647e-12	
15  6.19749	2.244584e+00	1.164630e-01	1.042513e+00	7.591549e-02	2.350296e-09	2.112822e-09	1.331620e-13	4.326480e-09	1.735490e-12	
49  4.16002	2.244457e+00	1.164682e-01	1.042515e+00	7.602708e-02	2.350712e-09	2.113122e-09	1.179306e-13	4.324124e-09	1.328422e-12	
11  1.7623	2.244454e+00	1.164625e-01	1.042519e+00	7.612539e-02	2.351653e-09	2.113466e-09	1.684248e-13	4.325767e-09	1.601314e-12	
30  3.28874	2.244851e+00	1.164800e-01	1.042517e+00	7.621219e-02	2.352007e-09	2.113652e-09	4.839480e-13	4.330118e-09	2.461321e-12	
1  5.29726	2.244510e+00	1.164871e-01	1.042513e+00	7.635469e-02	2.352145e-09	2.114083e-09	3.190239e-13	4.324261e-09	1.042151e-12	
30  4.02486	2.244442e+00	1.165110e-01	1.042517e+00	7.631629e-02	2.351616e-09	2.113898e-09	4.706746e-13	4.326874e-09	2.032471e-12	
25  1.53806	2.244703e+00	1.164854e-01	1.042516e+00	7.625032e-02	2.353178e-09	2.113823e-09	3.281715e-13	4.316654e-09	2.138726e-12	
59  1.79097	2.244453e+00	1.164905e-01	1.042510e+00	7.634333e-02	2.352478e-09	2.114471e-09	3.470983e-13	4.326861e-09	2.294973e-12	
63  2.27831	2.244420e+00	1.164668e-01	1.042505e+00	7.627204e-02	2.352836e-09	2.114676e-09	3.213623e-13	4.337673e-09	1.620724e-12	
18  2.04168	2.244825e+00	1.164903e-01	1.042507e+00	7.619421e-02	2.352418e-09	2.114577e-09	3.060997e-13	4.345547e-09	1.717333e-12	
102  2.50687	2.244565e+00	1.164907e-01	1.042507e+00	7.617049e-02	2.352244e-09	2.113470e-09	3.082879e-13	4.341361e-09	1.415418e-12	
18  1.93349	2.244943e+00	1.165235e-01	1.042503e+00	7.634092e-02	2.351339e-09	2.114515e-09	2.292445e-13	4.335483e-09	1.219874e-12	
10  2.01491	2.244860e+00	1.165057e-01	1.042500e+00	7.623773e-02	2.351587e-09	2.114393e-09	2.360010e-13	4.330023e-09	1.896829e-12	
48  1.69984	2.244415e+00	1.164815e-01	1.042504e+00	7.625411e-02	2.350552e-09	2.114185e-09	1.874854e-13	4.327394e-09	1.229030e-12	
16  0.667684	2.244394e+00	1.164775e-01	1.042502e+00	7.622043e-02	2.350821e-09	2.113233e-09	2.417118e-13	4.315001e-09	1.616698e-12	
48  1.34265	2.244434e+00	1.164499e-01	1.042501e+00	7.636179e-02	2.351290e-09	2.114645e-09	2.945235e-13	4.301277e-09	2.044898e-12	
10  1.78257	2.244585e+00	1.164247e-01	1.042503e+00	7.635954e-02	2.351078e-09	2.114928e-09	1.971147e-13	4.304083e-09	1.484312e-12	
14  1.71712	2.244701e+00	1.164085e-01	1.042501e+00	7.626916e-02	2.351532e-09	2.113399e-09	1.254659e-13	4.297998e-09	1.142938e-12	
160  1.17332	2.244442e+00	1.164003e-01	1.042503e+00	7.609211e-02	2.351408e-09	2.112829e-09	1.452591e-13	4.299030e-09	1.353283e-12	
106  3.79585	2.244023e+00	1.164317e-01	1.042503e+00	7.629492e-02	2.352642e-09	2.111823e-09	1.700945e-13	4.299922e-09	2.174181e-12	
89  1.70969	2.244123e+00	1.164603e-01	1.042504e+00	7.633209e-02	2.352209e-09	2.113023e-09	2.343880e-13	4.290651e-09	1.378663e-12	
83  0.868818	2.244047e+00	1.164766e-01	1.042507e+00	7.631827e-02	2.352897e-09	2.113627e-09	1.584111e-13	4.279128e-09	1.502855e-12	
14  1.13626	2.243404e+00	1.164746e-01	1.042505e+00	7.620079e-02	2.353613e-09	2.113347e-09	2.376393e-13	4.292995e-09	1.806442e-12	
1  2.59916	2.242998e+00	1.164873e-01	1.042506e+00	7.619276e-02	2.353860e-09	2.112553e-09	1.662914e-13	4.289451e-09	9.409234e-13	
33  2.59887	2.242772e+00	1.165283e-01	1.042508e+00	7.634591e-02	2.352330e-09	2.112506e-09	2.378163e-13	4.279240e-09	1.723958e-12	
34  2.66593	2.242692e+00	1.165545e-01	1.042510e+00	7.650283e-02	2.353078e-09	2.111983e-09	1.364241e-13	4.271445e-09	1.619990e-12	
57  5.61251	2.242453e+00	1.165243e-01	1.042506e+00	7.658584e-02	2.354951e-09	2.112809e-09	2.338593e-13	4.272603e-09	2.461178e-12	
81  2.13292	2.242325e+00	1.165220e-01	1.042507e+00	7.654903e-02	2.354798e-09	2.114832e-09	1.943109e-13	4.279675e-09	1.971345e-12	
79  1.68306	2.242261e+00	1.165205e-01	1.042505e+00	7.659959e-02	2.355186e-09	2.115313e-09	2.354728e-13	4.280054e-09	1.708763e-12	
25  2.69883	2.241481e+00	1.165142e-01	1.042502e+00	7.676642e-02	2.354784e-09	2.113572e-09	9.152472e-14	4.277378e-09	1.226619e-12	
14  8.36845	2.241554e+00	1.165178e-01	1.042503e+00	7.676081e-02	2.354991e-09	2.113087e-09	1.585774e-13	4.282774e-09	2.339699e-12	
18  4.9189	2.241622e+00	1.164952e-01	1.042503e+00	7.682353e-02	2.354586e-09	2.112899e-09	9.805203e-14	4.287789e-09	6.982675e-13	
59  3.51093	2.241597e+00	1.164830e-01	1.042505e+00	7.666774e-02	2.354840e-09	2.114258e-09	2.295502e-13	4.299466e-09	1.520806e-12	
8  2.69604	2.241926e+00	1.164628e-01	1.042504e+00	7.670774e-02	2.354339e-09	2.113363e-09	1.709044e-13	4.296460e-09	1.478803e-12	
36  3.28236	2.241945e+00	1.164868e-01	1.042511e+00	7.649539e-02	2.353438e-09	2.113307e-09	1.915625e-13	4.295894e-09	2.126327e-12	
68  3.13153	2.241823e+00	1.165052e-01	1.042514e+00	7.627049e-02	2.352462e-09	2.114722e-09	3.308004e-13	4.294872e-09	1.920094e-12	
64  3.49927	2.241458e+00	1.164919e-01	1.042512e+00	7.622734e-02	2.351936e-09	2.115948e-09	2.703545e-13	4.303536e-09	1.589584e-12	
6  6.99162	2.241480e+00	1.164875e-01	1.042511e+00	7.614676e-02	2.351456e-09	2.116755e-09	5.296150e-13	4.291495e-09	2.678270e-12	
7  9.31251	2.241285e+00	1.164951e-01	1.042510e+00	7.608800e-02	2.352269e-09	2.115869e-09	6.706132e-13	4.294967e-09	2.262482e-12	
50  8.1138	2.241451e+00	1.164774e-01	1.042511e+00	7.618062e-02	2.352112e-09	2.115688e-09	4.588196e-13	4.300210e-09	1.417171e-12	
2  2.62493	2.241534e+00	1.164785e-01	1.042511e+00	7.605206e-02	2.350874e-09	2.114057e-09	2.470944e-13	4.295221e-09	1.419127e-12	
28  3.18615	2.241884e+00	1.164963e-01	1.042512e+00	7.614635e-02	2.351858e-09	2.112725e-09	1.579300e-13	4.303508e-09	8.497834e-13	
25  1.46466	2.241851e+00	1.165002e-01	1.042516e+00	7.614488e-02	2.351118e-09	2.112166e-09	1.888763e-13	4.304165e-09	1.629406e-12	
57  2.20749	2.242069e+00	1.165327e-01	1.042517e+00	7.618380e-02	2.350722e-09	2.111964e-09	2.107195e-13	4.298027e-09	1.980037e-12	
91  3.08935	2.242047e+00	1.165319e-01	1.042517e+00	7.615658e-02	2.350794e-09	2.112487e-09	2.950283e-13	4.297584e-09	2.047152e-12	
32  2.84099	2.241968e+00	1.165295e-01	1.042516e+00	7.615721e-02	2.351473e-09	2.113059e-09	2.669870e-13	4.291933e-09	1.588456e-12	
3  4.58059	2.242006e+00	1.165098e-01	1.042520e+00	7.622616e-02	2.351680e-09	2.113055e-09	2.760117e-13	4.297680e-09	1.370369e-12	
7  4.45123	2.241795e+00	1.164851e-01	1.042523e+00	7.627893e-02	2.350057e-09	2.112287e-09	2.975869e-13	4.295997e-09	2.392780e-12	
101  4.14741	2.241539e+00	1.164723e-01	1.042524e+00	7.612961e-02	2.350314e-09	2.113612e-09	1.735528e-13	4.293225e-09	8.198658e-13	
40  3.24798	2.241829e+00	1.164244e-01	1.042519e+00	7.603824e-02	2.352114e-09	2.113789e-09	1.438905e-13	4.295686e-09	8.447541e-13	
184  1.35319	2.241655e+00	1.164260e-01	1.042520e+00	7.601251e-02	2.351364e-09	2.113012e-09	1.445785e-13	4.305092e-09	1.404922e-12	
110  4.08224	2.241783e+00	1.164221e-01	1.042520e+00	7.613565e-02	2.351789e-09	2.113270e-09	1.988235e-13	4.305555e-09	9.592336e-13	
49  3.99431	2.241654e+00	1.164263e-01	1.042518e+00	7.615999e-02	2.351922e-09	2.113186e-09	1.474999e-13	4.302234e-09	1.957122e-12	
42  3.23256	2.241954e+00	1.164249e-01	1.042518e+00	7.625122e-02	2.351646e-09	2.113183e-09	2.900731e-13	4.314887e-09	2.331076e-12	
426  1.21695	2.241777e+00	1.164559e-01	1.042520e+00	7.623198e-02	2.351647e-09	2.112114e-09	1.081794e-13	4.319575e-09	1.080635e-12	
68  3.4241	2.241601e+00	1.164758e-01	1.042521e+00	7.622678e-02	2.351502e-09	2.112730e-09	2.744414e-13	4.315938e-09	1.915167e-12	
108  4.06624	2.241601e+00	1.164560e-01	1.042520e+00	7.609800e-02	2.351319e-09	2.113908e-09	3.683308e-13	4.316235e-09	2.570883e-12	
10  4.01282	2.241644e+00	1.164484e-01	1.042522e+00	7.625618e-02	2.351314e-09	2.114258e-09	1.068256e-13	4.325804e-09	1.349467e-12	
227  2.54324	2.241631e+00	1.164250e-01	1.042524e+00	7.623941e-02	2.351325e-09	2.113587e-09	2.487670e-13	4.329482e-09	1.599481e-12	
6  3.83293	2.241519e+00	1.164188e-01	1.042520e+00	7.613638e-02	2.351283e-09	2.112649e-09	2.754682e-13	4.329523e-09	1.677427e-12	
22  2.01418	2.241780e+00	1.164196e-01	1.042524e+00	7.613822e-02	2.350734e-09	2.111812e-09	1.998292e-13	4.350270e-09	1.858892e-12	
18  3.94021	2.241958e+00	1.163623e-01	1.042525e+00	7.614154e-02	2.351514e-09	2.111957e-09	2.865198e-13	4.370580e-09	2.248014e-12	
19  1.45135	2.241652e+00	1.163271e-01	1.042521e+00	7.612944e-02	2.348982e-09	2.112881e-09	1.656021e-13	4.360376e-09	1.681525e-12	
115  1.88756	2.241890e+00	1.163364e-01	1.042522e+00	7.620087e-02	2.350047e-09	2.113373e-09	2.047583e-13	4.357468e-09	1.340777e-12	
37  4.07982	2.241768e+00	1.163491e-01	1.042527e+00	7.627629e-02	2.350349e-09	2.113085e-09	1.376310e-13	4.350541e-09	6.989552e-13	
24  6.68649	2.241615e+00	1.163480e-01	1.042527e+00	7.640840e-02	2.349513e-09	2.112390e-09	2.182067e-13	4.361875e-09	2.709822e-12	
31  3.56998	2.241333e+00	1.163491e-01	1.042527e+00	7.635772e-02	2.349383e-09	2.113791e-09	3.144537e-13	4.358105e-09	2.317175e-12	
18  5.8813	2.241184e+00	1.163291e-01	1.042528e+00	7.651764e-02	2.348638e-09	2.115254e-09	4.361640e-13	4.351424e-09	2.098292e-12	
170  5.56202	2.241077e+00	1.163148e-01	1.042526e+00	7.637466e-02	2.350147e-09	2.114949e-09	3.661610e-13	4.347610e-09	2.908000e-12	
16  4.03469	2.241409e+00	1.163281e-01	1.042524e+00	7.635615e-02	2.351364e-09	2.114459e-09	9.864514e-14	4.346534e-09	6.551759e-13	
11  3.93777	2.241483e+00	1.163094e-01	1.042519e+00	7.644848e-02	2.351805e-09	2.114698e-09	2.821012e-13	4.351068e-09	2.469641e-12	
43  3.69938	2.241720e+00	1.163129e-01	1.042519e+00	7.623760e-02	2.351117e-09	2.114122e-09	2.960229e-13	4.351520e-09	1.624416e-12	
25  2.60472	2.242102e+00	1.163323e-01	1.042519e+00	7.616841e-02	2.352032e-09	2.114826e-09	1.889527e-13	4.347733e-09	1.494670e-12	
9  2.99088	2.242155e+00	1.163244e-01	1.042519e+00	7.593209e-02	2.351144e-09	2.113658e-09	2.504043e-13	4.353123e-09	1.471895e-12	
5  4.99373	2.242466e+00	1.163342e-01	1.042518e+00	7.614214e-02	2.351453e-09	2.112841e-09	3.738929e-13	4.353422e-09	2.853013e-12	
114  5.39787	2.242350e+00	1.163031e-01	1.042516e+00	7.623420e-02	2.351416e-09	2.113143e-09	1.827696e-13	4.348137e-09	2.360247e-12	
8  4.76584	2.242510e+00	1.162909e-01	1.042518e+00	7.613939e-02	2.351176e-09	2.114704e-09	4.167580e-13	4.343832e-09	2.622094e-12	
2  4.22574	2.242489e+00	1.162590e-01	1.042519e+00	7.601264e-02	2.351087e-09	2.113851e-09	2.674955e-13	4.336819e-09	2.449579e-12	
30  4.85391	2.242310e+00	1.162558e-01	1.042520e+00	7.617649e-02	2.350369e-09	2.113895e-09	4.109283e-13	4.339898e-09	2.673861e-12	
29  1.77903	2.242153e+00	1.162474e-01	1.042521e+00	7.621863e-02	2.350828e-09	2.113999e-09	2.110576e-13	4.353532e-09	1.633309e-12	
138  1.74735	2.242228e+00	1.162552e-01	1.042524e+00	7.627570e-02	2.350830e-09	2.114220e-09	1.584163e-13	4.340954e-09	1.198821e-12	
129  2.21179	2.242608e+00	1.162495e-01	1.042524e+00	7.625875e-02	2.349417e-09	2.114149e-09	1.299703e-13	4.349087e-09	1.091327e-12	
186  3.24521	2.242898e+00	1.162768e-01	1.042525e+00	7.619070e-02	2.350379e-09	2.114726e-09	3.250337e-13	4.338536e-09	2.333953e-12	
32  2.1699	2.243005e+00	1.163112e-01	1.042524e+00	7.618852e-02	2.347481e-09	2.113884e-09	3.287142e-13	4.339381e-09	2.256548e-12	
40  1.76966	2.242785e+00	1.163015e-01	1.042524e+00	7.601231e-02	2.348797e-09	2.113344e-09	1.869413e-13	4.349845e-09	1.686164e-12	
1  1.96451	2.243065e+00	1.162884e-01	1.042528e+00	7.601033e-02	2.349059e-09	2.112896e-09	1.413682e-13	4.346262e-09	1.503709e-12	
104  4.06521	2.243207e+00	1.162893e-01	1.042526e+00	7.603180e-02	2.348777e-09	2.113749e-09	4.318726e-13	4.351979e-09	2.201603e-12	
85  2.5411	2.243269e+00	1.162849e-01	1.042525e+00	7.599786e-02	2.349435e-09	2.113460e-09	1.696905e-13	4.361689e-09	1.644025e-12	
20  3.36365	2.243192e+00	1.162422e-01	1.042527e+00	7.614038e-02	2.348753e-09	2.114531e-09	1.614412e-13	4.368205e-09	1.184769e-12	
126  3.05607	2.243426e+00	1.162479e-01	1.042525e+00	7.628179e-02	2.348286e-09	2.115474e-09	2.806524e-13	4.356697e-09	1.753698e-12	
6  2.38998	2.243512e+00	1.162605e-01	1.042526e+00	7.637810e-02	2.347498e-09	2.114573e-09	1.597078e-13	4.354163e-09	1.044848e-12	
19  3.65535	2.243376e+00	1.162492e-01	1.042524e+00	7.630488e-02	2.347084e-09	2.114591e-09	4.435302e-13	4.344662e-09	2.313875e-12	
11  5.00565	2.243353e+00	1.162743e-01	1.042525e+00	7.627975e-02	2.347013e-09	2.114395e-09	5.606899e-13	4.355200e-09	3.027245e-12	
20  1.95721	2.243205e+00	1.162426e-01	1.042528e+00	7.623041e-02	2.347705e-09	2.113086e-09	1.701780e-13	4.337219e-09	1.042234e-12	
5  4.78909	2.243027e+00	1.162420e-01	1.042529e+00	7.618839e-02	2.347657e-09	2.113326e-09	3.470199e-13	4.341769e-09	3.071005e-12	
51  4.0352	2.242946e+00	1.162759e-01	1.042531e+00	7.625071e-02	2.346622e-09	2.113086e-09	1.668847e-13	4.340742e-09	2.172282e-12	
211  1.03536	2.242749e+00	1.162318e-01	1.042529e+00	7.627186e-02	2.345496e-09	2.113357e-09	2.310133e-13	4.333669e-09	1.868490e-12	
13  3.72327	2.242685e+00	1.162320e-01	1.042527e+00	7.650197e-02	2.345071e-09	2.112412e-09	2.783280e-13	4.334620e-09	1.864450e-12	
75  2.6417	2.243050e+00	1.162221e-01	1.042524e+00	7.649201e-02	2.344902e-09	2.112952e-09	1.106827e-13	4.339503e-09	7.279396e-13	
22  4.25138	2.243496e+00	1.162169e-01	1.042524e+00	7.648789e-02	2.344697e-09	2.112144e-09	3.330293e-13	4.346661e-09	2.098525e-12	
104  0.477592	2.243552e+00	1.162163e-01	1.042524e+00	7.649196e-02	2.345926e-09	2.113004e-09	1.812611e-13	4.339750e-09	1.680510e-12	
24  0.834425	2.243518e+00	1.162119e-01	1.042520e+00	7.642158e-02	2.346753e-09	2.113420e-09	1.741271e-13	4.342428e-09	1.249376e-12	
238  1.06499	2.243524e+00	1.162030e-01	1.042519e+00	7.628921e-02	2.346732e-09	2.113450e-09	2.246319e-13	4.334671e-09	1.925784e-12	
169  3.30961	2.243909e+00	1.161666e-01	1.042524e+00	7.618037e-02	2.344616e-09	2.113567e-09	2.425746e-13	4.319050e-09	2.448601e-12	
2  9.44495	2.243641e+00	1.161812e-01	1.042520e+00	7.603564e-02	2.344081e-09	2.114367e-09	9.376230e-13	4.318042e-09	3.350310e-12	
25  3.99936	2.243776e+00	1.162137e-01	1.042521e+00	7.598581e-02	2.344794e-09	2.114144e-09	3.874332e-13	4.306005e-09	1.782338e-12	
72  2.90326	2.243262e+00	1.162063e-01	1.042521e+00	7.593307e-02	2.346128e-09	2.113756e-09	2.809080e-13	4.312978e-09	2.149565e-12	
26  3.86196	2.243136e+00	1.161979e-01	1.042520e+00	7.611351e-02	2.345479e-09	2.114742e-09	3.941227e-13	4.312162e-09	2.509357e-12	
7  3.27346	2.243153e+00	1.161930e-01	1.042522e+00	7.631523e-02	2.345373e-09	2.115772e-09	2.467326e-13	4.305148e-09	1.617001e-12	
146  3.80648	2.243277e+00	1.161630e-01	1.042523e+00	7.635673e-02	2.344941e-09	2.115979e-09	3.589342e-13	4.280175e-09	2.405652e-12	
9  3.43226	2.243349e+00	1.161806e-01	1.042523e+00	7.616479e-02	2.344523e-09	2.114509e-09	3.195329e-13	4.278312e-09	2.582368e-12	
10  4.28513	2.243301e+00	1.162087e-01	1.042525e+00	7.634123e-02	2.345065e-09	2.115950e-09	4.271815e-13	4.288046e-09	2.735776e-12	
19  4.71557	2.243091e+00	1.161967e-01	1.042528e+00	7.627360e-02	2.344435e-09	2.115263e-09	4.103952e-13	4.283773e-09	1.767455e-12	
32  4.52167	2.243092e+00	1.161946e-01	1.042532e+00	7.611971e-02	2.343869e-09	2.114767e-09	4.228696e-13	4.292004e-09	1.943733e-12	
1  5.78865	2.243279e+00	1.162087e-01	1.042532e+00	7.605532e-02	2.344587e-09	2.115767e-09	4.376252e-13	4.286284e-09	2.058947e-12	
31  6.49033	2.243304e+00	1.162236e-01	1.042531e+00	7.613489e-02	2.345873e-09	2.115473e-09	4.012154e-13	4.286375e-09	3.180786e-12	
12  8.06792	2.243263e+00	1.162494e-01	1.042531e+00	7.622115e-02	2.345739e-09	2.115476e-09	6.372577e-13	4.278185e-09	4.069276e-12	
38  7.90218	2.243370e+00	1.162472e-01	1.042527e+00	7.605478e-02	2.345946e-09	2.115272e-09	4.089737e-13	4.283523e-09	1.206684e-12	
6  3.68506	2.243148e+00	1.162616e-01	1.042529e+00	7.619179e-02	2.347072e-09	2.114629e-09	3.091617e-13	4.269194e-09	1.475294e-12	
117  1.90527	2.243131e+00	1.162887e-01	1.042532e+00	7.615561e-02	2.349122e-09	2.114057e-09	1.444466e-13	4.275052e-09	1.205858e-12	
6  1.28689	2.243189e+00	1.162867e-01	1.042531e+00	7.625552e-02	2.348510e-09	2.114135e-09	2.152108e-13	4.260094e-09	1.914577e-12	
121  1.56485	2.243145e+00	1.163207e-01	1.042530e+00	7.609663e-02	2.348797e-09	2.113283e-09	1.606338e-13	4.267671e-09	1.129545e-12	
1  2.63695	2.242994e+00	1.163166e-01	1.042534e+00	7.607194e-02	2.349458e-09	2.111695e-09	1.645634e-13	4.279363e-09	2.093069e-12	
183  1.80162	2.242977e+00	1.163667e-01	1.042535e+00	7.614607e-02	2.348488e-09	2.111958e-09	2.157359e-13	4.263555e-09	1.610286e-12	
414  1.61098	2.243321e+00	1.163847e-01	1.042535e+00	7.617793e-02	2.347476e-09	2.110822e-09	1.257482e-13	4.267564e-09	1.618697e-12	
112  1.86796	2.243737e+00	1.163902e-01	1.042535e+00	7.607085e-02	2.348538e-09	2.111428e-09	1.038133e-13	4.274620e-09	8.570693e-13	
283  1.77975	2.243818e+00	1.164063e-01	1.042535e+00	7.609503e-02	2.349257e-09	2.110203e-09	1.470811e-13	4.279700e-09	1.736588e-12	
70  2.85716	2.243920e+00	1.164356e-01	1.042534e+00	7.603880e-02	2.349134e-09	2.110703e-09	1.839775e-13	4.290542e-09	1.170257e-12	
5  2.53575	2.244072e+00	1.163980e-01	1.042535e+00	7.612023e-02	2.348792e-09	2.111281e-09	2.514242e-13	4.288908e-09	2.451600e-12	
152  3.26902	2.243794e+00	1.163527e-01	1.042534e+00	7.615189e-02	2.347314e-09	2.112292e-09	2.440224e-13	4.294720e-09	1.240616e-12	
20  6.71123	2.243941e+00	1.163491e-01	1.042528e+00	7.622847e-02	2.346701e-09	2.113446e-09	6.738504e-13	4.295638e-09	3.786989e-12	
39  0.588312	2.243723e+00	1.163372e-01	1.042526e+00	7.624678e-02	2.347299e-09	2.113190e-09	1.928858e-13	4.297736e-09	1.448480e-12	
112  2.22697	2.243586e+00	1.163792e-01	1.042520e+00	7.627699e-02	2.347846e-09	2.112735e-09	2.867449e-13	4.291995e-09	1.714332e-12	
23  2.28879	2.243538e+00	1.163684e-01	1.042522e+00	7.629716e-02	2.349147e-09	2.111880e-09	1.994526e-13	4.301018e-09	1.320590e-12	
2  1.82854	2.243202e+00	1.163376e-01	1.042522e+00	7.622955e-02	2.347157e-09	2.112468e-09	2.615808e-13	4.301131e-09	2.280734e-12	
90  1.68922	2.243241e+00	1.163185e-01	1.042525e+00	7.619712e-02	2.347544e-09	2.112510e-09	1.046279e-13	4.306825e-09	9.120582e-13	
101  1.57392	2.243161e+00	1.162969e-01	1.042521e+00	7.622011e-02	2.346207e-09	2.112729e-09	2.270799e-13	4.316158e-09	2.190928e-12	
28  2.75223	2.242851e+00	1.162860e-01	1.042521e+00	7.605818e-02	2.346716e-09	2.112474e-09	9.296269e-14	4.318722e-09	9.942681e-13	
53  4.82069	2.242717e+00	1.162893e-01	1.042523e+00	7.601807e-02	2.346809e-09	2.111805e-09	3.907020e-13	4.315730e-09	2.203659e-12	
12  4.09435	2.242587e+00	1.163122e-01	1.042523e+00	7.603089e-02	2.348398e-09	2.112664e-09	2.632439e-13	4.320653e-09	2.682528e-12	
165  1.699	2.242991e+00	1.163171e-01	1.042525e+00	7.613656e-02	2.350398e-09	2.113415e-09	1.359041e-13	4.326096e-09	1.070816e-12	
82  2.05334	2.243202e+00	1.163129e-01	1.042523e+00	7.619533e-02	2.350388e-09	2.113225e-09	1.618260e-13	4.336485e-09	1.817662e-12	
70  1.1854	2.243471e+00	1.163108e-01	1.042522e+00	7.621843e-02	2.350647e-09	2.113272e-09	2.247649e-13	4.326609e-09	1.945467e-12	
106  0.769319	2.243373e+00	1.162772e-01	1.042520e+00	7.624485e-02	2.349590e-09	2.113401e-09	1.695956e-13	4.324769e-09	1.480886e-12	
79  1.31802	2.243288e+00	1.162523e-01	1.042522e+00	7.637664e-02	2.350175e-09	2.113252e-09	2.081787e-13	4.327451e-09	1.469055e-12	
49  3.52516	2.243506e+00	1.162436e-01	1.042519e+00	7.647424e-02	2.348768e-09	2.112756e-09	3.034594e-13	4.326119e-09	1.922408e-12	
151  2.00392	2.243700e+00	1.162412e-01	1.042517e+00	7.656162e-02	2.350342e-09	2.113697e-09	1.289468e-13	4.327142e-09	1.615756e-12	
188  2.93852	2.243482e+00	1.162241e-01	1.042516e+00	7.649137e-02	2.349893e-09	2.112852e-09	2.282049e-13	4.319825e-09	2.342544e-12	
228  0.440376	2.243855e+00	1.162356e-01	1.042515e+00	7.648199e-02	2.350118e-09	2.112774e-09	1.373958e-13	4.319258e-09	1.303678e-12	
221  2.09416	2.243782e+00	1.162384e-01	1.042519e+00	7.648746e-02	2.350736e-09	2.112932e-09	2.215268e-13	4.301348e-09	1.518714e-12	
424  0.917057	2.243696e+00	1.162309e-01	1.042521e+00	7.650690e-02	2.349997e-09	2.113947e-09	2.163983e-13	4.296571e-09	1.710355e-12	
51  0.642239	2.243497e+00	1.162245e-01	1.042521e+00	7.651816e-02	2.349716e-09	2.113406e-09	1.568914e-13	4.301335e-09	1.308269e-12	
116  0.787591	2.244304e+00	1.162474e-01	1.042517e+00	7.659538e-02	2.350177e-09	2.113607e-09	1.236827e-13	4.299460e-09	1.322986e-12	
112  1.54007	2.244415e+00	1.162553e-01	1.042517e+00	7.651966e-02	2.351105e-09	2.112841e-09	2.278625e-13	4.300785e-09	1.755241e-12	
66  2.34279	2.244484e+00	1.162273e-01	1.042519e+00	7.638556e-02	2.351867e-09	2.112262e-09	2.580105e-13	4.317405e-09	2.115514e-12	
19  2.90962	2.244624e+00	1.162520e-01	1.042519e+00	7.654628e-02	2.352677e-09	2.112261e-09	2.305340e-13	4.313846e-09	1.672539e-12	
160  0.460896	2.245191e+00	1.162818e-01	1.042516e+00	7.637303e-02	2.351501e-09	2.112318e-09	1.321879e-13	4.306808e-09	1.307967e-12	
84  3.66625	2.245613e+00	1.162444e-01	1.042517e+00	7.665331e-02	2.351578e-09	2.112150e-09	1.460973e-13	4.307224e-09	8.564189e-13	
27  3.70739	2.245584e+00	1.162312e-01	1.042518e+00	7.663289e-02	2.351279e-09	2.111847e-09	2.367163e-13	4.314122e-09	1.600249e-12	
166  2.62762	2.245734e+00	1.162399e-01	1.042518e+00	7.656814e-02	2.352405e-09	2.110657e-09	9.460260e-14	4.324791e-09	1.316587e-12	
92  4.02784	2.245579e+00	1.162324e-01	1.042519e+00	7.635865e-02	2.353724e-09	2.111555e-09	2.901825e-13	4.328781e-09	1.829322e-12	
4  6.81435	2.245366e+00	1.162156e-01	1.042519e+00	7.638269e-02	2.353920e-09	2.111048e-09	1.118615e-13	4.327627e-09	4.560786e-13	
21  4.54206	2.245591e+00	1.162300e-01	1.042518e+00	7.627915e-02	2.353925e-09	2.112155e-09	2.000637e-13	4.344594e-09	8.553051e-13	
46  3.19086	2.245858e+00	1.162092e-01	1.042516e+00	7.653796e-02	2.353328e-09	2.113817e-09	3.768361e-13	4.334949e-09	2.751681e-12	
24  2.43712	2.246254e+00	1.162125e-01	1.042516e+00	7.670848e-02	2.352956e-09	2.113275e-09	2.710984e-13	4.349399e-09	1.599653e-12	
21  1.40109	2.246147e+00	1.161993e-01	1.042515e+00	7.658718e-02	2.353292e-09	2.112860e-09	1.806839e-13	4.358982e-09	1.175196e-12	
56  1.0639	2.246417e+00	1.162063e-01	1.042514e+00	7.641290e-02	2.353888e-09	2.112954e-09	2.426790e-13	4.349645e-09	2.028063e-12	
