9  12.125	2.245422e+00	1.162597e-01	1.042494e+00	7.567055e-02	2.343497e-09	2.107545e-09	1.821186e-13	4.486286e-09	2.044280e-13	
23  6.90214	2.245549e+00	1.162527e-01	1.042493e+00	7.564361e-02	2.343942e-09	2.107082e-09	3.103173e-13	4.486251e-09	1.248799e-12	
2  5.7059	2.245595e+00	1.162401e-01	1.042499e+00	7.566017e-02	2.343885e-09	2.108207e-09	5.164246e-13	4.470831e-09	2.688782e-12	
40  0.399037	2.246004e+00	1.162353e-01	1.042500e+00	7.547583e-02	2.343078e-09	2.107864e-09	2.255777e-13	4.476696e-09	1.494426e-12	
2  0.332167	2.246016e+00	1.162394e-01	1.042502e+00	7.539453e-02	2.343162e-09	2.108376e-09	2.559015e-13	4.482207e-09	1.713049e-12	
83  0.626861	2.245611e+00	1.161953e-01	1.042504e+00	7.547055e-02	2.342191e-09	2.107895e-09	2.349253e-13	4.478991e-09	2.003196e-12	
44  0.810219	2.245893e+00	1.161977e-01	1.042506e+00	7.544693e-02	2.343307e-09	2.107493e-09	1.992863e-13	4.484178e-09	1.921604e-12	
127  1.10465	2.245859e+00	1.161961e-01	1.042503e+00	7.555395e-02	2.344593e-09	2.107009e-09	1.968024e-13	4.497478e-09	1.847235e-12	
57  3.02265	2.245682e+00	1.161752e-01	1.042500e+00	7.531717e-02	2.344283e-09	2.108147e-09	2.757150e-13	4.500296e-09	2.577717e-12	
4  3.47538	2.245824e+00	1.161707e-01	1.042496e+00	7.530128e-02	2.344944e-09	2.106343e-09	2.701902e-13	4.505148e-09	1.370486e-12	
19  4.36936	2.245947e+00	1.162269e-01	1.042499e+00	7.525803e-02	2.344956e-09	2.105771e-09	2.153851e-13	4.490080e-09	2.480017e-12	
29  4.52176	2.246263e+00	1.162361e-01	1.042499e+00	7.533088e-02	2.344741e-09	2.105756e-09	3.295984e-13	4.492478e-09	1.919698e-12	
127  3.05126	2.246740e+00	1.162301e-01	1.042493e+00	7.525438e-02	2.345931e-09	2.105511e-09	2.913190e-13	4.484401e-09	2.222221e-12	
28  3.72929	2.246580e+00	1.162330e-01	1.042493e+00	7.536844e-02	2.345757e-09	2.105561e-09	2.885729e-13	4.488457e-09	2.202054e-12	
1  1.22488	2.246679e+00	1.162889e-01	1.042491e+00	7.535492e-02	2.346565e-09	2.106664e-09	2.156951e-13	4.492749e-09	1.995129e-12	
56  1.6559	2.246856e+00	1.163133e-01	1.042492e+00	7.517933e-02	2.347041e-09	2.107722e-09	2.141403e-13	4.501214e-09	1.954103e-12	
233  0.779881	2.246700e+00	1.163310e-01	1.042491e+00	7.532112e-02	2.346265e-09	2.107062e-09	2.658588e-13	4.494023e-09	2.020800e-12	
2  1.00195	2.246810e+00	1.162962e-01	1.042490e+00	7.537256e-02	2.347032e-09	2.107544e-09	3.045436e-13	4.492763e-09	2.016082e-12	
10  1.45186	2.246678e+00	1.162677e-01	1.042486e+00	7.537270e-02	2.347303e-09	2.109009e-09	3.597010e-13	4.501851e-09	2.170855e-12	
46  4.61085	2.246772e+00	1.162542e-01	1.042483e+00	7.552266e-02	2.348214e-09	2.107913e-09	4.735644e-13	4.496869e-09	2.994090e-12	
96  1.62614	2.247025e+00	1.162689e-01	1.042488e+00	7.556869e-02	2.349793e-09	2.109114e-09	3.591591e-13	4.492327e-09	2.282258e-12	
22  1.88745	2.247216e+00	1.162605e-01	1.042485e+00	7.560907e-02	2.350656e-09	2.108797e-09	3.584631e-13	4.484414e-09	2.091057e-12	
5  2.39001	2.246784e+00	1.162413e-01	1.042486e+00	7.568560e-02	2.349877e-09	2.108654e-09	3.535470e-13	4.483453e-09	2.333833e-12	
14  4.03979	2.246929e+00	1.162541e-01	1.042489e+00	7.563860e-02	2.348765e-09	2.108757e-09	3.046488e-13	4.487152e-09	2.836639e-12	
51  4.08273	2.247088e+00	1.162563e-01	1.042489e+00	7.574460e-02	2.347741e-09	2.110143e-09	6.026806e-13	4.492278e-09	3.031674e-12	
5  2.81101	2.246984e+00	1.161895e-01	1.042486e+00	7.583757e-02	2.348212e-09	2.109629e-09	4.291817e-13	4.486449e-09	2.554739e-12	
2  2.4749	2.247277e+00	1.161960e-01	1.042485e+00	7.575318e-02	2.347409e-09	2.111035e-09	3.709759e-13	4.484514e-09	2.477075e-12	
27  4.0746	2.247884e+00	1.162110e-01	1.042487e+00	7.564795e-02	2.346427e-09	2.111211e-09	2.537162e-13	4.478291e-09	1.966075e-12	
4  6.71644	2.247830e+00	1.162352e-01	1.042492e+00	7.554114e-02	2.346174e-09	2.109724e-09	8.937597e-13	4.476123e-09	3.330059e-12	
1  3.31869	2.247778e+00	1.162584e-01	1.042494e+00	7.551024e-02	2.346619e-09	2.108871e-09	5.479029e-13	4.464335e-09	2.770226e-12	
8  3.81581	2.247667e+00	1.162397e-01	1.042489e+00	7.545371e-02	2.345734e-09	2.108428e-09	3.663902e-13	4.452525e-09	3.042715e-12	
21  4.73879	2.247384e+00	1.162067e-01	1.042490e+00	7.541834e-02	2.345421e-09	2.108952e-09	6.440298e-13	4.453641e-09	3.284333e-12	
1  6.08176	2.247572e+00	1.161674e-01	1.042491e+00	7.536342e-02	2.345572e-09	2.108484e-09	6.619832e-13	4.463328e-09	3.731944e-12	
51  6.54508	2.247035e+00	1.161896e-01	1.042495e+00	7.535268e-02	2.345382e-09	2.108603e-09	5.690117e-13	4.461543e-09	3.877023e-12	
9  8.04227	2.246944e+00	1.162089e-01	1.042489e+00	7.546348e-02	2.343981e-09	2.109174e-09	8.975018e-13	4.463837e-09	4.206175e-12	
83  0.916734	2.246629e+00	1.162451e-01	1.042487e+00	7.528678e-02	2.344009e-09	2.108623e-09	3.121938e-13	4.466678e-09	1.959207e-12	
254  0.860116	2.246853e+00	1.162515e-01	1.042490e+00	7.521483e-02	2.343436e-09	2.107755e-09	3.064389e-13	4.474636e-09	1.707105e-12	
152  2.1828	2.246829e+00	1.162785e-01	1.042492e+00	7.516964e-02	2.343660e-09	2.106149e-09	1.704232e-13	4.469626e-09	1.913166e-12	
31  3.10907	2.246756e+00	1.162685e-01	1.042491e+00	7.504089e-02	2.344534e-09	2.105039e-09	2.778536e-13	4.479764e-09	2.522061e-12	
53  2.26517	2.246676e+00	1.162752e-01	1.042494e+00	7.496029e-02	2.345549e-09	2.105945e-09	3.220923e-13	4.469145e-09	2.552623e-12	
76  2.21086	2.246681e+00	1.162978e-01	1.042493e+00	7.503435e-02	2.345408e-09	2.103669e-09	1.292784e-13	4.471281e-09	1.489479e-12	
22  3.81964	2.246763e+00	1.162914e-01	1.042494e+00	7.478889e-02	2.346367e-09	2.104469e-09	1.692523e-13	4.461098e-09	7.474064e-13	
7  2.27485	2.246647e+00	1.162838e-01	1.042494e+00	7.480059e-02	2.347288e-09	2.104424e-09	2.097055e-13	4.455748e-09	1.217185e-12	
5  1.97582	2.246555e+00	1.162929e-01	1.042496e+00	7.492681e-02	2.346401e-09	2.104076e-09	2.000384e-13	4.458506e-09	1.523011e-12	
152  2.66705	2.246666e+00	1.163222e-01	1.042494e+00	7.513390e-02	2.344445e-09	2.103581e-09	1.137835e-13	4.464517e-09	1.087405e-12	
4  4.23998	2.246232e+00	1.163057e-01	1.042492e+00	7.512748e-02	2.343816e-09	2.105685e-09	2.689898e-13	4.466297e-09	1.151147e-12	
34  4.43117	2.246130e+00	1.163359e-01	1.042492e+00	7.510668e-02	2.343237e-09	2.106270e-09	2.933875e-13	4.471463e-09	2.899233e-12	
56  2.91738	2.246405e+00	1.163512e-01	1.042492e+00	7.514926e-02	2.343638e-09	2.107144e-09	4.799051e-13	4.466544e-09	2.816855e-12	
5  5.2363	2.245888e+00	1.163591e-01	1.042494e+00	7.508380e-02	2.343387e-09	2.107643e-09	5.891693e-13	4.478493e-09	3.648935e-12	
14  6.73135	2.246036e+00	1.163497e-01	1.042494e+00	7.517562e-02	2.342716e-09	2.107607e-09	5.042684e-13	4.470256e-09	3.897394e-12	
7  6.87106	2.246329e+00	1.163720e-01	1.042497e+00	7.514940e-02	2.341745e-09	2.108599e-09	9.696201e-13	4.466248e-09	3.721159e-12	
10  7.8432	2.246473e+00	1.163387e-01	1.042495e+00	7.515663e-02	2.341092e-09	2.109052e-09	9.833306e-13	4.463117e-09	2.608186e-12	
6  5.45745	2.246165e+00	1.163683e-01	1.042496e+00	7.519129e-02	2.341107e-09	2.109647e-09	5.286321e-13	4.465941e-09	3.561834e-12	
1  6.05348	2.246411e+00	1.163567e-01	1.042494e+00	7.522471e-02	2.340024e-09	2.109917e-09	9.609792e-13	4.465666e-09	3.525683e-12	
2  3.7789	2.246927e+00	1.163412e-01	1.042493e+00	7.534730e-02	2.338344e-09	2.109388e-09	7.601439e-13	4.483943e-09	3.309487e-12	
11  2.83337	2.247017e+00	1.163598e-01	1.042491e+00	7.542165e-02	2.337696e-09	2.110324e-09	6.184196e-13	4.474781e-09	2.724654e-12	
11  4.05143	2.247248e+00	1.163641e-01	1.042492e+00	7.537519e-02	2.336941e-09	2.108801e-09	8.334294e-13	4.466524e-09	3.189667e-12	
10  3.70347	2.247334e+00	1.163685e-01	1.042490e+00	7.553527e-02	2.337782e-09	2.108097e-09	6.073261e-13	4.476363e-09	3.522750e-12	
93  0.71405	2.246757e+00	1.163666e-01	1.042489e+00	7.548154e-02	2.338417e-09	2.108135e-09	3.731245e-13	4.473592e-09	2.174219e-12	
3  0.727802	2.246824e+00	1.163988e-01	1.042493e+00	7.535639e-02	2.337950e-09	2.107615e-09	2.442477e-13	4.472641e-09	1.939341e-12	
278  0.456681	2.246872e+00	1.164454e-01	1.042489e+00	7.543840e-02	2.338965e-09	2.108177e-09	2.941657e-13	4.472704e-09	2.003113e-12	
150  1.06312	2.247065e+00	1.164624e-01	1.042487e+00	7.546414e-02	2.337967e-09	2.108124e-09	4.228474e-13	4.486119e-09	2.538621e-12	
1  5.09929	2.247279e+00	1.164591e-01	1.042490e+00	7.547380e-02	2.338877e-09	2.106996e-09	4.957816e-13	4.479471e-09	3.603036e-12	
6  5.22879	2.246874e+00	1.164453e-01	1.042486e+00	7.550397e-02	2.339257e-09	2.106779e-09	5.852186e-13	4.476972e-09	3.151224e-12	
9  4.33133	2.247198e+00	1.164390e-01	1.042481e+00	7.559438e-02	2.340178e-09	2.106966e-09	2.615733e-13	4.477689e-09	1.006739e-12	
32  4.75177	2.247363e+00	1.164507e-01	1.042484e+00	7.546153e-02	2.340608e-09	2.105899e-09	2.179364e-13	4.479509e-09	9.152898e-13	
26  3.91343	2.247325e+00	1.164476e-01	1.042483e+00	7.564235e-02	2.340124e-09	2.106543e-09	1.072362e-13	4.488569e-09	1.093500e-12	
3  10.0042	2.247002e+00	1.164372e-01	1.042487e+00	7.560346e-02	2.339948e-09	2.106553e-09	7.325815e-14	4.488452e-09	1.128028e-12	
14  8.89412	2.247213e+00	1.164630e-01	1.042485e+00	7.545063e-02	2.340258e-09	2.106676e-09	4.909174e-13	4.485097e-09	1.227220e-12	
24  1.70816	2.247067e+00	1.164640e-01	1.042488e+00	7.537946e-02	2.340900e-09	2.106965e-09	2.913077e-13	4.492115e-09	1.411884e-12	
6  3.35221	2.247340e+00	1.164764e-01	1.042485e+00	7.532403e-02	2.340614e-09	2.107227e-09	2.346991e-13	4.496062e-09	8.753328e-13	
7  3.08123	2.247320e+00	1.164694e-01	1.042489e+00	7.521076e-02	2.340210e-09	2.108987e-09	6.939942e-13	4.498132e-09	2.599357e-12	
27  3.6064	2.247326e+00	1.164708e-01	1.042489e+00	7.530523e-02	2.340082e-09	2.108356e-09	3.011263e-13	4.516017e-09	9.765811e-13	
186  0.666586	2.247720e+00	1.164607e-01	1.042490e+00	7.534977e-02	2.339525e-09	2.107857e-09	3.583150e-13	4.506886e-09	2.081524e-12	
11  0.609	2.247520e+00	1.164305e-01	1.042490e+00	7.552044e-02	2.339077e-09	2.107361e-09	2.669532e-13	4.513594e-09	1.823548e-12	
5  2.17778	2.247232e+00	1.164172e-01	1.042491e+00	7.552637e-02	2.339159e-09	2.107689e-09	3.060234e-13	4.521312e-09	2.579180e-12	
64  1.31544	2.247254e+00	1.163879e-01	1.042486e+00	7.539793e-02	2.339566e-09	2.107083e-09	2.191410e-13	4.529319e-09	1.174539e-12	
47  2.12954	2.246703e+00	1.164309e-01	1.042482e+00	7.552046e-02	2.339548e-09	2.106093e-09	3.028183e-13	4.544303e-09	2.013118e-12	
9  0.670054	2.246640e+00	1.164555e-01	1.042480e+00	7.534946e-02	2.339616e-09	2.107239e-09	2.158694e-13	4.547635e-09	1.351180e-12	
12  1.76225	2.246738e+00	1.164220e-01	1.042479e+00	7.535022e-02	2.339392e-09	2.107141e-09	4.086527e-13	4.539158e-09	1.818176e-12	
74  1.77518	2.246629e+00	1.164358e-01	1.042479e+00	7.523976e-02	2.338337e-09	2.108207e-09	5.591710e-13	4.546360e-09	2.474856e-12	
10  3.92297	2.246936e+00	1.164554e-01	1.042480e+00	7.534014e-02	2.338972e-09	2.107789e-09	5.695871e-13	4.545204e-09	3.571574e-12	
54  2.31492	2.246898e+00	1.164428e-01	1.042480e+00	7.532676e-02	2.339433e-09	2.109514e-09	5.539611e-13	4.533353e-09	2.134356e-12	
34  2.1428	2.246932e+00	1.164604e-01	1.042480e+00	7.541384e-02	2.340006e-09	2.109360e-09	5.278669e-13	4.546219e-09	1.944409e-12	
27  3.30316	2.246682e+00	1.164376e-01	1.042477e+00	7.526506e-02	2.340754e-09	2.109916e-09	6.462825e-13	4.544370e-09	2.484886e-12	
25  2.54543	2.246616e+00	1.164732e-01	1.042477e+00	7.529063e-02	2.341571e-09	2.109213e-09	5.957342e-13	4.542108e-09	2.849362e-12	
11  1.9441	2.246653e+00	1.164737e-01	1.042478e+00	7.536665e-02	2.342066e-09	2.109103e-09	5.513523e-13	4.537301e-09	2.620553e-12	
24  0.842521	2.246685e+00	1.164845e-01	1.042479e+00	7.547276e-02	2.342996e-09	2.108969e-09	3.861299e-13	4.532870e-09	1.890385e-12	
11  2.08423	2.246994e+00	1.164953e-01	1.042478e+00	7.545757e-02	2.342094e-09	2.109071e-09	4.960018e-13	4.528683e-09	1.839212e-12	
5  4.36187	2.246785e+00	1.164886e-01	1.042479e+00	7.544461e-02	2.341830e-09	2.108046e-09	6.905539e-13	4.531260e-09	2.499524e-12	
27  5.81761	2.246856e+00	1.165152e-01	1.042479e+00	7.544008e-02	2.341340e-09	2.107425e-09	7.456714e-13	4.523160e-09	2.646945e-12	
8  6.70823	2.247031e+00	1.165043e-01	1.042475e+00	7.528629e-02	2.341247e-09	2.107702e-09	9.299875e-13	4.537836e-09	2.641627e-12	
22  6.26823	2.246775e+00	1.165052e-01	1.042473e+00	7.529106e-02	2.340771e-09	2.107588e-09	9.367697e-13	4.544140e-09	3.063591e-12	
1  6.42143	2.246830e+00	1.165031e-01	1.042472e+00	7.523171e-02	2.341020e-09	2.107545e-09	8.094608e-13	4.534920e-09	2.122961e-12	
6  6.6638	2.247299e+00	1.165075e-01	1.042469e+00	7.509665e-02	2.339826e-09	2.107404e-09	1.005688e-12	4.546331e-09	2.541258e-12	
36  3.38308	2.247113e+00	1.165307e-01	1.042467e+00	7.500866e-02	2.339482e-09	2.106514e-09	7.132033e-13	4.547540e-09	2.766670e-12	
32  2.40265	2.247263e+00	1.165770e-01	1.042469e+00	7.506991e-02	2.339869e-09	2.106275e-09	5.677999e-13	4.547932e-09	2.882279e-12	
18  2.75185	2.247203e+00	1.166054e-01	1.042472e+00	7.509423e-02	2.340942e-09	2.106228e-09	4.408319e-13	4.549324e-09	2.990725e-12	
158  1.66896	2.247517e+00	1.166137e-01	1.042468e+00	7.496219e-02	2.340721e-09	2.107125e-09	3.296717e-13	4.556554e-09	2.072097e-12	
26  2.5483	2.247633e+00	1.166124e-01	1.042465e+00	7.485019e-02	2.339167e-09	2.107152e-09	6.618197e-13	4.558156e-09	2.348830e-12	
35  1.72921	2.247534e+00	1.166283e-01	1.042464e+00	7.495089e-02	2.339135e-09	2.107419e-09	4.372640e-13	4.566173e-09	2.283739e-12	
9  1.34198	2.247748e+00	1.166450e-01	1.042467e+00	7.501286e-02	2.340058e-09	2.106743e-09	4.979362e-13	4.574341e-09	2.208275e-12	
19  1.80828	2.247755e+00	1.166332e-01	1.042467e+00	7.504312e-02	2.339555e-09	2.107721e-09	5.459585e-13	4.566106e-09	2.203826e-12	
8  2.08801	2.247786e+00	1.165984e-01	1.042466e+00	7.534066e-02	2.339811e-09	2.108338e-09	4.608508e-13	4.561927e-09	2.733188e-12	
12  1.58189	2.247522e+00	1.166003e-01	1.042469e+00	7.536296e-02	2.340407e-09	2.109011e-09	4.804179e-13	4.568229e-09	1.980956e-12	
3  4.37456	2.247747e+00	1.165940e-01	1.042471e+00	7.542931e-02	2.340657e-09	2.109033e-09	2.418320e-13	4.564971e-09	1.926519e-12	
5  2.29501	2.247639e+00	1.166087e-01	1.042470e+00	7.549804e-02	2.340256e-09	2.108705e-09	6.505848e-13	4.556433e-09	2.425852e-12	
13  1.69859	2.248112e+00	1.165993e-01	1.042471e+00	7.559178e-02	2.340416e-09	2.109362e-09	4.702904e-13	4.560250e-09	2.563832e-12	
18  2.81776	2.247777e+00	1.165775e-01	1.042469e+00	7.562240e-02	2.340622e-09	2.110103e-09	3.635143e-13	4.565179e-09	2.320686e-12	
14  2.44022	2.247992e+00	1.165777e-01	1.042467e+00	7.563897e-02	2.339753e-09	2.109982e-09	6.105573e-13	4.558586e-09	1.984036e-12	
9  2.43111	2.247766e+00	1.165993e-01	1.042467e+00	7.557993e-02	2.339572e-09	2.109314e-09	7.191967e-13	4.565670e-09	2.931725e-12	
23  1.41028	2.247963e+00	1.166066e-01	1.042474e+00	7.578916e-02	2.340291e-09	2.109635e-09	5.166155e-13	4.569102e-09	2.222461e-12	
15  1.37073	2.248042e+00	1.166515e-01	1.042474e+00	7.578494e-02	2.340517e-09	2.108428e-09	3.736767e-13	4.565204e-09	2.176018e-12	
61  1.61444	2.247942e+00	1.166520e-01	1.042472e+00	7.566755e-02	2.341458e-09	2.109355e-09	5.291643e-13	4.561572e-09	2.638295e-12	
34  2.32514	2.247885e+00	1.166525e-01	1.042474e+00	7.554443e-02	2.342518e-09	2.109461e-09	6.632943e-13	4.572311e-09	2.543638e-12	
41  2.29107	2.247782e+00	1.166475e-01	1.042479e+00	7.560704e-02	2.342395e-09	2.109525e-09	5.852593e-13	4.565729e-09	2.088497e-12	
19  3.16255	2.247865e+00	1.166395e-01	1.042480e+00	7.577487e-02	2.343512e-09	2.109539e-09	6.506535e-13	4.563537e-09	2.233404e-12	
53  1.97084	2.247670e+00	1.166622e-01	1.042479e+00	7.551288e-02	2.343451e-09	2.110061e-09	5.353511e-13	4.558422e-09	2.297305e-12	
12  3.65012	2.247429e+00	1.166552e-01	1.042477e+00	7.553583e-02	2.342266e-09	2.109513e-09	4.376698e-13	4.567630e-09	1.210282e-12	
6  1.69159	2.247302e+00	1.166890e-01	1.042475e+00	7.549515e-02	2.342847e-09	2.109775e-09	4.808384e-13	4.570925e-09	2.377348e-12	
21  2.08643	2.247393e+00	1.166817e-01	1.042470e+00	7.540154e-02	2.342739e-09	2.109725e-09	5.043903e-13	4.568220e-09	1.950322e-12	
37  2.56285	2.247611e+00	1.166389e-01	1.042472e+00	7.543372e-02	2.342396e-09	2.110053e-09	4.669200e-13	4.562383e-09	2.429533e-12	
9  3.50113	2.247426e+00	1.166402e-01	1.042470e+00	7.556333e-02	2.342849e-09	2.111210e-09	5.488075e-13	4.564459e-09	1.772116e-12	
6  6.84049	2.247545e+00	1.166068e-01	1.042471e+00	7.561282e-02	2.341811e-09	2.111869e-09	1.185216e-12	4.564723e-09	3.939164e-12	
2  3.833	2.247747e+00	1.166035e-01	1.042473e+00	7.554209e-02	2.341114e-09	2.111124e-09	4.394419e-13	4.568103e-09	2.180539e-12	
2  3.38278	2.247638e+00	1.166268e-01	1.042472e+00	7.542004e-02	2.340838e-09	2.109514e-09	3.724673e-13	4.574446e-09	1.200326e-12	
14  3.11703	2.247586e+00	1.166660e-01	1.042467e+00	7.550483e-02	2.341238e-09	2.110034e-09	5.614108e-13	4.570428e-09	2.994466e-12	
12  6.98593	2.247567e+00	1.166411e-01	1.042466e+00	7.546918e-02	2.341753e-09	2.109691e-09	1.326970e-12	4.576173e-09	3.508056e-12	
5  4.36177	2.247387e+00	1.166282e-01	1.042470e+00	7.551036e-02	2.340438e-09	2.108777e-09	7.493740e-13	4.579111e-09	1.995359e-12	
52  2.12105	2.247950e+00	1.166190e-01	1.042468e+00	7.561463e-02	2.341116e-09	2.107747e-09	2.694270e-13	4.578194e-09	1.197176e-12	
27  2.2121	2.248212e+00	1.166254e-01	1.042469e+00	7.564831e-02	2.342399e-09	2.108234e-09	2.117609e-13	4.581353e-09	1.288723e-12	
3  2.65765	2.248342e+00	1.166510e-01	1.042470e+00	7.563365e-02	2.343576e-09	2.107584e-09	2.717326e-13	4.578655e-09	1.155027e-12	
2  2.2077	2.248082e+00	1.166298e-01	1.042472e+00	7.560743e-02	2.343175e-09	2.106903e-09	3.831253e-13	4.573880e-09	2.108275e-12	
1  3.16151	2.248158e+00	1.166208e-01	1.042470e+00	7.539199e-02	2.342640e-09	2.107398e-09	5.635522e-13	4.579075e-09	3.237638e-12	
42  1.853	2.248355e+00	1.166146e-01	1.042465e+00	7.551392e-02	2.343696e-09	2.108560e-09	5.744850e-13	4.588938e-09	2.491632e-12	
43  4.71108	2.248224e+00	1.166161e-01	1.042464e+00	7.536492e-02	2.343938e-09	2.107788e-09	1.947943e-13	4.595485e-09	6.942470e-13	
78  1.81287	2.248103e+00	1.166425e-01	1.042467e+00	7.538967e-02	2.343423e-09	2.108972e-09	4.342251e-13	4.584131e-09	1.731215e-12	
62  1.76848	2.247867e+00	1.166266e-01	1.042465e+00	7.548919e-02	2.343415e-09	2.109004e-09	5.541209e-13	4.570489e-09	2.208239e-12	
1  1.64519	2.248423e+00	1.166378e-01	1.042465e+00	7.544420e-02	2.343989e-09	2.108091e-09	3.026802e-13	4.572141e-09	1.367015e-12	
6  2.57564	2.248543e+00	1.166117e-01	1.042465e+00	7.537961e-02	2.345076e-09	2.107982e-09	5.557608e-13	4.550220e-09	1.970209e-12	
7  2.59403	2.249009e+00	1.165815e-01	1.042466e+00	7.536794e-02	2.344311e-09	2.108869e-09	6.534201e-13	4.533941e-09	2.820198e-12	
25  2.7903	2.249191e+00	1.165688e-01	1.042464e+00	7.536821e-02	2.344322e-09	2.108889e-09	6.547295e-13	4.517850e-09	2.276118e-12	
27  4.50536	2.249178e+00	1.165382e-01	1.042464e+00	7.523698e-02	2.345433e-09	2.108450e-09	7.058463e-13	4.500919e-09	3.633330e-12	
4  5.39351	2.248989e+00	1.165217e-01	1.042464e+00	7.523515e-02	2.346081e-09	2.109041e-09	5.374954e-13	4.501499e-09	3.417994e-12	
11  4.67801	2.249003e+00	1.165442e-01	1.042464e+00	7.519601e-02	2.345541e-09	2.109059e-09	6.553258e-13	4.505761e-09	1.672041e-12	
22  5.7975	2.248840e+00	1.165245e-01	1.042464e+00	7.520679e-02	2.344653e-09	2.107894e-09	5.317354e-13	4.504498e-09	1.114652e-12	
2  2.20793	2.248513e+00	1.164964e-01	1.042467e+00	7.537841e-02	2.344522e-09	2.106880e-09	4.404459e-13	4.522996e-09	1.982349e-12	
47  4.31684	2.248910e+00	1.165148e-01	1.042465e+00	7.522962e-02	2.343698e-09	2.109033e-09	7.814186e-13	4.524075e-09	2.217094e-12	
23  3.96937	2.248985e+00	1.165154e-01	1.042462e+00	7.517462e-02	2.343892e-09	2.108919e-09	5.863852e-13	4.533079e-09	3.066100e-12	
6  3.1302	2.248822e+00	1.165344e-01	1.042457e+00	7.521632e-02	2.343344e-09	2.108002e-09	5.888024e-13	4.538463e-09	1.770981e-12	
27  1.64309	2.248804e+00	1.165463e-01	1.042461e+00	7.529864e-02	2.344211e-09	2.108276e-09	4.681042e-13	4.527681e-09	2.424574e-12	
3  3.19048	2.249169e+00	1.165733e-01	1.042464e+00	7.503147e-02	2.344323e-09	2.107958e-09	5.625789e-13	4.524123e-09	1.791948e-12	
39  2.89662	2.249141e+00	1.165587e-01	1.042471e+00	7.513388e-02	2.343853e-09	2.108638e-09	6.131057e-13	4.527986e-09	2.610606e-12	
16  2.50418	2.248918e+00	1.165865e-01	1.042476e+00	7.520300e-02	2.342635e-09	2.108532e-09	5.550143e-13	4.529203e-09	2.767957e-12	
79  3.40684	2.248692e+00	1.165948e-01	1.042474e+00	7.522221e-02	2.342311e-09	2.109171e-09	6.513041e-13	4.528222e-09	3.060579e-12	
53  1.67257	2.248726e+00	1.165751e-01	1.042475e+00	7.539409e-02	2.342521e-09	2.108614e-09	3.345270e-13	4.529901e-09	1.626260e-12	
36  1.50575	2.248863e+00	1.165686e-01	1.042477e+00	7.543849e-02	2.342523e-09	2.108575e-09	3.981432e-13	4.527195e-09	2.305191e-12	
58  1.5009	2.248413e+00	1.165931e-01	1.042478e+00	7.543239e-02	2.343592e-09	2.108752e-09	4.305377e-13	4.532521e-09	1.851945e-12	
8  3.14631	2.248478e+00	1.166023e-01	1.042476e+00	7.545794e-02	2.343538e-09	2.108226e-09	5.567833e-13	4.520353e-09	1.851373e-12	
3  7.75769	2.248754e+00	1.165803e-01	1.042477e+00	7.532673e-02	2.342645e-09	2.109067e-09	1.110917e-12	4.529875e-09	2.189744e-12	
18  3.61348	2.248819e+00	1.165756e-01	1.042478e+00	7.529186e-02	2.343398e-09	2.109413e-09	6.897542e-13	4.533434e-09	2.175826e-12	
27  4.05861	2.248622e+00	1.165317e-01	1.042478e+00	7.536086e-02	2.344032e-09	2.110404e-09	7.151318e-13	4.533893e-09	2.503187e-12	
1  5.8834	2.248793e+00	1.165681e-01	1.042477e+00	7.539702e-02	2.345636e-09	2.110465e-09	1.010332e-12	4.542803e-09	2.751476e-12	
7  3.52466	2.248716e+00	1.165553e-01	1.042475e+00	7.551123e-02	2.343979e-09	2.110586e-09	6.236580e-13	4.551492e-09	2.851999e-12	
1  2.6153	2.248877e+00	1.165492e-01	1.042474e+00	7.565583e-02	2.344898e-09	2.109193e-09	4.350143e-13	4.546657e-09	1.486431e-12	
31  2.64404	2.248846e+00	1.165718e-01	1.042473e+00	7.582508e-02	2.344771e-09	2.108683e-09	3.290113e-13	4.527955e-09	2.546898e-12	
6  3.17023	2.248514e+00	1.165650e-01	1.042474e+00	7.587850e-02	2.345201e-09	2.108747e-09	5.592392e-13	4.522257e-09	2.728838e-12	
26  6.42433	2.248542e+00	1.165774e-01	1.042470e+00	7.576942e-02	2.345851e-09	2.109755e-09	9.334651e-13	4.513786e-09	4.302496e-12	
58  2.58326	2.248365e+00	1.166170e-01	1.042473e+00	7.579158e-02	2.345711e-09	2.109526e-09	6.174050e-13	4.522827e-09	2.584654e-12	
26  2.81465	2.248495e+00	1.165899e-01	1.042474e+00	7.591372e-02	2.345729e-09	2.110275e-09	5.974747e-13	4.529223e-09	3.171745e-12	
56  2.12434	2.248122e+00	1.165726e-01	1.042477e+00	7.579137e-02	2.346348e-09	2.110787e-09	5.408752e-13	4.528374e-09	2.071138e-12	
13  2.14861	2.248219e+00	1.166085e-01	1.042476e+00	7.578745e-02	2.345627e-09	2.111101e-09	5.377159e-13	4.527680e-09	2.090290e-12	
11  1.74072	2.248024e+00	1.165962e-01	1.042478e+00	7.592045e-02	2.345300e-09	2.111039e-09	5.442420e-13	4.527782e-09	2.322807e-12	
1  2.14996	2.248485e+00	1.166111e-01	1.042479e+00	7.606643e-02	2.344106e-09	2.111485e-09	3.573561e-13	4.535905e-09	2.222819e-12	
7  2.57725	2.248208e+00	1.166094e-01	1.042482e+00	7.617328e-02	2.345477e-09	2.111787e-09	6.808823e-13	4.527011e-09	2.897521e-12	
3  2.52943	2.248318e+00	1.165881e-01	1.042483e+00	7.620668e-02	2.345824e-09	2.110646e-09	2.748304e-13	4.535330e-09	1.170286e-12	
49  1.9541	2.248290e+00	1.165860e-01	1.042479e+00	7.621947e-02	2.346272e-09	2.111678e-09	5.306274e-13	4.536870e-09	2.122058e-12	
12  3.01872	2.248346e+00	1.165724e-01	1.042480e+00	7.611159e-02	2.346057e-09	2.111638e-09	4.793258e-13	4.544995e-09	1.506175e-12	
5  4.44175	2.248907e+00	1.165573e-01	1.042483e+00	7.630564e-02	2.345679e-09	2.111365e-09	7.105060e-13	4.549916e-09	2.154182e-12	
37  2.31708	2.248719e+00	1.165432e-01	1.042482e+00	7.635259e-02	2.345951e-09	2.112138e-09	6.288098e-13	4.550514e-09	2.638141e-12	
79  1.94383	2.248663e+00	1.165154e-01	1.042483e+00	7.613172e-02	2.345301e-09	2.112198e-09	4.489212e-13	4.560953e-09	2.187103e-12	
63  1.89917	2.248740e+00	1.165284e-01	1.042479e+00	7.620742e-02	2.345241e-09	2.111645e-09	5.466718e-13	4.563927e-09	2.217884e-12	
2  1.78557	2.248442e+00	1.165166e-01	1.042478e+00	7.626774e-02	2.344573e-09	2.111915e-09	5.615919e-13	4.558804e-09	2.395393e-12	
6  2.00958	2.248459e+00	1.165297e-01	1.042477e+00	7.634765e-02	2.344491e-09	2.111905e-09	5.160524e-13	4.560104e-09	1.956691e-12	
45  2.27345	2.248709e+00	1.165180e-01	1.042477e+00	7.634952e-02	2.344464e-09	2.113098e-09	5.825153e-13	4.561807e-09	2.342248e-12	
19  3.29635	2.248429e+00	1.165230e-01	1.042474e+00	7.620306e-02	2.344339e-09	2.112469e-09	5.457249e-13	4.573964e-09	3.051655e-12	
31  1.29573	2.248742e+00	1.165438e-01	1.042473e+00	7.614217e-02	2.344506e-09	2.110272e-09	3.529409e-13	4.583583e-09	1.704970e-12	
70  3.45587	2.248432e+00	1.165692e-01	1.042473e+00	7.623662e-02	2.344396e-09	2.109631e-09	1.996690e-13	4.572306e-09	1.839836e-12	
18  3.57139	2.248632e+00	1.166065e-01	1.042469e+00	7.618515e-02	2.344816e-09	2.110402e-09	6.597668e-13	4.578935e-09	2.269146e-12	
26  3.61629	2.248504e+00	1.166447e-01	1.042473e+00	7.604679e-02	2.344073e-09	2.109445e-09	2.795774e-13	4.588430e-09	2.370483e-12	
88  3.00591	2.248741e+00	1.166349e-01	1.042473e+00	7.603049e-02	2.343578e-09	2.109059e-09	3.092144e-13	4.581861e-09	1.236940e-12	
109  2.02691	2.248667e+00	1.165978e-01	1.042477e+00	7.622830e-02	2.343763e-09	2.109194e-09	2.701476e-13	4.579205e-09	1.656158e-12	
34  1.65877	2.248389e+00	1.165937e-01	1.042478e+00	7.615748e-02	2.343923e-09	2.110046e-09	4.478855e-13	4.577292e-09	2.395136e-12	
5  3.3311	2.248619e+00	1.166071e-01	1.042478e+00	7.605050e-02	2.343855e-09	2.111217e-09	7.845321e-13	4.569769e-09	2.567676e-12	
19  2.6805	2.248664e+00	1.165866e-01	1.042481e+00	7.582063e-02	2.344569e-09	2.111005e-09	4.318556e-13	4.573586e-09	2.493979e-12	
2  3.58942	2.248953e+00	1.166056e-01	1.042484e+00	7.582253e-02	2.344543e-09	2.111099e-09	3.357667e-13	4.569919e-09	1.342817e-12	
50  2.84648	2.248660e+00	1.166060e-01	1.042486e+00	7.567284e-02	2.343733e-09	2.111031e-09	5.208909e-13	4.572038e-09	2.176836e-12	
10  5.37962	2.248678e+00	1.165835e-01	1.042483e+00	7.560000e-02	2.344067e-09	2.111115e-09	7.591227e-13	4.554151e-09	1.821984e-12	
1  5.47609	2.248653e+00	1.165997e-01	1.042485e+00	7.550158e-02	2.344222e-09	2.110800e-09	3.188367e-13	4.565506e-09	1.192714e-12	
3  4.42217	2.248346e+00	1.166490e-01	1.042480e+00	7.543831e-02	2.344678e-09	2.110112e-09	5.436315e-13	4.563054e-09	1.432115e-12	
16  3.39995	2.248403e+00	1.166617e-01	1.042482e+00	7.541455e-02	2.344098e-09	2.110424e-09	4.632437e-13	4.557649e-09	1.813744e-12	
12  2.6235	2.248640e+00	1.166782e-01	1.042482e+00	7.545073e-02	2.343786e-09	2.109251e-09	4.630650e-13	4.568950e-09	2.716789e-12	
14  1.99866	2.248320e+00	1.166590e-01	1.042482e+00	7.535479e-02	2.343953e-09	2.108785e-09	3.058190e-13	4.558879e-09	1.761223e-12	
18  2.58287	2.248407e+00	1.166857e-01	1.042482e+00	7.544815e-02	2.342879e-09	2.109658e-09	4.938196e-13	4.560707e-09	2.663551e-12	
10  3.28871	2.248131e+00	1.166865e-01	1.042482e+00	7.532148e-02	2.342535e-09	2.110030e-09	6.347631e-13	4.555551e-09	2.286686e-12	
23  2.99402	2.248162e+00	1.166355e-01	1.042479e+00	7.538276e-02	2.343131e-09	2.110080e-09	6.094884e-13	4.567271e-09	2.264605e-12	
10  1.83444	2.248040e+00	1.166247e-01	1.042484e+00	7.537742e-02	2.342768e-09	2.108632e-09	3.255222e-13	4.554970e-09	2.135704e-12	
36  1.57713	2.247885e+00	1.166331e-01	1.042485e+00	7.537962e-02	2.343729e-09	2.109201e-09	3.819665e-13	4.550770e-09	2.028209e-12	
7  2.05693	2.248145e+00	1.166256e-01	1.042482e+00	7.539450e-02	2.345353e-09	2.108504e-09	5.542135e-13	4.563909e-09	2.276198e-12	
7  1.79321	2.247978e+00	1.166354e-01	1.042483e+00	7.541572e-02	2.346154e-09	2.108811e-09	4.586390e-13	4.548644e-09	2.652992e-12	
62  2.64213	2.247940e+00	1.166516e-01	1.042478e+00	7.540950e-02	2.345635e-09	2.107913e-09	5.898786e-13	4.556043e-09	2.809820e-12	
14  2.53719	2.248077e+00	1.166680e-01	1.042479e+00	7.522943e-02	2.344515e-09	2.108587e-09	5.756864e-13	4.543428e-09	2.053474e-12	
12  2.56064	2.248220e+00	1.166459e-01	1.042480e+00	7.513740e-02	2.345182e-09	2.108767e-09	3.756018e-13	4.533801e-09	1.566959e-12	
22  4.53086	2.247975e+00	1.166378e-01	1.042479e+00	7.517860e-02	2.344944e-09	2.108176e-09	5.409532e-13	4.540310e-09	3.509611e-12	
17  4.40398	2.247698e+00	1.166503e-01	1.042478e+00	7.512148e-02	2.344969e-09	2.108216e-09	8.625023e-13	4.535044e-09	3.270122e-12	
13  1.77502	2.247233e+00	1.166209e-01	1.042476e+00	7.501578e-02	2.345036e-09	2.108007e-09	3.195717e-13	4.536768e-09	2.019908e-12	
3  3.04173	2.247318e+00	1.166312e-01	1.042479e+00	7.479289e-02	2.345281e-09	2.106218e-09	6.087181e-13	4.525905e-09	2.981640e-12	
56  2.58313	2.247249e+00	1.166288e-01	1.042479e+00	7.467323e-02	2.345732e-09	2.106472e-09	5.533634e-13	4.529495e-09	2.829268e-12	
29  1.52355	2.247062e+00	1.166274e-01	1.042478e+00	7.476532e-02	2.345100e-09	2.106054e-09	2.315029e-13	4.528610e-09	1.819821e-12	
164  1.00244	2.246991e+00	1.165928e-01	1.042481e+00	7.475198e-02	2.345725e-09	2.105782e-09	3.249936e-13	4.537816e-09	2.203567e-12	
37  1.34402	2.246391e+00	1.165995e-01	1.042482e+00	7.488212e-02	2.346036e-09	2.105219e-09	2.305528e-13	4.536991e-09	2.014154e-12	
52  2.93849	2.246539e+00	1.165992e-01	1.042482e+00	7.489425e-02	2.346340e-09	2.105059e-09	2.137969e-13	4.542017e-09	2.189259e-12	
58  4.40803	2.246620e+00	1.165984e-01	1.042485e+00	7.504674e-02	2.347126e-09	2.104190e-09	3.001880e-13	4.533057e-09	2.474292e-12	
6  3.36403	2.246969e+00	1.166232e-01	1.042487e+00	7.506502e-02	2.347322e-09	2.105470e-09	3.994064e-13	4.531815e-09	1.980594e-12	
14  3.48709	2.247169e+00	1.166251e-01	1.042490e+00	7.502945e-02	2.347363e-09	2.105905e-09	4.181380e-13	4.521255e-09	1.753650e-12	
10  2.01144	2.247498e+00	1.165965e-01	1.042490e+00	7.503435e-02	2.347162e-09	2.106335e-09	4.049100e-13	4.528153e-09	1.897658e-12	
13  0.708706	2.247361e+00	1.165842e-01	1.042490e+00	7.500380e-02	2.347001e-09	2.105795e-09	2.344724e-13	4.530737e-09	1.491442e-12	
77  1.4555	2.247271e+00	1.165751e-01	1.042492e+00	7.505187e-02	2.346403e-09	2.105731e-09	3.284704e-13	4.530614e-09	2.275250e-12	
114  2.43399	2.247367e+00	1.165740e-01	1.042488e+00	7.515895e-02	2.348666e-09	2.104551e-09	2.158823e-13	4.522218e-09	1.601789e-12	
199  2.26582	2.247430e+00	1.165571e-01	1.042485e+00	7.511909e-02	2.349073e-09	2.104494e-09	1.483318e-13	4.519266e-09	1.527508e-12	
40  3.02219	2.247436e+00	1.165485e-01	1.042485e+00	7.506450e-02	2.348454e-09	2.103608e-09	1.928992e-13	4.527885e-09	1.540302e-12	
12  1.7396	2.247251e+00	1.165331e-01	1.042482e+00	7.511570e-02	2.346715e-09	2.104621e-09	2.115186e-13	4.525148e-09	1.764965e-12	
26  2.31677	2.247181e+00	1.165637e-01	1.042482e+00	7.529334e-02	2.346600e-09	2.104765e-09	1.765651e-13	4.527217e-09	1.514678e-12	
3  1.68704	2.247322e+00	1.165429e-01	1.042479e+00	7.523723e-02	2.346560e-09	2.106529e-09	2.151656e-13	4.518964e-09	1.085400e-12	
53  0.784572	2.247041e+00	1.165604e-01	1.042478e+00	7.512519e-02	2.346927e-09	2.106613e-09	3.110176e-13	4.520109e-09	2.049195e-12	
2  3.26371	2.246896e+00	1.165613e-01	1.042479e+00	7.502661e-02	2.345965e-09	2.106842e-09	4.197151e-13	4.521600e-09	3.039589e-12	
13  1.58378	2.246876e+00	1.165309e-01	1.042479e+00	7.488361e-02	2.345969e-09	2.105574e-09	3.332247e-13	4.513634e-09	1.636873e-12	
19  0.748108	2.246931e+00	1.165481e-01	1.042481e+00	7.496593e-02	2.346532e-09	2.106589e-09	2.394561e-13	4.517411e-09	1.350074e-12	
32  1.19682	2.247002e+00	1.165554e-01	1.042480e+00	7.492443e-02	2.345299e-09	2.107151e-09	2.343810e-13	4.506594e-09	1.616480e-12	
37  4.42577	2.246823e+00	1.165577e-01	1.042479e+00	7.483964e-02	2.345129e-09	2.107241e-09	4.355519e-13	4.508568e-09	1.185679e-12	
8  6.52433	2.246837e+00	1.165400e-01	1.042479e+00	7.471923e-02	2.345586e-09	2.107043e-09	9.322220e-13	4.510776e-09	2.977891e-12	
8  4.05967	2.247065e+00	1.165428e-01	1.042475e+00	7.464814e-02	2.347230e-09	2.107058e-09	5.581852e-13	4.504105e-09	1.781501e-12	
120  1.26049	2.247325e+00	1.165421e-01	1.042475e+00	7.483912e-02	2.347602e-09	2.107059e-09	3.820049e-13	4.490547e-09	2.004296e-12	
6  1.27861	2.247192e+00	1.165729e-01	1.042471e+00	7.499171e-02	2.347410e-09	2.106567e-09	1.721458e-13	4.492203e-09	1.247910e-12	
32  1.34844	2.247307e+00	1.165748e-01	1.042466e+00	7.496227e-02	2.347668e-09	2.106041e-09	3.376665e-13	4.492044e-09	1.663868e-12	
19  1.51848	2.247215e+00	1.165697e-01	1.042463e+00	7.484368e-02	2.346500e-09	2.106878e-09	3.200079e-13	4.476585e-09	1.364750e-12	
17  2.93491	2.247221e+00	1.165427e-01	1.042465e+00	7.464689e-02	2.347139e-09	2.106378e-09	4.341159e-13	4.477666e-09	1.505392e-12	
63  3.05831	2.247305e+00	1.165203e-01	1.042464e+00	7.454734e-02	2.347093e-09	2.106989e-09	3.993140e-13	4.469704e-09	2.459730e-12	
193  1.63862	2.247239e+00	1.165363e-01	1.042464e+00	7.453125e-02	2.346329e-09	2.106454e-09	3.648244e-13	4.456673e-09	2.035960e-12	
83  0.836969	2.247610e+00	1.165703e-01	1.042468e+00	7.471839e-02	2.346511e-09	2.105782e-09	3.411557e-13	4.460348e-09	1.986707e-12	
11  1.48854	2.247727e+00	1.165835e-01	1.042471e+00	7.468907e-02	2.347019e-09	2.106405e-09	4.242797e-13	4.454953e-09	2.104587e-12	
35  1.48675	2.247713e+00	1.165693e-01	1.042475e+00	7.474582e-02	2.346509e-09	2.106500e-09	4.307995e-13	4.471554e-09	2.293707e-12	
23  1.51018	2.248147e+00	1.165981e-01	1.042475e+00	7.485838e-02	2.346293e-09	2.106822e-09	4.528441e-13	4.478822e-09	2.261439e-12	
11  1.87481	2.247975e+00	1.166041e-01	1.042475e+00	7.481030e-02	2.346101e-09	2.107480e-09	4.070623e-13	4.488668e-09	1.871171e-12	
10  1.94432	2.248077e+00	1.166140e-01	1.042471e+00	7.490045e-02	2.346220e-09	2.107139e-09	4.577038e-13	4.476858e-09	1.847175e-12	
26  3.58552	2.248080e+00	1.166097e-01	1.042474e+00	7.476852e-02	2.344528e-09	2.107430e-09	5.622135e-13	4.483663e-09	1.739385e-12	
24  2.90847	2.247864e+00	1.165904e-01	1.042474e+00	7.491161e-02	2.344310e-09	2.107886e-09	6.532505e-13	4.487125e-09	2.757553e-12	
42  1.50498	2.247762e+00	1.166128e-01	1.042472e+00	7.507581e-02	2.343975e-09	2.107534e-09	4.766181e-13	4.499482e-09	2.084390e-12	
11  2.61264	2.247669e+00	1.165937e-01	1.042474e+00	7.505573e-02	2.343581e-09	2.107513e-09	3.635852e-13	4.486403e-09	1.260368e-12	
1  0.841284	2.247577e+00	1.166008e-01	1.042476e+00	7.538690e-02	2.343650e-09	2.107833e-09	2.588077e-13	4.497613e-09	1.499737e-12	
11  1.19621	2.247276e+00	1.165901e-01	1.042476e+00	7.546064e-02	2.343619e-09	2.107862e-09	3.814060e-13	4.501434e-09	2.376011e-12	
17  0.887251	2.247171e+00	1.166105e-01	1.042478e+00	7.549272e-02	2.343321e-09	2.107705e-09	2.564473e-13	4.503547e-09	1.883204e-12	
14  1.56795	2.247097e+00	1.166351e-01	1.042478e+00	7.546042e-02	2.342855e-09	2.106705e-09	3.052954e-13	4.512717e-09	2.043199e-12	
76  4.95725	2.247014e+00	1.166466e-01	1.042479e+00	7.518311e-02	2.341564e-09	2.106447e-09	2.014290e-13	4.513541e-09	6.443879e-13	
5  3.27051	2.247311e+00	1.166399e-01	1.042481e+00	7.514558e-02	2.341206e-09	2.106288e-09	1.479628e-13	4.508964e-09	1.337863e-12	
1  1.24743	2.247240e+00	1.166294e-01	1.042482e+00	7.511582e-02	2.341688e-09	2.107409e-09	3.864450e-13	4.514617e-09	1.718777e-12	
156  1.53781	2.247326e+00	1.166572e-01	1.042481e+00	7.512272e-02	2.341897e-09	2.107804e-09	5.168697e-13	4.501488e-09	2.563433e-12	
3  5.12429	2.247451e+00	1.166653e-01	1.042482e+00	7.519847e-02	2.341799e-09	2.108468e-09	9.943489e-13	4.491747e-09	3.176070e-12	
4  4.58598	2.247785e+00	1.166641e-01	1.042478e+00	7.524549e-02	2.341229e-09	2.109330e-09	6.633148e-13	4.490085e-09	1.641492e-12	
17  3.59454	2.247887e+00	1.166776e-01	1.042478e+00	7.523089e-02	2.340794e-09	2.108029e-09	7.851157e-13	4.479187e-09	2.666223e-12	
2  1.98824	2.247932e+00	1.166620e-01	1.042479e+00	7.533792e-02	2.342298e-09	2.108827e-09	3.193032e-13	4.479854e-09	2.146109e-12	
3  3.04925	2.247933e+00	1.166671e-01	1.042480e+00	7.531166e-02	2.340950e-09	2.107674e-09	5.841889e-13	4.492413e-09	2.033913e-12	
13  2.48321	2.247733e+00	1.166822e-01	1.042477e+00	7.521790e-02	2.340031e-09	2.109254e-09	6.512092e-13	4.481734e-09	2.691740e-12	
1  3.29213	2.247786e+00	1.166777e-01	1.042477e+00	7.528711e-02	2.340002e-09	2.108529e-09	8.252957e-13	4.494284e-09	3.130127e-12	
17  2.76992	2.247480e+00	1.166458e-01	1.042477e+00	7.530710e-02	2.340625e-09	2.108249e-09	7.097271e-13	4.499108e-09	2.994161e-12	
9  2.38503	2.246975e+00	1.166599e-01	1.042476e+00	7.524357e-02	2.339964e-09	2.106897e-09	5.448926e-13	4.500244e-09	2.546288e-12	
27  2.82196	2.246842e+00	1.166230e-01	1.042478e+00	7.504155e-02	2.340494e-09	2.106607e-09	3.570274e-13	4.496530e-09	2.820946e-12	
29  1.56481	2.246871e+00	1.166144e-01	1.042476e+00	7.488589e-02	2.341349e-09	2.106761e-09	4.795285e-13	4.493017e-09	2.659334e-12	
3  1.1022	2.246981e+00	1.166098e-01	1.042478e+00	7.470273e-02	2.339562e-09	2.105789e-09	3.801033e-13	4.485201e-09	1.753657e-12	
77  1.24418	2.247283e+00	1.166051e-01	1.042475e+00	7.482008e-02	2.339393e-09	2.105720e-09	4.350532e-13	4.488247e-09	2.503933e-12	
54  1.09613	2.247060e+00	1.166046e-01	1.042477e+00	7.498230e-02	2.337919e-09	2.106336e-09	3.904624e-13	4.482874e-09	2.458622e-12	
43  1.14514	2.247176e+00	1.165947e-01	1.042478e+00	7.508145e-02	2.338830e-09	2.106595e-09	3.790643e-13	4.486524e-09	1.769554e-12	
75  0.747595	2.247299e+00	1.165610e-01	1.042479e+00	7.503767e-02	2.338431e-09	2.106796e-09	2.853807e-13	4.472710e-09	1.807051e-12	
4  1.89242	2.246927e+00	1.165705e-01	1.042479e+00	7.496986e-02	2.337677e-09	2.106799e-09	5.593930e-13	4.455546e-09	2.857919e-12	
24  1.1388	2.246865e+00	1.166048e-01	1.042479e+00	7.485118e-02	2.339203e-09	2.106212e-09	2.962241e-13	4.459524e-09	1.429870e-12	
14  0.979496	2.246934e+00	1.166260e-01	1.042478e+00	7.478985e-02	2.339829e-09	2.105965e-09	3.424054e-13	4.466231e-09	2.291520e-12	
113  0.87085	2.246867e+00	1.166254e-01	1.042480e+00	7.480936e-02	2.340155e-09	2.106016e-09	2.717506e-13	4.472472e-09	1.937252e-12	
1  2.49336	2.246890e+00	1.165961e-01	1.042479e+00	7.492828e-02	2.339180e-09	2.106020e-09	3.755752e-13	4.473634e-09	1.418968e-12	
10  3.13325	2.247444e+00	1.165944e-01	1.042479e+00	7.494927e-02	2.338018e-09	2.106845e-09	1.882607e-13	4.470705e-09	1.146989e-12	
91  1.80614	2.247402e+00	1.165683e-01	1.042478e+00	7.509926e-02	2.337836e-09	2.107757e-09	4.713088e-13	4.480869e-09	1.806961e-12	
6  1.13728	2.247693e+00	1.165514e-01	1.042478e+00	7.527188e-02	2.338641e-09	2.108110e-09	3.331054e-13	4.478392e-09	2.070320e-12	
8  4.41002	2.247348e+00	1.165726e-01	1.042481e+00	7.533569e-02	2.337678e-09	2.108385e-09	8.963380e-13	4.485136e-09	2.819918e-12	
50  6.10985	2.247464e+00	1.165499e-01	1.042482e+00	7.532191e-02	2.338031e-09	2.108744e-09	4.951976e-13	4.493556e-09	9.838211e-13	
11  6.02158	2.247395e+00	1.165507e-01	1.042483e+00	7.533999e-02	2.338015e-09	2.108784e-09	1.601457e-13	4.510297e-09	1.302172e-12	
8  6.51299	2.247776e+00	1.165702e-01	1.042482e+00	7.554739e-02	2.339170e-09	2.109028e-09	9.814748e-13	4.520398e-09	2.328995e-12	
4  6.38078	2.247573e+00	1.165875e-01	1.042483e+00	7.547970e-02	2.339145e-09	2.108610e-09	1.904395e-13	4.514610e-09	1.993727e-12	
23  2.8269	2.247593e+00	1.166276e-01	1.042485e+00	7.559638e-02	2.338749e-09	2.109085e-09	4.652734e-13	4.525486e-09	1.518480e-12	
9  3.04378	2.247958e+00	1.166228e-01	1.042484e+00	7.564714e-02	2.338648e-09	2.109429e-09	5.830784e-13	4.534364e-09	3.387565e-12	
1  1.47972	2.247963e+00	1.165695e-01	1.042480e+00	7.551607e-02	2.338322e-09	2.109448e-09	4.600528e-13	4.534209e-09	2.130807e-12	
19  1.81444	2.247698e+00	1.165724e-01	1.042476e+00	7.559851e-02	2.339664e-09	2.108211e-09	3.918541e-13	4.525359e-09	1.616686e-12	
87  1.88217	2.247734e+00	1.165716e-01	1.042476e+00	7.563973e-02	2.339658e-09	2.107735e-09	4.444369e-13	4.522039e-09	2.555869e-12	
11  1.87906	2.247501e+00	1.165829e-01	1.042471e+00	7.560261e-02	2.340319e-09	2.109121e-09	4.894531e-13	4.532371e-09	1.794075e-12	
30  0.998532	2.247491e+00	1.165774e-01	1.042471e+00	7.572143e-02	2.340356e-09	2.108545e-09	3.389267e-13	4.532184e-09	2.166955e-12	
4  2.00265	2.247666e+00	1.165723e-01	1.042473e+00	7.568273e-02	2.339522e-09	2.108600e-09	5.072864e-13	4.539108e-09	2.012397e-12	
99  2.34518	2.247515e+00	1.165631e-01	1.042475e+00	7.599061e-02	2.338990e-09	2.108099e-09	1.953948e-13	4.536597e-09	1.299501e-12	
9  1.79089	2.247454e+00	1.165462e-01	1.042476e+00	7.605181e-02	2.340306e-09	2.109325e-09	4.037478e-13	4.525379e-09	2.526994e-12	
1  2.69632	2.247606e+00	1.165395e-01	1.042478e+00	7.604168e-02	2.340884e-09	2.111009e-09	3.310382e-13	4.512898e-09	1.169760e-12	
135  1.37572	2.247682e+00	1.165921e-01	1.042477e+00	7.614613e-02	2.341170e-09	2.111615e-09	3.298907e-13	4.513148e-09	1.778506e-12	
2  1.83659	2.247816e+00	1.165630e-01	1.042475e+00	7.624829e-02	2.341695e-09	2.111359e-09	4.915341e-13	4.524262e-09	2.821243e-12	
19  2.27906	2.247814e+00	1.165514e-01	1.042474e+00	7.625473e-02	2.341475e-09	2.111342e-09	2.400689e-13	4.525938e-09	1.203036e-12	
4  4.55201	2.247689e+00	1.165354e-01	1.042473e+00	7.623126e-02	2.342552e-09	2.110838e-09	7.816450e-13	4.519804e-09	2.660796e-12	
23  2.42355	2.247634e+00	1.165346e-01	1.042472e+00	7.625786e-02	2.342225e-09	2.110834e-09	3.816223e-13	4.519632e-09	1.416362e-12	
43  1.39441	2.247935e+00	1.165363e-01	1.042472e+00	7.636328e-02	2.343704e-09	2.111119e-09	2.920097e-13	4.520535e-09	2.072855e-12	
10  2.0114	2.248153e+00	1.165405e-01	1.042474e+00	7.618836e-02	2.344537e-09	2.110841e-09	4.000671e-13	4.517555e-09	2.682861e-12	
5  5.14079	2.248348e+00	1.165498e-01	1.042470e+00	7.613335e-02	2.344646e-09	2.110907e-09	9.339967e-13	4.521835e-09	3.625915e-12	
15  1.9145	2.248558e+00	1.165685e-01	1.042475e+00	7.605673e-02	2.345646e-09	2.111462e-09	4.615351e-13	4.507820e-09	1.789690e-12	
46  2.51691	2.248741e+00	1.165463e-01	1.042479e+00	7.599967e-02	2.345655e-09	2.111214e-09	6.573260e-13	4.514881e-09	2.603200e-12	
13  2.13784	2.248678e+00	1.165482e-01	1.042479e+00	7.595891e-02	2.344375e-09	2.111516e-09	3.986409e-13	4.514687e-09	1.686637e-12	
6  2.09246	2.248874e+00	1.165249e-01	1.042478e+00	7.600820e-02	2.343801e-09	2.110463e-09	4.898386e-13	4.520279e-09	1.868039e-12	
35  3.00799	2.248800e+00	1.165403e-01	1.042484e+00	7.596627e-02	2.341851e-09	2.109182e-09	1.843077e-13	4.520417e-09	1.495181e-12	
27  1.64324	2.248849e+00	1.165586e-01	1.042485e+00	7.592987e-02	2.341172e-09	2.108696e-09	3.214423e-13	4.518177e-09	2.192534e-12	
39  5.58541	2.248861e+00	1.165494e-01	1.042484e+00	7.593729e-02	2.341160e-09	2.108323e-09	7.477919e-13	4.528131e-09	3.466880e-12	
35  4.50798	2.249127e+00	1.165494e-01	1.042483e+00	7.590058e-02	2.341699e-09	2.108381e-09	2.247910e-13	4.526403e-09	2.218560e-12	
9  3.26795	2.249570e+00	1.165424e-01	1.042481e+00	7.572905e-02	2.341349e-09	2.108470e-09	6.890208e-13	4.520819e-09	2.884117e-12	
12  3.85756	2.249524e+00	1.165518e-01	1.042480e+00	7.564478e-02	2.341210e-09	2.108918e-09	8.034080e-13	4.531278e-09	3.618811e-12	
36  3.70327	2.250014e+00	1.165231e-01	1.042478e+00	7.550147e-02	2.341542e-09	2.108754e-09	6.372378e-13	4.526756e-09	3.465172e-12	
12  4.77157	2.249747e+00	1.165193e-01	1.042479e+00	7.546346e-02	2.341280e-09	2.108840e-09	1.004474e-12	4.529531e-09	3.297713e-12	
3  4.03393	2.249505e+00	1.165156e-01	1.042481e+00	7.533913e-02	2.341604e-09	2.108628e-09	8.135226e-13	4.525712e-09	3.607440e-12	
52  1.45862	2.249448e+00	1.165305e-01	1.042478e+00	7.546918e-02	2.341726e-09	2.108245e-09	3.507377e-13	4.516743e-09	2.050603e-12	
5  1.31805	2.249309e+00	1.165409e-01	1.042471e+00	7.553841e-02	2.341637e-09	2.107955e-09	3.488287e-13	4.515165e-09	2.120853e-12	
26  1.4846	2.249342e+00	1.165407e-01	1.042470e+00	7.547424e-02	2.341854e-09	2.106945e-09	2.664915e-13	4.534640e-09	1.589000e-12	
36  1.48324	2.248577e+00	1.165537e-01	1.042468e+00	7.551144e-02	2.342353e-09	2.108921e-09	5.100289e-13	4.533387e-09	2.354097e-12	
8  2.32649	2.248678e+00	1.165511e-01	1.042474e+00	7.532931e-02	2.342501e-09	2.108669e-09	5.479990e-13	4.539156e-09	1.975235e-12	
20  2.76532	2.248347e+00	1.165541e-01	1.042471e+00	7.536015e-02	2.343361e-09	2.108713e-09	6.844587e-13	4.539619e-09	2.514778e-12	
29  3.06244	2.248363e+00	1.165331e-01	1.042468e+00	7.547437e-02	2.342853e-09	2.108607e-09	6.904778e-13	4.543129e-09	3.215866e-12	
11  2.53951	2.248754e+00	1.165086e-01	1.042465e+00	7.545346e-02	2.342613e-09	2.108459e-09	2.896880e-13	4.543089e-09	1.133704e-12	
5  1.42336	2.248650e+00	1.165442e-01	1.042465e+00	7.539701e-02	2.342010e-09	2.108366e-09	3.159179e-13	4.537517e-09	1.663209e-12	
9  2.77563	2.248450e+00	1.165461e-01	1.042465e+00	7.539732e-02	2.341831e-09	2.109087e-09	3.338837e-13	4.530358e-09	1.252652e-12	
8  5.04684	2.248176e+00	1.165695e-01	1.042465e+00	7.536047e-02	2.342432e-09	2.108337e-09	9.456639e-13	4.524282e-09	3.734876e-12	
29  3.05767	2.248393e+00	1.165785e-01	1.042465e+00	7.528974e-02	2.343384e-09	2.108723e-09	6.805849e-13	4.513452e-09	2.218279e-12	
6  4.19106	2.248524e+00	1.165800e-01	1.042469e+00	7.518853e-02	2.342027e-09	2.109022e-09	8.131699e-13	4.514013e-09	3.463464e-12	
11  3.10161	2.248354e+00	1.165809e-01	1.042471e+00	7.520890e-02	2.342962e-09	2.108265e-09	3.753639e-13	4.513813e-09	1.209764e-12	
44  2.81055	2.248127e+00	1.165772e-01	1.042463e+00	7.523279e-02	2.343895e-09	2.107634e-09	6.349338e-13	4.516270e-09	2.350410e-12	
3  1.70371	2.248189e+00	1.165855e-01	1.042460e+00	7.531242e-02	2.343498e-09	2.108012e-09	3.967982e-13	4.523578e-09	1.522809e-12	
47  1.49779	2.248180e+00	1.165913e-01	1.042464e+00	7.528580e-02	2.344587e-09	2.107878e-09	4.969669e-13	4.521302e-09	2.373645e-12	
15  2.39089	2.248661e+00	1.166129e-01	1.042466e+00	7.530328e-02	2.344367e-09	2.107628e-09	2.279724e-13	4.525084e-09	1.125551e-12	
129  1.03752	2.248602e+00	1.166067e-01	1.042467e+00	7.511580e-02	2.346226e-09	2.106112e-09	3.292912e-13	4.517946e-09	1.969174e-12	
61  0.964367	2.248662e+00	1.165606e-01	1.042467e+00	7.513572e-02	2.345218e-09	2.105738e-09	2.562670e-13	4.525396e-09	1.620383e-12	
43  6.04686	2.248567e+00	1.165645e-01	1.042467e+00	7.506163e-02	2.345073e-09	2.103822e-09	3.066813e-13	4.531121e-09	1.177641e-12	
39  5.91373	2.248853e+00	1.166020e-01	1.042467e+00	7.486917e-02	2.345276e-09	2.102309e-09	2.790597e-13	4.542509e-09	1.363380e-12	
181  5.8723	2.248769e+00	1.166026e-01	1.042469e+00	7.491774e-02	2.345247e-09	2.101533e-09	2.106293e-13	4.528493e-09	1.746795e-12	
25  7.14806	2.249009e+00	1.165998e-01	1.042464e+00	7.499720e-02	2.347451e-09	2.101093e-09	1.092426e-13	4.519298e-09	1.176999e-12	
27  8.00098	2.248807e+00	1.165893e-01	1.042462e+00	7.489273e-02	2.347313e-09	2.102233e-09	3.144302e-13	4.520033e-09	1.408957e-12	
320  4.28511	2.248549e+00	1.166255e-01	1.042460e+00	7.487823e-02	2.347352e-09	2.101959e-09	1.586109e-13	4.514207e-09	1.242111e-12	
52  1.38601	2.248673e+00	1.166568e-01	1.042457e+00	7.460268e-02	2.347605e-09	2.103287e-09	2.598658e-13	4.513582e-09	1.717946e-12	
177  1.0281	2.248429e+00	1.166408e-01	1.042459e+00	7.458226e-02	2.348057e-09	2.104042e-09	2.920227e-13	4.515272e-09	1.673145e-12	
186  0.99063	2.248307e+00	1.166310e-01	1.042459e+00	7.465139e-02	2.347486e-09	2.104535e-09	2.696096e-13	4.521747e-09	1.879491e-12	
24  2.08611	2.248086e+00	1.166124e-01	1.042459e+00	7.445467e-02	2.346659e-09	2.103791e-09	4.308477e-13	4.523144e-09	2.455293e-12	
46  2.56171	2.247740e+00	1.165839e-01	1.042456e+00	7.448921e-02	2.347122e-09	2.104086e-09	1.424813e-13	4.527010e-09	1.223828e-12	
28  1.81261	2.247779e+00	1.165759e-01	1.042459e+00	7.455011e-02	2.347970e-09	2.104164e-09	3.816034e-13	4.539406e-09	1.820478e-12	
5  3.60913	2.247689e+00	1.166041e-01	1.042460e+00	7.456700e-02	2.348680e-09	2.105615e-09	1.726373e-13	4.533629e-09	7.613972e-13	
12  3.90074	2.247688e+00	1.165930e-01	1.042462e+00	7.451427e-02	2.348932e-09	2.105235e-09	4.888956e-13	4.542055e-09	1.526542e-12	
117  1.3974	2.247362e+00	1.166114e-01	1.042464e+00	7.455675e-02	2.350282e-09	2.106145e-09	3.321109e-13	4.532398e-09	1.878317e-12	
22  4.67462	2.246907e+00	1.165981e-01	1.042464e+00	7.466149e-02	2.350272e-09	2.105622e-09	6.162085e-13	4.535941e-09	3.102890e-12	
14  4.11699	2.246594e+00	1.166021e-01	1.042464e+00	7.476210e-02	2.349144e-09	2.107301e-09	5.528983e-13	4.528463e-09	1.684658e-12	
35  3.84483	2.246735e+00	1.166336e-01	1.042464e+00	7.477231e-02	2.349122e-09	2.108281e-09	6.313899e-13	4.529588e-09	2.509978e-12	
25  2.99519	2.246856e+00	1.166464e-01	1.042463e+00	7.480902e-02	2.348431e-09	2.108468e-09	3.512610e-13	4.524750e-09	1.453982e-12	
32  5.38788	2.246950e+00	1.166458e-01	1.042462e+00	7.470157e-02	2.349046e-09	2.108404e-09	2.473661e-13	4.516118e-09	9.289536e-13	
9  2.20055	2.246698e+00	1.166515e-01	1.042459e+00	7.485782e-02	2.349226e-09	2.107608e-09	3.908421e-13	4.519074e-09	1.460258e-12	
12  2.7973	2.246800e+00	1.166684e-01	1.042458e+00	7.498052e-02	2.348837e-09	2.107817e-09	5.936986e-13	4.526667e-09	2.455720e-12	
129  0.928569	2.246638e+00	1.167141e-01	1.042459e+00	7.496645e-02	2.349216e-09	2.107098e-09	3.480047e-13	4.530397e-09	2.000480e-12	
278  0.613449	2.246291e+00	1.166863e-01	1.042458e+00	7.498074e-02	2.350518e-09	2.106930e-09	2.523768e-13	4.530868e-09	1.417585e-12	
6  0.664662	2.246545e+00	1.166836e-01	1.042461e+00	7.497511e-02	2.350594e-09	2.106161e-09	2.319064e-13	4.533633e-09	1.354116e-12	
36  1.62809	2.246975e+00	1.166650e-01	1.042460e+00	7.500312e-02	2.350107e-09	2.106831e-09	3.500399e-13	4.526633e-09	1.491375e-12	
86  1.34212	2.247281e+00	1.166177e-01	1.042461e+00	7.510327e-02	2.349746e-09	2.106378e-09	3.483031e-13	4.518044e-09	2.072392e-12	
16  6.24729	2.247244e+00	1.166131e-01	1.042458e+00	7.506864e-02	2.350254e-09	2.106179e-09	2.350100e-13	4.522228e-09	4.999062e-13	
29  2.84094	2.247292e+00	1.166309e-01	1.042459e+00	7.505865e-02	2.350047e-09	2.105258e-09	1.422506e-13	4.523160e-09	7.329751e-13	
8  2.63776	2.247000e+00	1.166444e-01	1.042463e+00	7.511035e-02	2.349835e-09	2.107105e-09	4.602316e-13	4.533981e-09	1.840465e-12	
105  1.52164	2.247236e+00	1.166457e-01	1.042460e+00	7.521101e-02	2.349085e-09	2.106254e-09	3.135313e-13	4.534985e-09	2.107162e-12	
113  2.44792	2.247455e+00	1.166206e-01	1.042463e+00	7.531421e-02	2.349651e-09	2.106497e-09	2.969803e-13	4.546133e-09	2.373702e-12	
25  1.76422	2.247651e+00	1.166357e-01	1.042464e+00	7.537850e-02	2.351455e-09	2.108203e-09	2.201503e-13	4.546336e-09	1.038125e-12	
121  1.15514	2.247968e+00	1.166454e-01	1.042464e+00	7.542769e-02	2.351513e-09	2.108240e-09	3.718860e-13	4.542103e-09	2.015107e-12	
45  1.19838	2.247979e+00	1.166511e-01	1.042466e+00	7.545324e-02	2.350010e-09	2.107422e-09	2.945939e-13	4.540797e-09	2.008161e-12	
49  2.14177	2.248450e+00	1.166431e-01	1.042461e+00	7.554808e-02	2.349941e-09	2.106825e-09	3.213603e-13	4.536318e-09	1.890967e-12	
48  2.13079	2.248382e+00	1.166609e-01	1.042464e+00	7.556429e-02	2.350231e-09	2.107659e-09	4.010931e-13	4.538136e-09	2.348702e-12	
77  2.20342	2.248364e+00	1.166642e-01	1.042463e+00	7.558010e-02	2.348457e-09	2.107455e-09	3.111151e-13	4.527507e-09	1.434955e-12	
111  3.04538	2.248094e+00	1.166533e-01	1.042462e+00	7.555147e-02	2.346611e-09	2.106010e-09	2.761556e-13	4.528358e-09	2.084518e-12	
94  2.56229	2.247972e+00	1.166855e-01	1.042458e+00	7.533497e-02	2.346645e-09	2.105366e-09	2.077977e-13	4.535363e-09	1.220136e-12	
10  1.41036	2.247726e+00	1.166992e-01	1.042460e+00	7.526872e-02	2.347384e-09	2.106543e-09	2.931814e-13	4.542756e-09	1.472361e-12	
43  1.87652	2.247781e+00	1.166905e-01	1.042461e+00	7.536443e-02	2.347232e-09	2.107525e-09	2.433447e-13	4.535452e-09	1.099867e-12	
93  2.6414	2.247718e+00	1.167162e-01	1.042461e+00	7.545235e-02	2.347530e-09	2.108265e-09	4.813401e-13	4.545077e-09	1.694691e-12	
23  2.61962	2.247579e+00	1.167316e-01	1.042463e+00	7.526571e-02	2.347698e-09	2.109961e-09	4.507620e-13	4.539457e-09	2.023770e-12	
