6  17.8649	2.245187e+00	1.162899e-01	1.042489e+00	7.559837e-02	2.342747e-09	2.109656e-09	8.314071e-13	4.494299e-09	7.524593e-13	
5  11.9791	2.245283e+00	1.163280e-01	1.042496e+00	7.568095e-02	2.343378e-09	2.110621e-09	1.164093e-12	4.500733e-09	2.577955e-12	
5  10.1834	2.245258e+00	1.163169e-01	1.042499e+00	7.575600e-02	2.343129e-09	2.108862e-09	2.435901e-13	4.500761e-09	3.166313e-12	
1  7.6073	2.245399e+00	1.163270e-01	1.042497e+00	7.569923e-02	2.343713e-09	2.109594e-09	2.148682e-13	4.494733e-09	2.694715e-12	
14  6.49137	2.245587e+00	1.163350e-01	1.042496e+00	7.556171e-02	2.342581e-09	2.109217e-09	7.369697e-13	4.485572e-09	2.550906e-12	
16  2.41674	2.245931e+00	1.163187e-01	1.042495e+00	7.553460e-02	2.341503e-09	2.110124e-09	4.935587e-13	4.486257e-09	2.043509e-12	
23  1.89456	2.246011e+00	1.163309e-01	1.042494e+00	7.561554e-02	2.341834e-09	2.108876e-09	4.457616e-13	4.492258e-09	2.456094e-12	
72  0.268234	2.245945e+00	1.163310e-01	1.042491e+00	7.555062e-02	2.342973e-09	2.109016e-09	2.454669e-13	4.484267e-09	1.790889e-12	
29  1.92877	2.245813e+00	1.163539e-01	1.042487e+00	7.555766e-02	2.342914e-09	2.108339e-09	4.034026e-13	4.479517e-09	2.304112e-12	
59  1.48724	2.245504e+00	1.163718e-01	1.042484e+00	7.548639e-02	2.344440e-09	2.109097e-09	3.481515e-13	4.471582e-09	2.457353e-12	
78  0.841608	2.245717e+00	1.163727e-01	1.042483e+00	7.539424e-02	2.343184e-09	2.109254e-09	2.763612e-13	4.467101e-09	1.466579e-12	
17  2.05787	2.246173e+00	1.163653e-01	1.042487e+00	7.546321e-02	2.342826e-09	2.110630e-09	4.113563e-13	4.470240e-09	2.286342e-12	
3  3.97661	2.246082e+00	1.163631e-01	1.042488e+00	7.538138e-02	2.342012e-09	2.110230e-09	2.534859e-13	4.465947e-09	2.141878e-12	
28  1.7172	2.246254e+00	1.163608e-01	1.042483e+00	7.555078e-02	2.342604e-09	2.110463e-09	3.769636e-13	4.466259e-09	1.661605e-12	
2  1.91698	2.246651e+00	1.163431e-01	1.042483e+00	7.561431e-02	2.342757e-09	2.110130e-09	2.744174e-13	4.469351e-09	1.193986e-12	
21  1.9854	2.246402e+00	1.163745e-01	1.042484e+00	7.557868e-02	2.343065e-09	2.110765e-09	4.021850e-13	4.472726e-09	2.424322e-12	
81  1.80477	2.246636e+00	1.163639e-01	1.042482e+00	7.553055e-02	2.343983e-09	2.110034e-09	4.789224e-13	4.490737e-09	2.342214e-12	
10  2.29716	2.246353e+00	1.163366e-01	1.042483e+00	7.565753e-02	2.344939e-09	2.109819e-09	1.651091e-13	4.496485e-09	1.498883e-12	
50  2.32657	2.246761e+00	1.163346e-01	1.042484e+00	7.558335e-02	2.344811e-09	2.110381e-09	5.162615e-13	4.506744e-09	2.551934e-12	
18  2.54981	2.246647e+00	1.163443e-01	1.042484e+00	7.570732e-02	2.344736e-09	2.110109e-09	5.479600e-13	4.495742e-09	2.509310e-12	
30  2.86531	2.246482e+00	1.163319e-01	1.042486e+00	7.577626e-02	2.343463e-09	2.111332e-09	6.035662e-13	4.498732e-09	2.616469e-12	
6  3.95529	2.246358e+00	1.163424e-01	1.042484e+00	7.585763e-02	2.344654e-09	2.111125e-09	1.614017e-13	4.497689e-09	1.524952e-12	
16  3.51496	2.246126e+00	1.163599e-01	1.042483e+00	7.582421e-02	2.343051e-09	2.111840e-09	6.179815e-13	4.502290e-09	3.136270e-12	
10  4.26782	2.246113e+00	1.163651e-01	1.042482e+00	7.568575e-02	2.343557e-09	2.110645e-09	1.990666e-13	4.525396e-09	1.882674e-12	
59  4.34401	2.246267e+00	1.163671e-01	1.042479e+00	7.577658e-02	2.343491e-09	2.112337e-09	7.174791e-13	4.526279e-09	2.491693e-12	
56  2.7537	2.246377e+00	1.163950e-01	1.042481e+00	7.575155e-02	2.343629e-09	2.112056e-09	4.051609e-13	4.526046e-09	2.207406e-12	
25  1.87306	2.246494e+00	1.164158e-01	1.042479e+00	7.575380e-02	2.343263e-09	2.111556e-09	3.510899e-13	4.525657e-09	1.788766e-12	
15  3.28296	2.246438e+00	1.164610e-01	1.042480e+00	7.584433e-02	2.342668e-09	2.111169e-09	7.094389e-13	4.515934e-09	2.544452e-12	
33  2.86993	2.246832e+00	1.164407e-01	1.042475e+00	7.578387e-02	2.342197e-09	2.111776e-09	4.607400e-13	4.506420e-09	1.588333e-12	
7  2.79247	2.246968e+00	1.164251e-01	1.042475e+00	7.557526e-02	2.340964e-09	2.111043e-09	4.506205e-13	4.497496e-09	2.504869e-12	
30  1.60293	2.247040e+00	1.164164e-01	1.042477e+00	7.550158e-02	2.342653e-09	2.109904e-09	4.773976e-13	4.494978e-09	2.368710e-12	
18  1.91045	2.247487e+00	1.164186e-01	1.042478e+00	7.557814e-02	2.343391e-09	2.109922e-09	4.424183e-13	4.486667e-09	2.671758e-12	
89  1.65686	2.247686e+00	1.164324e-01	1.042476e+00	7.562790e-02	2.343889e-09	2.109822e-09	2.382334e-13	4.486062e-09	1.668996e-12	
460  0.709278	2.247454e+00	1.164343e-01	1.042475e+00	7.545513e-02	2.345397e-09	2.109005e-09	2.721078e-13	4.475055e-09	1.605539e-12	
22  1.12189	2.247467e+00	1.164404e-01	1.042479e+00	7.553354e-02	2.345659e-09	2.108961e-09	2.957071e-13	4.479701e-09	1.411387e-12	
133  1.44948	2.247663e+00	1.164600e-01	1.042477e+00	7.538916e-02	2.344676e-09	2.109096e-09	3.142259e-13	4.481055e-09	2.121365e-12	
7  3.17415	2.247736e+00	1.164492e-01	1.042477e+00	7.544269e-02	2.344850e-09	2.108962e-09	5.414940e-13	4.478276e-09	3.237529e-12	
44  3.10695	2.247663e+00	1.164752e-01	1.042474e+00	7.546529e-02	2.345319e-09	2.109661e-09	3.676129e-13	4.477626e-09	1.189680e-12	
47  1.45695	2.247835e+00	1.164525e-01	1.042476e+00	7.557303e-02	2.345119e-09	2.110134e-09	3.918914e-13	4.478029e-09	1.822671e-12	
10  2.10795	2.247469e+00	1.164361e-01	1.042471e+00	7.546244e-02	2.345533e-09	2.109878e-09	2.427331e-13	4.480243e-09	1.605052e-12	
34  1.92123	2.247682e+00	1.164302e-01	1.042475e+00	7.563711e-02	2.345768e-09	2.109574e-09	3.358687e-13	4.477266e-09	1.330912e-12	
50  1.83623	2.247979e+00	1.164223e-01	1.042477e+00	7.558896e-02	2.346014e-09	2.108901e-09	4.332432e-13	4.475743e-09	2.687611e-12	
5  1.65191	2.248102e+00	1.164063e-01	1.042479e+00	7.530426e-02	2.345345e-09	2.108605e-09	3.331887e-13	4.477341e-09	2.295778e-12	
35  1.28107	2.248045e+00	1.164102e-01	1.042478e+00	7.526281e-02	2.345215e-09	2.107767e-09	4.172534e-13	4.482646e-09	2.282494e-12	
3  2.44643	2.248165e+00	1.164199e-01	1.042477e+00	7.520390e-02	2.345745e-09	2.106786e-09	4.441584e-13	4.471054e-09	2.032492e-12	
1  1.60521	2.248202e+00	1.164374e-01	1.042473e+00	7.524444e-02	2.345226e-09	2.106855e-09	1.672838e-13	4.475257e-09	1.083998e-12	
13  2.93273	2.248452e+00	1.164390e-01	1.042474e+00	7.513223e-02	2.344964e-09	2.107781e-09	4.511507e-13	4.463000e-09	1.553111e-12	
33  2.10833	2.248641e+00	1.164246e-01	1.042473e+00	7.514028e-02	2.345507e-09	2.108196e-09	5.092940e-13	4.471476e-09	2.387314e-12	
25  3.05162	2.248621e+00	1.164226e-01	1.042477e+00	7.527051e-02	2.345380e-09	2.109671e-09	4.860895e-13	4.465480e-09	1.857363e-12	
53  3.54062	2.248343e+00	1.164395e-01	1.042478e+00	7.528544e-02	2.345481e-09	2.110103e-09	6.009456e-13	4.470387e-09	2.275504e-12	
37  4.4704	2.248748e+00	1.164157e-01	1.042478e+00	7.519161e-02	2.345414e-09	2.110100e-09	5.900785e-13	4.462795e-09	2.787648e-12	
27  5.378	2.248545e+00	1.164524e-01	1.042479e+00	7.521263e-02	2.345802e-09	2.110571e-09	7.707012e-13	4.466491e-09	2.787231e-12	
27  6.20115	2.248424e+00	1.164501e-01	1.042476e+00	7.512964e-02	2.345576e-09	2.110916e-09	5.674628e-13	4.474299e-09	2.017736e-12	
8  5.1323	2.248045e+00	1.164799e-01	1.042472e+00	7.503595e-02	2.345165e-09	2.109893e-09	7.319995e-13	4.483905e-09	2.752388e-12	
33  5.27664	2.247904e+00	1.164827e-01	1.042475e+00	7.503801e-02	2.345812e-09	2.110365e-09	4.940744e-13	4.480979e-09	1.958238e-12	
3  9.36931	2.247824e+00	1.164905e-01	1.042478e+00	7.513091e-02	2.343973e-09	2.110298e-09	1.090272e-12	4.483558e-09	4.687765e-12	
2  8.8384	2.248162e+00	1.164566e-01	1.042476e+00	7.512081e-02	2.344572e-09	2.110594e-09	3.150542e-13	4.487339e-09	2.298085e-12	
7  9.11315	2.248224e+00	1.164548e-01	1.042479e+00	7.509468e-02	2.344463e-09	2.111368e-09	4.643882e-13	4.482685e-09	2.580765e-12	
16  9.30464	2.248062e+00	1.164680e-01	1.042480e+00	7.518177e-02	2.344828e-09	2.111151e-09	9.045184e-13	4.469788e-09	1.678751e-12	
9  7.57206	2.248270e+00	1.164751e-01	1.042477e+00	7.542605e-02	2.345147e-09	2.111599e-09	2.669470e-13	4.460352e-09	9.812589e-13	
38  6.25018	2.247996e+00	1.164435e-01	1.042478e+00	7.543341e-02	2.345163e-09	2.111634e-09	8.867387e-13	4.470032e-09	2.574234e-12	
10  5.52938	2.248130e+00	1.164910e-01	1.042478e+00	7.540544e-02	2.344736e-09	2.110823e-09	7.092140e-13	4.476010e-09	1.784053e-12	
1  7.33822	2.248247e+00	1.164902e-01	1.042476e+00	7.554073e-02	2.344495e-09	2.110185e-09	9.729127e-13	4.466244e-09	2.067703e-12	
38  5.61073	2.248074e+00	1.164987e-01	1.042474e+00	7.539540e-02	2.345873e-09	2.109953e-09	8.305005e-13	4.479037e-09	3.924087e-12	
40  3.03627	2.248276e+00	1.165203e-01	1.042474e+00	7.561922e-02	2.345997e-09	2.108590e-09	1.696984e-13	4.472397e-09	8.595494e-13	
6  3.59176	2.248294e+00	1.165146e-01	1.042472e+00	7.555265e-02	2.345628e-09	2.107687e-09	1.918568e-13	4.476742e-09	7.726823e-13	
111  1.67106	2.247939e+00	1.165124e-01	1.042474e+00	7.544686e-02	2.347109e-09	2.107300e-09	2.655950e-13	4.470793e-09	2.212224e-12	
23  2.04254	2.248123e+00	1.165186e-01	1.042476e+00	7.539230e-02	2.347921e-09	2.107880e-09	3.234208e-13	4.465972e-09	2.520269e-12	
11  2.06906	2.248190e+00	1.165138e-01	1.042476e+00	7.532006e-02	2.346872e-09	2.107984e-09	3.603741e-13	4.469120e-09	2.620621e-12	
20  1.47921	2.248209e+00	1.165196e-01	1.042475e+00	7.531621e-02	2.346991e-09	2.107606e-09	3.319203e-13	4.471315e-09	2.389501e-12	
73  1.10731	2.247723e+00	1.165304e-01	1.042472e+00	7.533511e-02	2.345981e-09	2.107143e-09	1.790479e-13	4.463890e-09	1.415402e-12	
161  0.81898	2.247594e+00	1.165235e-01	1.042474e+00	7.529026e-02	2.346052e-09	2.108041e-09	3.503096e-13	4.455251e-09	1.838726e-12	
13  0.516563	2.247315e+00	1.165420e-01	1.042475e+00	7.528402e-02	2.344571e-09	2.107975e-09	3.119478e-13	4.458206e-09	1.879010e-12	
46  3.91638	2.247482e+00	1.165200e-01	1.042473e+00	7.536981e-02	2.344716e-09	2.108506e-09	5.208722e-13	4.466731e-09	1.571097e-12	
19  3.36445	2.247416e+00	1.165152e-01	1.042475e+00	7.528682e-02	2.346692e-09	2.109214e-09	5.561184e-13	4.458447e-09	1.837465e-12	
6  3.88882	2.247227e+00	1.165457e-01	1.042472e+00	7.519912e-02	2.346598e-09	2.109931e-09	6.864291e-13	4.479903e-09	2.423426e-12	
8  3.09241	2.247283e+00	1.165299e-01	1.042471e+00	7.517106e-02	2.345393e-09	2.109018e-09	6.465267e-13	4.467889e-09	2.446736e-12	
76  1.3145	2.247731e+00	1.165208e-01	1.042473e+00	7.525738e-02	2.345553e-09	2.108026e-09	2.863740e-13	4.454540e-09	1.338992e-12	
6  1.19482	2.248107e+00	1.165515e-01	1.042468e+00	7.538597e-02	2.344998e-09	2.107908e-09	4.001210e-13	4.446478e-09	1.993267e-12	
16  0.790065	2.248119e+00	1.165563e-01	1.042468e+00	7.532668e-02	2.345773e-09	2.108356e-09	3.108339e-13	4.440941e-09	1.780383e-12	
17  1.41103	2.248190e+00	1.165468e-01	1.042472e+00	7.527781e-02	2.346794e-09	2.108625e-09	4.337496e-13	4.449124e-09	2.344832e-12	
12  0.985838	2.248494e+00	1.165142e-01	1.042471e+00	7.525120e-02	2.347069e-09	2.108152e-09	3.398371e-13	4.439109e-09	1.811923e-12	
1  4.61768	2.249013e+00	1.165230e-01	1.042471e+00	7.527540e-02	2.348006e-09	2.106453e-09	4.965311e-13	4.438639e-09	1.932203e-12	
8  3.08223	2.249335e+00	1.165228e-01	1.042471e+00	7.540374e-02	2.347228e-09	2.106685e-09	4.445473e-13	4.439873e-09	2.200298e-12	
58  3.44819	2.249626e+00	1.164815e-01	1.042473e+00	7.548409e-02	2.347440e-09	2.107493e-09	2.915486e-13	4.424304e-09	1.116264e-12	
8  3.76725	2.249847e+00	1.164633e-01	1.042473e+00	7.548174e-02	2.348841e-09	2.107627e-09	5.647445e-13	4.425283e-09	2.947285e-12	
136  3.23902	2.250098e+00	1.164588e-01	1.042471e+00	7.551649e-02	2.350068e-09	2.107645e-09	4.504261e-13	4.425775e-09	2.888939e-12	
18  7.73041	2.250487e+00	1.164603e-01	1.042472e+00	7.557460e-02	2.349922e-09	2.107250e-09	1.569546e-13	4.420240e-09	2.069090e-12	
10  5.77753	2.250540e+00	1.164775e-01	1.042467e+00	7.562031e-02	2.349604e-09	2.107625e-09	6.768401e-13	4.411817e-09	2.792588e-12	
38  5.48231	2.250541e+00	1.164875e-01	1.042469e+00	7.563353e-02	2.349652e-09	2.106441e-09	3.804201e-13	4.409543e-09	2.940737e-12	
36  6.71658	2.250331e+00	1.164907e-01	1.042475e+00	7.543092e-02	2.349596e-09	2.105230e-09	4.436824e-13	4.418884e-09	2.899571e-12	
13  3.29781	2.250578e+00	1.164724e-01	1.042475e+00	7.541921e-02	2.350642e-09	2.106535e-09	3.490336e-13	4.419709e-09	2.629021e-12	
26  3.85885	2.250139e+00	1.164795e-01	1.042475e+00	7.556139e-02	2.350127e-09	2.107227e-09	4.553440e-13	4.419014e-09	2.174246e-12	
10  2.37031	2.250051e+00	1.165199e-01	1.042476e+00	7.563277e-02	2.350187e-09	2.107764e-09	3.426009e-13	4.418864e-09	1.760724e-12	
88  2.08675	2.249777e+00	1.164789e-01	1.042478e+00	7.585960e-02	2.351526e-09	2.107843e-09	1.787276e-13	4.426683e-09	1.317864e-12	
11  4.50277	2.249760e+00	1.165033e-01	1.042479e+00	7.586538e-02	2.351223e-09	2.109270e-09	5.761995e-13	4.430611e-09	2.237172e-12	
6  4.12086	2.249958e+00	1.165004e-01	1.042475e+00	7.585088e-02	2.350651e-09	2.109100e-09	6.002700e-13	4.427394e-09	3.023011e-12	
8  4.16491	2.250164e+00	1.164842e-01	1.042481e+00	7.593383e-02	2.350587e-09	2.108444e-09	4.480979e-13	4.421766e-09	2.182600e-12	
15  3.59034	2.250026e+00	1.164864e-01	1.042482e+00	7.601094e-02	2.349595e-09	2.109115e-09	3.590489e-13	4.413905e-09	1.560868e-12	
39  2.24305	2.250335e+00	1.164900e-01	1.042485e+00	7.597862e-02	2.349993e-09	2.110382e-09	2.935862e-13	4.410425e-09	1.412861e-12	
10  1.67372	2.250268e+00	1.165290e-01	1.042487e+00	7.598768e-02	2.349008e-09	2.110682e-09	3.520456e-13	4.424698e-09	1.902724e-12	
40  3.19083	2.250266e+00	1.164672e-01	1.042487e+00	7.601104e-02	2.348135e-09	2.109308e-09	2.137842e-13	4.435440e-09	2.026879e-12	
8  2.89365	2.250258e+00	1.164610e-01	1.042488e+00	7.595848e-02	2.348186e-09	2.109352e-09	3.936668e-13	4.426740e-09	2.836658e-12	
60  2.67655	2.249954e+00	1.164423e-01	1.042489e+00	7.586375e-02	2.348150e-09	2.109976e-09	4.721400e-13	4.433623e-09	1.917897e-12	
4  4.41414	2.250166e+00	1.164667e-01	1.042491e+00	7.610576e-02	2.347220e-09	2.109535e-09	3.432045e-13	4.432812e-09	2.983712e-12	
20  3.68863	2.249938e+00	1.164434e-01	1.042489e+00	7.619496e-02	2.346167e-09	2.110246e-09	6.035328e-13	4.430342e-09	3.110678e-12	
89  1.64973	2.249970e+00	1.164562e-01	1.042490e+00	7.594668e-02	2.345236e-09	2.110171e-09	4.457644e-13	4.435876e-09	2.291103e-12	
23  1.67044	2.250213e+00	1.164710e-01	1.042490e+00	7.593892e-02	2.345224e-09	2.110213e-09	3.598419e-13	4.438222e-09	2.237841e-12	
21  2.87566	2.250482e+00	1.164495e-01	1.042489e+00	7.585408e-02	2.345251e-09	2.110733e-09	3.809588e-13	4.432762e-09	2.492785e-12	
74  2.31897	2.250476e+00	1.164419e-01	1.042488e+00	7.571667e-02	2.345865e-09	2.110451e-09	4.458628e-13	4.422328e-09	2.189272e-12	
2  2.82928	2.250520e+00	1.164356e-01	1.042489e+00	7.589205e-02	2.345410e-09	2.110672e-09	6.340192e-13	4.421631e-09	2.851897e-12	
30  4.78408	2.250661e+00	1.163890e-01	1.042487e+00	7.586180e-02	2.345243e-09	2.110605e-09	8.083166e-13	4.424820e-09	3.835890e-12	
62  4.75971	2.250903e+00	1.163855e-01	1.042488e+00	7.587708e-02	2.345475e-09	2.112138e-09	6.831922e-13	4.434687e-09	3.118338e-12	
2  3.4912	2.250708e+00	1.163711e-01	1.042488e+00	7.597209e-02	2.344409e-09	2.110953e-09	7.119147e-13	4.443151e-09	3.249469e-12	
8  2.50436	2.250643e+00	1.163779e-01	1.042482e+00	7.612742e-02	2.344482e-09	2.110929e-09	3.295598e-13	4.440889e-09	2.303426e-12	
78  2.47139	2.250543e+00	1.163931e-01	1.042480e+00	7.626431e-02	2.344145e-09	2.111448e-09	5.946064e-13	4.446165e-09	2.759357e-12	
19  3.65873	2.250618e+00	1.163945e-01	1.042481e+00	7.633171e-02	2.343960e-09	2.112177e-09	6.546249e-13	4.449271e-09	3.453373e-12	
1  3.59789	2.250740e+00	1.163651e-01	1.042485e+00	7.649395e-02	2.343661e-09	2.111274e-09	6.303830e-13	4.438184e-09	3.221825e-12	
113  3.03607	2.250576e+00	1.163502e-01	1.042484e+00	7.672862e-02	2.342922e-09	2.111717e-09	4.298420e-13	4.431099e-09	1.919421e-12	
2  2.06718	2.250507e+00	1.163801e-01	1.042485e+00	7.672807e-02	2.343290e-09	2.112049e-09	4.042213e-13	4.432214e-09	2.282453e-12	
16  2.20872	2.250599e+00	1.163912e-01	1.042487e+00	7.656671e-02	2.343046e-09	2.112639e-09	3.408225e-13	4.434316e-09	2.096165e-12	
101  2.32112	2.250856e+00	1.163682e-01	1.042488e+00	7.667855e-02	2.343623e-09	2.112152e-09	4.555819e-13	4.448179e-09	2.149103e-12	
46  3.58034	2.251030e+00	1.163366e-01	1.042485e+00	7.658725e-02	2.343393e-09	2.111781e-09	5.012814e-13	4.455888e-09	3.227310e-12	
10  3.17464	2.251100e+00	1.163123e-01	1.042484e+00	7.657927e-02	2.343170e-09	2.111944e-09	4.549825e-13	4.455928e-09	1.740128e-12	
47  2.57395	2.251013e+00	1.163142e-01	1.042481e+00	7.659092e-02	2.343812e-09	2.113420e-09	4.901059e-13	4.445941e-09	2.261424e-12	
6  2.9097	2.250577e+00	1.163021e-01	1.042477e+00	7.656560e-02	2.343255e-09	2.112586e-09	4.404281e-13	4.449388e-09	2.849250e-12	
5  2.17412	2.250512e+00	1.163329e-01	1.042480e+00	7.635729e-02	2.343729e-09	2.111911e-09	3.126123e-13	4.453640e-09	1.939383e-12	
11  1.83977	2.250232e+00	1.163446e-01	1.042478e+00	7.635169e-02	2.343393e-09	2.111497e-09	4.615487e-13	4.453076e-09	2.126826e-12	
55  2.20378	2.249567e+00	1.163498e-01	1.042477e+00	7.642467e-02	2.343140e-09	2.112814e-09	3.303858e-13	4.451903e-09	2.063437e-12	
110  2.11096	2.249279e+00	1.163515e-01	1.042477e+00	7.650186e-02	2.344451e-09	2.113271e-09	5.379112e-13	4.458796e-09	2.714625e-12	
4  2.29563	2.249113e+00	1.163899e-01	1.042479e+00	7.649490e-02	2.345299e-09	2.113692e-09	3.291042e-13	4.465646e-09	1.719061e-12	
38  5.37864	2.249431e+00	1.163990e-01	1.042474e+00	7.639596e-02	2.344735e-09	2.114093e-09	3.762353e-13	4.457280e-09	1.090136e-12	
20  6.0564	2.249361e+00	1.164035e-01	1.042474e+00	7.639660e-02	2.343706e-09	2.113827e-09	2.425855e-13	4.457194e-09	1.759403e-12	
8  5.81283	2.249552e+00	1.164125e-01	1.042474e+00	7.657665e-02	2.341848e-09	2.113015e-09	1.105000e-12	4.469765e-09	4.271286e-12	
6  5.7971	2.249405e+00	1.164892e-01	1.042469e+00	7.668547e-02	2.342363e-09	2.114051e-09	4.991459e-13	4.468869e-09	3.465771e-12	
4  3.96311	2.248876e+00	1.164776e-01	1.042468e+00	7.654535e-02	2.342183e-09	2.113679e-09	4.284950e-13	4.459564e-09	2.894881e-12	
28  3.26019	2.248815e+00	1.164841e-01	1.042467e+00	7.670056e-02	2.341942e-09	2.114505e-09	7.057735e-13	4.450829e-09	2.077959e-12	
13  4.87957	2.248418e+00	1.164594e-01	1.042472e+00	7.668130e-02	2.342500e-09	2.113782e-09	8.693692e-13	4.457426e-09	2.258234e-12	
1  5.84927	2.248470e+00	1.164528e-01	1.042471e+00	7.666286e-02	2.343234e-09	2.114415e-09	1.058571e-12	4.458301e-09	2.495856e-12	
16  3.14339	2.248762e+00	1.164182e-01	1.042470e+00	7.665305e-02	2.342943e-09	2.113965e-09	2.508864e-13	4.463146e-09	1.589938e-12	
20  2.88017	2.248896e+00	1.164241e-01	1.042466e+00	7.679345e-02	2.344761e-09	2.114672e-09	2.908173e-13	4.474994e-09	1.802971e-12	
7  3.28405	2.248941e+00	1.164540e-01	1.042465e+00	7.689583e-02	2.346256e-09	2.114745e-09	6.338630e-13	4.474053e-09	3.314585e-12	
70  2.47633	2.249288e+00	1.164352e-01	1.042463e+00	7.680763e-02	2.345629e-09	2.114979e-09	5.975581e-13	4.486989e-09	2.344647e-12	
63  2.65566	2.248993e+00	1.164566e-01	1.042463e+00	7.678319e-02	2.344532e-09	2.114879e-09	6.429639e-13	4.498309e-09	2.800096e-12	
6  4.02269	2.248794e+00	1.164083e-01	1.042458e+00	7.693350e-02	2.344905e-09	2.115430e-09	5.944081e-13	4.507537e-09	3.277402e-12	
14  4.13979	2.249061e+00	1.164374e-01	1.042460e+00	7.687674e-02	2.343700e-09	2.115273e-09	8.435713e-13	4.502395e-09	3.574765e-12	
19  4.52274	2.249271e+00	1.164582e-01	1.042461e+00	7.686647e-02	2.344146e-09	2.114983e-09	1.030862e-12	4.501706e-09	3.020906e-12	
57  3.84852	2.249101e+00	1.164607e-01	1.042466e+00	7.684175e-02	2.345211e-09	2.116077e-09	5.184825e-13	4.513457e-09	2.353814e-12	
2  6.18262	2.249109e+00	1.164427e-01	1.042465e+00	7.694498e-02	2.345683e-09	2.116737e-09	9.362503e-13	4.511752e-09	3.877665e-12	
8  5.08874	2.249224e+00	1.164704e-01	1.042463e+00	7.705067e-02	2.346660e-09	2.116947e-09	9.126381e-13	4.506034e-09	3.504651e-12	
13  6.79017	2.249647e+00	1.164502e-01	1.042463e+00	7.723454e-02	2.345931e-09	2.116258e-09	1.266344e-12	4.503870e-09	4.455372e-12	
10  4.57462	2.249782e+00	1.164955e-01	1.042462e+00	7.693930e-02	2.345874e-09	2.115363e-09	6.399541e-13	4.496777e-09	3.453494e-12	
4  4.74547	2.250163e+00	1.165216e-01	1.042463e+00	7.699275e-02	2.346016e-09	2.115903e-09	1.042695e-12	4.497929e-09	3.121184e-12	
25  5.09948	2.249991e+00	1.165212e-01	1.042465e+00	7.697845e-02	2.346715e-09	2.115104e-09	8.326297e-13	4.497564e-09	3.969221e-12	
10  4.04444	2.249835e+00	1.165550e-01	1.042470e+00	7.701251e-02	2.345132e-09	2.114622e-09	9.074200e-13	4.495216e-09	2.972728e-12	
50  2.37083	2.249639e+00	1.165832e-01	1.042468e+00	7.713837e-02	2.345773e-09	2.114430e-09	5.476141e-13	4.500680e-09	2.588507e-12	
15  2.60811	2.250101e+00	1.165513e-01	1.042467e+00	7.705580e-02	2.346269e-09	2.112780e-09	3.649702e-13	4.489225e-09	2.051583e-12	
2  3.92725	2.250073e+00	1.165421e-01	1.042465e+00	7.702453e-02	2.346066e-09	2.114593e-09	5.619237e-13	4.495519e-09	1.572970e-12	
3  4.51028	2.249883e+00	1.165423e-01	1.042463e+00	7.698432e-02	2.345657e-09	2.115694e-09	4.307836e-13	4.502021e-09	2.592642e-12	
5  4.23711	2.250054e+00	1.165106e-01	1.042466e+00	7.707844e-02	2.346465e-09	2.116040e-09	7.984412e-13	4.508978e-09	2.146269e-12	
12  4.82295	2.249817e+00	1.164976e-01	1.042469e+00	7.709559e-02	2.346581e-09	2.116088e-09	8.994409e-13	4.512422e-09	3.799192e-12	
44  3.71822	2.249786e+00	1.164802e-01	1.042469e+00	7.704756e-02	2.347280e-09	2.116562e-09	6.380326e-13	4.519063e-09	2.664234e-12	
5  2.92269	2.249930e+00	1.164417e-01	1.042466e+00	7.715315e-02	2.347169e-09	2.114718e-09	2.630190e-13	4.523185e-09	1.757097e-12	
18  3.74597	2.250390e+00	1.164474e-01	1.042462e+00	7.714454e-02	2.346505e-09	2.113740e-09	2.412631e-13	4.517831e-09	1.084253e-12	
28  2.80163	2.250536e+00	1.164581e-01	1.042466e+00	7.703702e-02	2.347029e-09	2.114381e-09	4.070363e-13	4.507516e-09	1.548182e-12	
45  3.51888	2.250571e+00	1.164509e-01	1.042466e+00	7.722025e-02	2.346669e-09	2.115330e-09	7.766849e-13	4.507467e-09	3.170527e-12	
21  2.99092	2.250672e+00	1.164569e-01	1.042466e+00	7.719110e-02	2.347073e-09	2.114683e-09	6.156863e-13	4.503906e-09	2.292480e-12	
5  3.24115	2.250478e+00	1.164576e-01	1.042464e+00	7.722613e-02	2.347988e-09	2.116393e-09	4.015123e-13	4.494469e-09	1.803749e-12	
4  5.68081	2.250188e+00	1.164908e-01	1.042463e+00	7.719350e-02	2.348350e-09	2.117157e-09	1.135072e-12	4.503261e-09	3.142024e-12	
10  4.8943	2.250272e+00	1.164825e-01	1.042462e+00	7.712608e-02	2.347680e-09	2.116448e-09	6.395756e-13	4.493265e-09	1.551793e-12	
21  5.75526	2.250100e+00	1.164479e-01	1.042468e+00	7.715965e-02	2.347545e-09	2.118094e-09	7.525965e-13	4.480638e-09	2.816239e-12	
11  6.00421	2.250388e+00	1.164577e-01	1.042468e+00	7.713316e-02	2.347664e-09	2.117808e-09	8.447633e-13	4.498238e-09	2.300693e-12	
17  4.68166	2.250656e+00	1.164509e-01	1.042470e+00	7.727474e-02	2.347552e-09	2.117588e-09	7.942033e-13	4.507388e-09	2.823742e-12	
8  5.2429	2.250448e+00	1.164635e-01	1.042472e+00	7.723054e-02	2.348388e-09	2.117574e-09	8.983507e-13	4.501070e-09	3.297835e-12	
7  3.52577	2.250002e+00	1.164890e-01	1.042473e+00	7.725884e-02	2.349186e-09	2.116731e-09	7.546080e-13	4.500643e-09	2.571212e-12	
31  2.90492	2.250168e+00	1.164681e-01	1.042470e+00	7.740455e-02	2.349122e-09	2.116844e-09	6.217918e-13	4.496341e-09	2.801823e-12	
27  4.28237	2.250154e+00	1.164733e-01	1.042477e+00	7.738244e-02	2.348947e-09	2.117131e-09	8.904603e-13	4.496810e-09	2.796244e-12	
1  4.61969	2.250408e+00	1.164666e-01	1.042478e+00	7.735751e-02	2.349990e-09	2.117210e-09	9.305957e-13	4.507251e-09	3.210421e-12	
1  6.79879	2.250392e+00	1.164797e-01	1.042481e+00	7.729522e-02	2.350033e-09	2.116893e-09	1.260172e-12	4.500899e-09	3.315163e-12	
5  6.93712	2.250430e+00	1.164191e-01	1.042479e+00	7.733470e-02	2.349715e-09	2.116560e-09	1.024211e-12	4.488651e-09	2.258772e-12	
14  5.39039	2.250826e+00	1.164100e-01	1.042478e+00	7.742360e-02	2.348553e-09	2.115621e-09	8.520132e-13	4.482774e-09	2.534649e-12	
1  5.45942	2.250894e+00	1.163897e-01	1.042479e+00	7.747619e-02	2.347180e-09	2.116505e-09	3.015098e-13	4.473826e-09	2.392363e-12	
3  4.94871	2.251082e+00	1.164013e-01	1.042479e+00	7.757834e-02	2.347589e-09	2.116809e-09	6.146921e-13	4.473418e-09	3.621172e-12	
14  4.27984	2.250724e+00	1.164066e-01	1.042479e+00	7.754408e-02	2.347741e-09	2.117730e-09	6.088290e-13	4.476732e-09	1.793922e-12	
8  6.0232	2.250680e+00	1.164376e-01	1.042477e+00	7.766641e-02	2.347343e-09	2.117950e-09	3.903443e-13	4.478144e-09	2.802253e-12	
3  4.34424	2.250415e+00	1.164670e-01	1.042475e+00	7.763217e-02	2.346261e-09	2.117628e-09	9.678647e-13	4.483889e-09	3.340819e-12	
1  8.01983	2.250462e+00	1.164753e-01	1.042471e+00	7.757051e-02	2.345433e-09	2.116331e-09	1.446236e-12	4.483900e-09	4.012317e-12	
23  3.74689	2.250793e+00	1.164928e-01	1.042472e+00	7.757152e-02	2.345633e-09	2.114969e-09	2.575784e-13	4.499793e-09	1.511714e-12	
51  4.07281	2.250791e+00	1.164781e-01	1.042473e+00	7.754543e-02	2.345493e-09	2.113748e-09	2.512231e-13	4.499826e-09	1.692111e-12	
100  4.30771	2.250883e+00	1.164557e-01	1.042469e+00	7.763418e-02	2.345896e-09	2.114402e-09	5.112827e-13	4.499184e-09	2.610409e-12	
18  4.28514	2.250830e+00	1.164314e-01	1.042471e+00	7.760471e-02	2.346819e-09	2.114782e-09	5.990624e-13	4.497964e-09	2.664239e-12	
5  4.54767	2.250671e+00	1.164059e-01	1.042471e+00	7.765536e-02	2.346507e-09	2.115179e-09	4.114486e-13	4.503306e-09	2.970829e-12	
17  4.27769	2.251083e+00	1.163595e-01	1.042470e+00	7.767467e-02	2.347634e-09	2.115673e-09	6.969970e-13	4.498619e-09	2.734446e-12	
28  2.62926	2.251174e+00	1.163321e-01	1.042466e+00	7.762767e-02	2.348178e-09	2.116700e-09	4.063458e-13	4.512644e-09	1.919671e-12	
19  3.45589	2.251313e+00	1.163252e-01	1.042467e+00	7.757854e-02	2.347596e-09	2.117422e-09	6.150558e-13	4.514880e-09	2.645217e-12	
5  5.13862	2.251008e+00	1.163309e-01	1.042470e+00	7.745976e-02	2.347966e-09	2.117909e-09	9.423191e-13	4.509617e-09	2.917444e-12	
9  6.50688	2.251122e+00	1.163422e-01	1.042467e+00	7.733749e-02	2.346795e-09	2.117265e-09	1.237468e-12	4.494754e-09	3.820143e-12	
15  6.3028	2.251147e+00	1.162996e-01	1.042467e+00	7.738364e-02	2.345468e-09	2.116149e-09	1.169572e-12	4.488604e-09	4.167716e-12	
5  9.12456	2.251608e+00	1.162876e-01	1.042467e+00	7.743321e-02	2.347450e-09	2.116592e-09	6.810795e-13	4.490229e-09	9.296389e-13	
106  3.99863	2.251401e+00	1.162987e-01	1.042467e+00	7.728112e-02	2.347830e-09	2.116563e-09	4.227154e-13	4.481371e-09	1.632338e-12	
16  2.33346	2.250946e+00	1.162644e-01	1.042469e+00	7.727724e-02	2.348025e-09	2.115599e-09	3.860695e-13	4.484403e-09	2.103726e-12	
75  2.21475	2.250821e+00	1.163180e-01	1.042466e+00	7.742072e-02	2.348896e-09	2.116033e-09	3.842312e-13	4.480445e-09	1.930088e-12	
12  3.11457	2.250927e+00	1.163169e-01	1.042466e+00	7.743808e-02	2.348942e-09	2.115218e-09	5.525876e-13	4.472520e-09	2.885006e-12	
6  4.49268	2.250698e+00	1.163574e-01	1.042463e+00	7.734791e-02	2.350090e-09	2.115769e-09	5.309567e-13	4.460113e-09	1.461251e-12	
4  4.24195	2.251224e+00	1.163429e-01	1.042464e+00	7.750588e-02	2.349386e-09	2.117030e-09	3.555046e-13	4.463238e-09	1.272947e-12	
1  3.35817	2.251298e+00	1.163321e-01	1.042460e+00	7.752117e-02	2.348700e-09	2.116659e-09	6.718520e-13	4.462272e-09	2.921366e-12	
15  4.82379	2.251309e+00	1.163052e-01	1.042460e+00	7.748298e-02	2.348609e-09	2.116373e-09	5.637443e-13	4.450474e-09	3.406368e-12	
18  5.20563	2.251234e+00	1.163128e-01	1.042462e+00	7.757612e-02	2.349729e-09	2.116641e-09	7.797907e-13	4.451562e-09	2.115250e-12	
21  4.43964	2.250976e+00	1.163331e-01	1.042460e+00	7.772905e-02	2.350568e-09	2.115988e-09	5.778798e-13	4.456156e-09	3.255521e-12	
16  3.55576	2.251213e+00	1.163239e-01	1.042459e+00	7.799655e-02	2.350742e-09	2.118417e-09	6.364291e-13	4.465088e-09	3.001823e-12	
180  3.21756	2.250931e+00	1.163342e-01	1.042460e+00	7.794313e-02	2.349973e-09	2.117825e-09	6.001543e-13	4.477404e-09	2.209932e-12	
59  4.63072	2.251117e+00	1.163043e-01	1.042463e+00	7.772486e-02	2.350195e-09	2.118403e-09	3.116587e-13	4.477464e-09	1.710952e-12	
6  3.02714	2.250900e+00	1.163377e-01	1.042463e+00	7.773436e-02	2.350174e-09	2.117711e-09	5.549638e-13	4.470755e-09	2.031758e-12	
3  4.15265	2.250958e+00	1.163327e-01	1.042461e+00	7.783703e-02	2.350307e-09	2.116447e-09	6.596680e-13	4.477160e-09	2.802735e-12	
9  5.99335	2.251015e+00	1.162948e-01	1.042463e+00	7.783631e-02	2.350702e-09	2.116886e-09	1.922672e-13	4.485070e-09	1.778662e-12	
26  4.8909	2.250869e+00	1.162920e-01	1.042464e+00	7.780016e-02	2.351932e-09	2.116558e-09	7.303943e-13	4.491889e-09	3.300359e-12	
11  6.57432	2.250812e+00	1.162452e-01	1.042465e+00	7.805269e-02	2.351883e-09	2.117449e-09	8.531018e-13	4.494812e-09	2.664837e-12	
42  3.31375	2.250788e+00	1.162527e-01	1.042469e+00	7.809157e-02	2.352193e-09	2.116134e-09	2.623016e-13	4.500731e-09	1.514122e-12	
3  3.77	2.251026e+00	1.162207e-01	1.042469e+00	7.804316e-02	2.352544e-09	2.116827e-09	4.996822e-13	4.502514e-09	2.232543e-12	
2  4.38848	2.250842e+00	1.162468e-01	1.042470e+00	7.801156e-02	2.353468e-09	2.117878e-09	2.596155e-13	4.511942e-09	9.579435e-13	
54  4.02336	2.250786e+00	1.162753e-01	1.042473e+00	7.785225e-02	2.353021e-09	2.118313e-09	5.550846e-13	4.509576e-09	1.720721e-12	
4  5.60434	2.250708e+00	1.162742e-01	1.042477e+00	7.778577e-02	2.352368e-09	2.117939e-09	7.952036e-13	4.506669e-09	2.123394e-12	
8  4.50217	2.250559e+00	1.162455e-01	1.042475e+00	7.790435e-02	2.351646e-09	2.118066e-09	5.693611e-13	4.517610e-09	3.389317e-12	
22  4.90645	2.250428e+00	1.162287e-01	1.042475e+00	7.798957e-02	2.351617e-09	2.118083e-09	4.704217e-13	4.529298e-09	3.259983e-12	
15  5.8863	2.250084e+00	1.161906e-01	1.042477e+00	7.802809e-02	2.351596e-09	2.118516e-09	6.522741e-13	4.533813e-09	3.870888e-12	
8  3.9462	2.250364e+00	1.162160e-01	1.042475e+00	7.820906e-02	2.352571e-09	2.118439e-09	4.956387e-13	4.541171e-09	1.679367e-12	
72  3.95941	2.250618e+00	1.161815e-01	1.042475e+00	7.799929e-02	2.352085e-09	2.118908e-09	4.270746e-13	4.547107e-09	1.391730e-12	
9  5.18892	2.250903e+00	1.161750e-01	1.042477e+00	7.807201e-02	2.351222e-09	2.119884e-09	5.430483e-13	4.561208e-09	3.047706e-12	
3  4.92776	2.250675e+00	1.161433e-01	1.042477e+00	7.796348e-02	2.350343e-09	2.119646e-09	6.746337e-13	4.564282e-09	1.968406e-12	
13  3.79785	2.250800e+00	1.161508e-01	1.042477e+00	7.803331e-02	2.350886e-09	2.119529e-09	6.327347e-13	4.570051e-09	2.567988e-12	
1  4.7006	2.250550e+00	1.161332e-01	1.042475e+00	7.814282e-02	2.351829e-09	2.119308e-09	4.517238e-13	4.577794e-09	1.272356e-12	
8  5.64272	2.251024e+00	1.161368e-01	1.042472e+00	7.815345e-02	2.352039e-09	2.119052e-09	2.027281e-13	4.574546e-09	1.400855e-12	
43  4.46515	2.251104e+00	1.161564e-01	1.042469e+00	7.799532e-02	2.351516e-09	2.118819e-09	6.803515e-13	4.573370e-09	3.233633e-12	
20  3.71094	2.251090e+00	1.161542e-01	1.042467e+00	7.795587e-02	2.351757e-09	2.117120e-09	6.019498e-13	4.580709e-09	2.956631e-12	
6  2.24311	2.250916e+00	1.161847e-01	1.042469e+00	7.787304e-02	2.351697e-09	2.117165e-09	3.839791e-13	4.577111e-09	1.830876e-12	
15  3.0834	2.250718e+00	1.161820e-01	1.042471e+00	7.787623e-02	2.352206e-09	2.116637e-09	5.043194e-13	4.566122e-09	2.187126e-12	
41  2.54741	2.250780e+00	1.162222e-01	1.042470e+00	7.801387e-02	2.351040e-09	2.117948e-09	3.665843e-13	4.565032e-09	2.172061e-12	
13  3.8095	2.250527e+00	1.162458e-01	1.042468e+00	7.803199e-02	2.350539e-09	2.117990e-09	3.035824e-13	4.557041e-09	2.248105e-12	
76  3.22994	2.250220e+00	1.162710e-01	1.042471e+00	7.800544e-02	2.350955e-09	2.119439e-09	5.679854e-13	4.562659e-09	2.154031e-12	
11  3.48423	2.250328e+00	1.162851e-01	1.042471e+00	7.780383e-02	2.350349e-09	2.118087e-09	6.830486e-13	4.555913e-09	3.010460e-12	
20  2.99128	2.250241e+00	1.162630e-01	1.042471e+00	7.787124e-02	2.350305e-09	2.118150e-09	4.189841e-13	4.571176e-09	2.450258e-12	
4  6.32993	2.250294e+00	1.162630e-01	1.042474e+00	7.789763e-02	2.350327e-09	2.118357e-09	2.637958e-13	4.573894e-09	2.195037e-12	
13  5.09905	2.250015e+00	1.162869e-01	1.042473e+00	7.792590e-02	2.349777e-09	2.117163e-09	8.381032e-13	4.566688e-09	3.229218e-12	
5  4.24716	2.249892e+00	1.162680e-01	1.042475e+00	7.790820e-02	2.349736e-09	2.116858e-09	6.879888e-13	4.561272e-09	3.116086e-12	
2  5.72218	2.249778e+00	1.162729e-01	1.042473e+00	7.797779e-02	2.348967e-09	2.118014e-09	9.193858e-13	4.545730e-09	2.615793e-12	
13  4.81012	2.249928e+00	1.162674e-01	1.042468e+00	7.815283e-02	2.349083e-09	2.117571e-09	6.182044e-13	4.542764e-09	2.015683e-12	
109  4.61351	2.250042e+00	1.162624e-01	1.042472e+00	7.819139e-02	2.349353e-09	2.117702e-09	6.978980e-13	4.537965e-09	2.741178e-12	
4  6.5001	2.250028e+00	1.162478e-01	1.042470e+00	7.812815e-02	2.349116e-09	2.116814e-09	4.091816e-13	4.524762e-09	3.322391e-12	
36  6.81168	2.249859e+00	1.162576e-01	1.042471e+00	7.806357e-02	2.349102e-09	2.116058e-09	5.146343e-13	4.517360e-09	1.738780e-12	
27  4.03127	2.249810e+00	1.162235e-01	1.042467e+00	7.811534e-02	2.348512e-09	2.117724e-09	6.541359e-13	4.507754e-09	3.159698e-12	
41  4.19911	2.250206e+00	1.162256e-01	1.042466e+00	7.809413e-02	2.349215e-09	2.117062e-09	5.953446e-13	4.498560e-09	2.557574e-12	
28  3.56138	2.250049e+00	1.161878e-01	1.042464e+00	7.805820e-02	2.349472e-09	2.116380e-09	3.138666e-13	4.496109e-09	1.386960e-12	
90  4.45875	2.250118e+00	1.162020e-01	1.042467e+00	7.801840e-02	2.350376e-09	2.115857e-09	2.639194e-13	4.509791e-09	2.369761e-12	
48  2.24089	2.250216e+00	1.162135e-01	1.042467e+00	7.792332e-02	2.350584e-09	2.117008e-09	3.364139e-13	4.514065e-09	2.228457e-12	
41  2.68719	2.250010e+00	1.162307e-01	1.042464e+00	7.786312e-02	2.350052e-09	2.117914e-09	4.946312e-13	4.514361e-09	2.707824e-12	
4  4.67866	2.250208e+00	1.162561e-01	1.042463e+00	7.785620e-02	2.351431e-09	2.118638e-09	8.355733e-13	4.521013e-09	3.406449e-12	
3  4.05314	2.250145e+00	1.162517e-01	1.042461e+00	7.786760e-02	2.351932e-09	2.119255e-09	4.981519e-13	4.510850e-09	2.723784e-12	
33  4.57696	2.249967e+00	1.162532e-01	1.042461e+00	7.781961e-02	2.353807e-09	2.119708e-09	3.897196e-13	4.516006e-09	2.188075e-12	
42  4.06783	2.249839e+00	1.162806e-01	1.042459e+00	7.794421e-02	2.352868e-09	2.119996e-09	7.038586e-13	4.514091e-09	2.452168e-12	
64  5.05114	2.249720e+00	1.163111e-01	1.042459e+00	7.795774e-02	2.352173e-09	2.120774e-09	6.967275e-13	4.501549e-09	2.882198e-12	
23  4.04704	2.249770e+00	1.163421e-01	1.042460e+00	7.803953e-02	2.353127e-09	2.119813e-09	2.913374e-13	4.488751e-09	1.819131e-12	
3  3.74031	2.249962e+00	1.163366e-01	1.042462e+00	7.829920e-02	2.352871e-09	2.120460e-09	2.788246e-13	4.478682e-09	1.684225e-12	
12  5.0475	2.249463e+00	1.163363e-01	1.042462e+00	7.817299e-02	2.352889e-09	2.119834e-09	1.893374e-13	4.474211e-09	1.238451e-12	
10  6.5082	2.249763e+00	1.163529e-01	1.042461e+00	7.808148e-02	2.354219e-09	2.119868e-09	6.240264e-13	4.465490e-09	1.212954e-12	
7  5.05919	2.249593e+00	1.163818e-01	1.042463e+00	7.805731e-02	2.354493e-09	2.119974e-09	2.118966e-13	4.460467e-09	1.312824e-12	
18  4.15679	2.249294e+00	1.163773e-01	1.042460e+00	7.831983e-02	2.353708e-09	2.120627e-09	6.317867e-13	4.469848e-09	1.778277e-12	
47  3.43391	2.249292e+00	1.163970e-01	1.042458e+00	7.828708e-02	2.353656e-09	2.119832e-09	4.046393e-13	4.469165e-09	1.310810e-12	
48  4.17819	2.249571e+00	1.163881e-01	1.042455e+00	7.823995e-02	2.353684e-09	2.119555e-09	7.754478e-13	4.468824e-09	2.836297e-12	
15  5.13242	2.249896e+00	1.163611e-01	1.042456e+00	7.837002e-02	2.353191e-09	2.119728e-09	7.247872e-13	4.470229e-09	2.034207e-12	
9  3.38857	2.250059e+00	1.163501e-01	1.042457e+00	7.825853e-02	2.353397e-09	2.120259e-09	2.955489e-13	4.464650e-09	1.720910e-12	
36  3.7804	2.250196e+00	1.163745e-01	1.042457e+00	7.807540e-02	2.353430e-09	2.120494e-09	5.950678e-13	4.479671e-09	2.564300e-12	
8  4.82634	2.250516e+00	1.164147e-01	1.042458e+00	7.802901e-02	2.353066e-09	2.119100e-09	7.337876e-13	4.482870e-09	3.575969e-12	
2  5.59148	2.250756e+00	1.163800e-01	1.042456e+00	7.808696e-02	2.352812e-09	2.118401e-09	8.863734e-13	4.490162e-09	2.581658e-12	
5  2.76552	2.250599e+00	1.164070e-01	1.042461e+00	7.810531e-02	2.353517e-09	2.117530e-09	3.443098e-13	4.486820e-09	2.158889e-12	
7  4.73736	2.250693e+00	1.163957e-01	1.042461e+00	7.802336e-02	2.353143e-09	2.117696e-09	2.171402e-13	4.486397e-09	1.817353e-12	
46  4.16893	2.250804e+00	1.163925e-01	1.042460e+00	7.802519e-02	2.354861e-09	2.117588e-09	2.945699e-13	4.489280e-09	2.330053e-12	
40  4.24096	2.251035e+00	1.163946e-01	1.042465e+00	7.790613e-02	2.355292e-09	2.118010e-09	4.978503e-13	4.498159e-09	3.055191e-12	
27  3.88693	2.251085e+00	1.164024e-01	1.042464e+00	7.771947e-02	2.354808e-09	2.117938e-09	7.024164e-13	4.516200e-09	2.407230e-12	
27  4.45022	2.251248e+00	1.164175e-01	1.042463e+00	7.764111e-02	2.356400e-09	2.118593e-09	7.091497e-13	4.515065e-09	2.765364e-12	
17  4.77322	2.251492e+00	1.164144e-01	1.042466e+00	7.756687e-02	2.356787e-09	2.117501e-09	3.748766e-13	4.514051e-09	1.182574e-12	
47  2.97007	2.252044e+00	1.163902e-01	1.042462e+00	7.774441e-02	2.355918e-09	2.117026e-09	4.080394e-13	4.509488e-09	1.923042e-12	
26  3.74123	2.251833e+00	1.163966e-01	1.042460e+00	7.762747e-02	2.355577e-09	2.116719e-09	5.727728e-13	4.517779e-09	1.995179e-12	
7  3.4834	2.251534e+00	1.163934e-01	1.042457e+00	7.751480e-02	2.353836e-09	2.117164e-09	4.834458e-13	4.510274e-09	2.456077e-12	
28  3.47331	2.251919e+00	1.163923e-01	1.042458e+00	7.746711e-02	2.354579e-09	2.116653e-09	5.840385e-13	4.509810e-09	2.596123e-12	
18  2.87351	2.251884e+00	1.163859e-01	1.042452e+00	7.754137e-02	2.354361e-09	2.116263e-09	4.128203e-13	4.506128e-09	1.788569e-12	
35  4.05253	2.251648e+00	1.163756e-01	1.042454e+00	7.740603e-02	2.354389e-09	2.116650e-09	4.215251e-13	4.506459e-09	1.369590e-12	
2  5.42029	2.251827e+00	1.163702e-01	1.042453e+00	7.731114e-02	2.354541e-09	2.116176e-09	4.372514e-13	4.502608e-09	1.081688e-12	
5  6.00275	2.252186e+00	1.163732e-01	1.042455e+00	7.731627e-02	2.352770e-09	2.116721e-09	7.042257e-13	4.499654e-09	1.589119e-12	
36  6.33191	2.252100e+00	1.163641e-01	1.042451e+00	7.727163e-02	2.354083e-09	2.116709e-09	9.558607e-13	4.494806e-09	3.737997e-12	
13  6.84153	2.251974e+00	1.163933e-01	1.042447e+00	7.735720e-02	2.355170e-09	2.117691e-09	9.074602e-13	4.503641e-09	1.936617e-12	
14  5.18826	2.252146e+00	1.164034e-01	1.042450e+00	7.752886e-02	2.354695e-09	2.117802e-09	5.424841e-13	4.498939e-09	1.498267e-12	
63  4.94965	2.252393e+00	1.164146e-01	1.042449e+00	7.761341e-02	2.354885e-09	2.118122e-09	7.542375e-13	4.491452e-09	2.926102e-12	
27  5.24828	2.252540e+00	1.163983e-01	1.042450e+00	7.767458e-02	2.354109e-09	2.118341e-09	8.587500e-13	4.487432e-09	2.724295e-12	
3  5.80819	2.252676e+00	1.164132e-01	1.042449e+00	7.784596e-02	2.354965e-09	2.119215e-09	5.029666e-13	4.491710e-09	2.484463e-12	
1  6.20214	2.252463e+00	1.164024e-01	1.042448e+00	7.789749e-02	2.355442e-09	2.120128e-09	6.512769e-13	4.485475e-09	2.662715e-12	
17  6.28818	2.252464e+00	1.164079e-01	1.042446e+00	7.800095e-02	2.355217e-09	2.119883e-09	6.594595e-13	4.478007e-09	1.504083e-12	
11  6.27565	2.252314e+00	1.164002e-01	1.042444e+00	7.809604e-02	2.356118e-09	2.120658e-09	9.342721e-13	4.486751e-09	2.415786e-12	
9  6.44141	2.252133e+00	1.164129e-01	1.042442e+00	7.806438e-02	2.356175e-09	2.121061e-09	7.868800e-13	4.495342e-09	2.148353e-12	
13  6.43723	2.252349e+00	1.163988e-01	1.042445e+00	7.823625e-02	2.356616e-09	2.120868e-09	1.030992e-12	4.507916e-09	3.312193e-12	
3  7.70521	2.252038e+00	1.163841e-01	1.042444e+00	7.816354e-02	2.357414e-09	2.121583e-09	1.093698e-12	4.512223e-09	3.252995e-12	
8  10.6785	2.251475e+00	1.163889e-01	1.042447e+00	7.815156e-02	2.357138e-09	2.121277e-09	1.051832e-12	4.520813e-09	4.717674e-12	
1  9.07583	2.251484e+00	1.163626e-01	1.042446e+00	7.829584e-02	2.356759e-09	2.121356e-09	1.142019e-12	4.509003e-09	4.555197e-12	
10  4.18534	2.251052e+00	1.163737e-01	1.042447e+00	7.821973e-02	2.355739e-09	2.120354e-09	6.312894e-13	4.516377e-09	2.848481e-12	
17  4.42083	2.251100e+00	1.163767e-01	1.042450e+00	7.823188e-02	2.355713e-09	2.120166e-09	7.141701e-13	4.514745e-09	3.104976e-12	
3  4.09126	2.250689e+00	1.163898e-01	1.042451e+00	7.821015e-02	2.354804e-09	2.119702e-09	4.686923e-13	4.521589e-09	2.743152e-12	
8  4.02	2.250834e+00	1.163753e-01	1.042453e+00	7.840752e-02	2.355815e-09	2.120655e-09	6.230054e-13	4.516883e-09	1.898197e-12	
124  3.08102	2.250556e+00	1.163892e-01	1.042453e+00	7.849453e-02	2.355627e-09	2.119962e-09	3.240014e-13	4.503284e-09	1.409173e-12	
33  2.60693	2.250510e+00	1.163652e-01	1.042452e+00	7.850105e-02	2.355274e-09	2.119883e-09	3.960619e-13	4.491211e-09	1.809280e-12	
19  2.39742	2.250405e+00	1.163598e-01	1.042454e+00	7.840944e-02	2.356545e-09	2.119655e-09	3.896556e-13	4.478385e-09	1.998789e-12	
26  3.57502	2.250405e+00	1.163700e-01	1.042454e+00	7.854002e-02	2.355333e-09	2.119674e-09	3.621836e-13	4.476043e-09	2.466603e-12	
36  5.05302	2.250095e+00	1.163848e-01	1.042453e+00	7.864887e-02	2.354518e-09	2.118740e-09	4.956305e-13	4.490143e-09	2.706249e-12	
127  5.8332	2.249832e+00	1.164095e-01	1.042449e+00	7.879994e-02	2.354095e-09	2.118487e-09	3.173276e-13	4.491842e-09	1.454033e-12	
16  7.20677	2.250057e+00	1.164163e-01	1.042450e+00	7.871718e-02	2.353476e-09	2.118781e-09	6.492319e-13	4.485973e-09	3.282379e-12	
1  3.20378	2.250125e+00	1.163803e-01	1.042446e+00	7.853779e-02	2.352372e-09	2.119078e-09	4.463462e-13	4.486178e-09	2.405991e-12	
120  2.45377	2.249680e+00	1.163878e-01	1.042446e+00	7.838985e-02	2.352712e-09	2.119604e-09	3.113453e-13	4.480528e-09	1.869023e-12	
20  3.17695	2.249525e+00	1.163673e-01	1.042446e+00	7.832673e-02	2.354090e-09	2.119853e-09	3.296149e-13	4.482589e-09	1.164865e-12	
16  4.1009	2.249644e+00	1.163811e-01	1.042443e+00	7.839814e-02	2.354190e-09	2.120217e-09	7.798845e-13	4.493896e-09	2.825439e-12	
2  3.53624	2.249627e+00	1.163654e-01	1.042446e+00	7.828867e-02	2.353715e-09	2.119755e-09	5.960397e-13	4.500724e-09	3.001557e-12	
122  2.9024	2.249536e+00	1.163676e-01	1.042450e+00	7.827485e-02	2.352409e-09	2.119447e-09	6.094681e-13	4.491563e-09	2.490451e-12	
1  2.6979	2.249279e+00	1.163490e-01	1.042450e+00	7.832454e-02	2.351879e-09	2.120256e-09	5.879649e-13	4.480104e-09	2.594635e-12	
16  3.84371	2.249382e+00	1.163494e-01	1.042446e+00	7.832481e-02	2.353042e-09	2.120650e-09	2.573592e-13	4.475836e-09	1.588954e-12	
32  3.6578	2.249306e+00	1.163822e-01	1.042444e+00	7.835228e-02	2.351804e-09	2.121567e-09	5.400991e-13	4.478861e-09	1.678137e-12	
9  4.50608	2.249232e+00	1.163671e-01	1.042442e+00	7.837710e-02	2.351712e-09	2.121107e-09	8.098306e-13	4.482049e-09	2.072621e-12	
4  5.34692	2.249015e+00	1.163436e-01	1.042448e+00	7.835533e-02	2.352864e-09	2.119839e-09	6.329477e-13	4.474248e-09	1.544500e-12	
3  2.86552	2.249211e+00	1.163448e-01	1.042445e+00	7.851443e-02	2.352796e-09	2.119488e-09	3.058273e-13	4.475903e-09	2.158777e-12	
15  5.40044	2.249450e+00	1.163573e-01	1.042445e+00	7.858413e-02	2.353044e-09	2.119509e-09	4.795706e-13	4.483460e-09	1.338859e-12	
113  2.79434	2.249297e+00	1.163052e-01	1.042442e+00	7.841935e-02	2.354346e-09	2.119180e-09	4.366217e-13	4.501412e-09	1.763714e-12	
2  4.69692	2.249045e+00	1.163137e-01	1.042446e+00	7.864257e-02	2.354156e-09	2.120155e-09	5.087233e-13	4.495905e-09	1.513278e-12	
5  4.75937	2.249269e+00	1.163568e-01	1.042444e+00	7.866369e-02	2.354287e-09	2.119956e-09	2.115556e-13	4.488383e-09	1.891298e-12	
17  4.6877	2.249575e+00	1.163052e-01	1.042445e+00	7.861317e-02	2.355551e-09	2.120344e-09	3.074216e-13	4.483489e-09	2.488370e-12	
13  2.3103	2.249286e+00	1.163023e-01	1.042446e+00	7.852645e-02	2.354766e-09	2.120360e-09	4.580991e-13	4.493170e-09	2.240844e-12	
6  2.30828	2.249061e+00	1.162711e-01	1.042445e+00	7.849481e-02	2.354241e-09	2.120677e-09	4.622988e-13	4.476499e-09	1.889099e-12	
59  2.10047	2.249162e+00	1.162371e-01	1.042448e+00	7.862254e-02	2.354764e-09	2.120305e-09	3.539008e-13	4.470844e-09	2.097017e-12	
22  2.17948	2.248686e+00	1.162469e-01	1.042444e+00	7.860139e-02	2.354379e-09	2.119602e-09	2.155837e-13	4.471625e-09	1.550259e-12	
9  3.12067	2.248593e+00	1.162714e-01	1.042445e+00	7.853832e-02	2.353067e-09	2.119260e-09	3.721488e-13	4.483249e-09	1.531390e-12	
4  3.30916	2.248626e+00	1.162653e-01	1.042442e+00	7.840644e-02	2.352626e-09	2.119192e-09	1.649570e-13	4.487319e-09	1.231623e-12	
30  3.20399	2.249057e+00	1.162331e-01	1.042445e+00	7.838972e-02	2.352134e-09	2.119786e-09	4.401886e-13	4.480311e-09	1.437864e-12	
1  3.82108	2.248565e+00	1.162260e-01	1.042448e+00	7.834163e-02	2.351062e-09	2.118884e-09	3.281927e-13	4.491129e-09	2.589612e-12	
2  5.13047	2.248395e+00	1.161978e-01	1.042450e+00	7.836084e-02	2.349845e-09	2.119508e-09	4.861232e-13	4.488409e-09	3.345950e-12	
11  3.15716	2.248540e+00	1.161904e-01	1.042448e+00	7.842722e-02	2.349977e-09	2.119075e-09	5.361076e-13	4.494304e-09	2.483145e-12	
67  2.82069	2.248213e+00	1.162046e-01	1.042447e+00	7.836813e-02	2.350305e-09	2.119067e-09	5.091650e-13	4.498193e-09	2.205718e-12	
15  2.53225	2.248125e+00	1.161725e-01	1.042447e+00	7.840342e-02	2.349315e-09	2.120284e-09	5.610885e-13	4.489240e-09	2.236939e-12	
1  2.56523	2.248065e+00	1.161948e-01	1.042447e+00	7.843916e-02	2.348730e-09	2.118978e-09	2.385857e-13	4.478446e-09	1.918787e-12	
7  3.28586	2.247702e+00	1.161771e-01	1.042450e+00	7.826569e-02	2.348969e-09	2.119622e-09	2.376175e-13	4.475980e-09	8.521250e-13	
2  2.6669	2.248099e+00	1.162171e-01	1.042450e+00	7.842316e-02	2.350342e-09	2.120191e-09	4.988501e-13	4.469266e-09	2.730252e-12	
16  2.87764	2.248092e+00	1.162337e-01	1.042451e+00	7.861898e-02	2.350163e-09	2.122183e-09	5.800744e-13	4.473285e-09	2.625389e-12	
19  1.79927	2.248429e+00	1.162354e-01	1.042449e+00	7.858594e-02	2.351128e-09	2.121092e-09	3.341001e-13	4.468353e-09	1.662986e-12	
13  2.51918	2.248555e+00	1.162956e-01	1.042454e+00	7.868640e-02	2.351747e-09	2.121607e-09	5.509800e-13	4.463334e-09	2.306579e-12	
74  2.15334	2.248448e+00	1.163051e-01	1.042453e+00	7.872457e-02	2.351565e-09	2.121773e-09	3.502646e-13	4.458891e-09	1.562586e-12	
75  2.97388	2.248432e+00	1.163061e-01	1.042451e+00	7.887102e-02	2.351457e-09	2.119902e-09	2.950382e-13	4.461153e-09	1.707199e-12	
13  3.08771	2.248213e+00	1.163275e-01	1.042449e+00	7.874761e-02	2.351220e-09	2.120963e-09	4.096103e-13	4.461220e-09	2.636286e-12	
4  2.48259	2.248405e+00	1.163265e-01	1.042444e+00	7.867293e-02	2.352410e-09	2.121352e-09	5.326850e-13	4.457412e-09	2.192124e-12	
2  4.0131	2.248513e+00	1.162849e-01	1.042447e+00	7.878869e-02	2.353009e-09	2.121867e-09	6.616768e-13	4.450876e-09	3.166159e-12	
25  3.16559	2.248394e+00	1.162762e-01	1.042448e+00	7.885772e-02	2.352820e-09	2.122708e-09	5.185944e-13	4.449611e-09	2.772707e-12	
15  2.74984	2.248248e+00	1.162727e-01	1.042448e+00	7.873667e-02	2.353686e-09	2.121322e-09	4.217302e-13	4.446333e-09	2.564685e-12	
47  2.68987	2.247818e+00	1.162844e-01	1.042447e+00	7.876991e-02	2.352862e-09	2.119989e-09	2.270703e-13	4.451015e-09	1.804395e-12	
27  2.84322	2.247644e+00	1.162741e-01	1.042446e+00	7.866139e-02	2.353517e-09	2.119401e-09	3.211069e-13	4.449902e-09	2.033153e-12	
7  9.08339	2.247499e+00	1.162758e-01	1.042443e+00	7.859166e-02	2.353876e-09	2.118457e-09	5.901312e-13	4.452670e-09	3.417670e-12	
4  5.36384	2.247505e+00	1.162861e-01	1.042441e+00	7.855492e-02	2.354523e-09	2.119429e-09	5.006002e-13	4.442556e-09	3.026278e-12	
25  4.22314	2.247443e+00	1.162946e-01	1.042439e+00	7.857574e-02	2.355709e-09	2.120197e-09	5.224226e-13	4.435404e-09	2.112185e-12	
404  3.31221	2.247362e+00	1.162901e-01	1.042439e+00	7.858679e-02	2.356368e-09	2.118464e-09	2.074086e-13	4.426969e-09	1.252595e-12	
89  3.80466	2.247305e+00	1.162983e-01	1.042439e+00	7.850452e-02	2.356107e-09	2.118230e-09	2.406335e-13	4.436118e-09	1.257001e-12	
30  4.30603	2.247055e+00	1.163060e-01	1.042441e+00	7.854437e-02	2.356257e-09	2.118197e-09	2.477933e-13	4.429035e-09	1.415794e-12	
11  4.11477	2.247331e+00	1.163400e-01	1.042446e+00	7.864538e-02	2.356751e-09	2.119022e-09	3.151763e-13	4.428157e-09	1.859226e-12	
152  2.40124	2.247262e+00	1.163334e-01	1.042447e+00	7.846617e-02	2.358565e-09	2.119595e-09	2.913334e-13	4.425349e-09	2.036729e-12	
4  3.10572	2.246852e+00	1.163181e-01	1.042443e+00	7.852180e-02	2.358269e-09	2.120531e-09	4.017894e-13	4.416964e-09	1.738453e-12	
251  1.77972	2.247130e+00	1.162698e-01	1.042445e+00	7.853419e-02	2.359013e-09	2.121498e-09	2.845635e-13	4.410359e-09	1.861257e-12	
17  1.5874	2.247050e+00	1.162410e-01	1.042450e+00	7.864104e-02	2.360157e-09	2.121269e-09	1.938418e-13	4.416953e-09	1.200486e-12	
194  1.54094	2.246512e+00	1.162383e-01	1.042453e+00	7.870039e-02	2.360002e-09	2.122153e-09	2.365735e-13	4.432057e-09	1.423087e-12	
8  2.44085	2.246711e+00	1.162570e-01	1.042455e+00	7.877666e-02	2.360493e-09	2.122216e-09	3.769545e-13	4.429384e-09	2.029418e-12	
194  2.65892	2.246886e+00	1.162518e-01	1.042454e+00	7.880492e-02	2.360133e-09	2.122145e-09	3.950320e-13	4.439130e-09	1.957181e-12	
1  2.11069	2.246811e+00	1.162684e-01	1.042453e+00	7.871451e-02	2.360170e-09	2.122833e-09	3.288589e-13	4.438285e-09	1.572818e-12	
95  4.12239	2.246399e+00	1.162653e-01	1.042456e+00	7.871930e-02	2.359886e-09	2.121686e-09	1.176159e-13	4.441418e-09	6.677175e-13	
10  5.18754	2.246380e+00	1.162539e-01	1.042448e+00	7.885236e-02	2.359777e-09	2.121974e-09	5.248355e-13	4.436719e-09	2.845623e-12	
94  1.71127	2.246217e+00	1.162488e-01	1.042442e+00	7.890548e-02	2.359360e-09	2.121448e-09	2.003881e-13	4.436411e-09	1.352159e-12	
5  2.91453	2.246181e+00	1.162320e-01	1.042441e+00	7.899402e-02	2.358843e-09	2.121900e-09	2.605720e-13	4.421870e-09	2.043706e-12	
31  3.60014	2.245830e+00	1.162335e-01	1.042442e+00	7.913372e-02	2.359376e-09	2.123033e-09	3.837697e-13	4.423124e-09	1.716427e-12	
7  4.71033	2.245845e+00	1.162177e-01	1.042440e+00	7.908184e-02	2.359130e-09	2.122279e-09	2.818976e-13	4.427747e-09	9.866104e-13	
51  4.35008	2.246211e+00	1.162329e-01	1.042440e+00	7.925644e-02	2.359866e-09	2.121176e-09	2.194337e-13	4.421861e-09	1.599885e-12	
37  3.2863	2.246006e+00	1.161752e-01	1.042440e+00	7.910215e-02	2.359581e-09	2.120965e-09	2.010476e-13	4.422009e-09	1.429318e-12	
82  4.75878	2.246028e+00	1.161764e-01	1.042440e+00	7.894886e-02	2.360215e-09	2.121496e-09	1.954691e-13	4.418210e-09	6.661346e-13	
176  2.65306	2.246188e+00	1.161607e-01	1.042440e+00	7.899013e-02	2.359844e-09	2.121224e-09	2.427302e-13	4.438519e-09	1.537890e-12	
241  2.8617	2.246161e+00	1.161730e-01	1.042441e+00	7.891593e-02	2.360772e-09	2.121086e-09	1.815433e-13	4.447262e-09	9.168156e-13	
113  2.58724	2.246269e+00	1.161789e-01	1.042444e+00	7.880882e-02	2.360860e-09	2.121360e-09	2.579851e-13	4.438267e-09	1.269032e-12	
10  5.72073	2.246516e+00	1.162145e-01	1.042450e+00	7.888054e-02	2.360640e-09	2.121475e-09	4.285596e-13	4.450685e-09	1.603909e-12	
15  5.1712	2.246815e+00	1.161965e-01	1.042448e+00	7.891515e-02	2.361025e-09	2.120681e-09	2.658893e-13	4.453207e-09	2.398393e-12	
