3  57.5958	2.245219e+00	1.162594e-01	1.042486e+00	7.544533e-02	2.342581e-09	2.107003e-09	3.544596e-12	4.499381e-09	7.515224e-13	
1  22.8774	2.245297e+00	1.162985e-01	1.042486e+00	7.511592e-02	2.342645e-09	2.106839e-09	1.383272e-12	4.511692e-09	1.886817e-12	
1  20.3169	2.245147e+00	1.162946e-01	1.042491e+00	7.517207e-02	2.343153e-09	2.106694e-09	3.845281e-13	4.508060e-09	-5.102993e-15	
17  8.88475	2.245128e+00	1.162757e-01	1.042489e+00	7.515805e-02	2.342906e-09	2.106557e-09	4.856542e-13	4.495042e-09	1.414548e-12	
33  1.66729	2.245362e+00	1.162954e-01	1.042488e+00	7.503438e-02	2.344000e-09	2.106674e-09	2.850368e-13	4.484601e-09	1.452767e-12	
154  0.534502	2.245043e+00	1.163146e-01	1.042486e+00	7.508353e-02	2.344257e-09	2.107035e-09	2.506381e-13	4.469205e-09	1.612747e-12	
358  0.674969	2.244733e+00	1.163147e-01	1.042488e+00	7.515312e-02	2.345787e-09	2.105518e-09	1.290465e-13	4.469499e-09	1.228248e-12	
217  1.91176	2.245265e+00	1.163547e-01	1.042483e+00	7.514390e-02	2.346803e-09	2.104392e-09	1.276067e-13	4.472307e-09	1.138555e-12	
143  1.12594	2.245294e+00	1.163190e-01	1.042484e+00	7.524906e-02	2.347472e-09	2.105358e-09	1.295025e-13	4.461755e-09	1.264476e-12	
13  0.326869	2.245561e+00	1.163463e-01	1.042487e+00	7.517150e-02	2.348611e-09	2.106468e-09	1.410790e-13	4.478679e-09	1.240170e-12	
155  0.270467	2.245845e+00	1.163499e-01	1.042484e+00	7.507454e-02	2.348502e-09	2.106230e-09	1.856326e-13	4.486953e-09	1.375856e-12	
19  3.04673	2.245961e+00	1.163641e-01	1.042484e+00	7.523307e-02	2.347171e-09	2.106653e-09	1.642974e-13	4.475606e-09	1.960859e-12	
22  2.91879	2.245863e+00	1.163535e-01	1.042481e+00	7.535939e-02	2.347242e-09	2.106742e-09	1.795205e-13	4.463343e-09	2.062940e-12	
40  1.88717	2.246248e+00	1.163618e-01	1.042482e+00	7.549799e-02	2.346184e-09	2.107603e-09	2.272547e-13	4.458987e-09	2.186118e-12	
457  0.215968	2.246485e+00	1.164025e-01	1.042483e+00	7.540368e-02	2.346302e-09	2.108010e-09	2.078699e-13	4.455451e-09	1.435421e-12	
277  0.991575	2.246382e+00	1.164320e-01	1.042483e+00	7.553996e-02	2.346452e-09	2.107472e-09	2.421507e-13	4.463005e-09	1.589069e-12	
15  2.37953	2.246472e+00	1.164341e-01	1.042483e+00	7.559773e-02	2.345658e-09	2.109013e-09	2.738854e-13	4.454788e-09	1.101301e-12	
30  0.585586	2.246495e+00	1.164220e-01	1.042483e+00	7.560102e-02	2.344308e-09	2.109717e-09	2.799280e-13	4.452278e-09	1.557081e-12	
18  0.694432	2.246255e+00	1.164225e-01	1.042483e+00	7.570310e-02	2.343343e-09	2.109041e-09	1.806066e-13	4.453635e-09	1.206393e-12	
15  0.999203	2.246387e+00	1.164301e-01	1.042482e+00	7.556745e-02	2.344216e-09	2.109026e-09	2.789180e-13	4.446285e-09	2.202399e-12	
44  1.06739	2.246076e+00	1.164181e-01	1.042479e+00	7.540636e-02	2.343541e-09	2.108770e-09	3.796470e-13	4.443303e-09	1.947799e-12	
3  2.31408	2.245887e+00	1.164199e-01	1.042476e+00	7.544027e-02	2.343883e-09	2.107815e-09	4.142845e-13	4.446881e-09	2.431215e-12	
65  1.78565	2.246003e+00	1.164387e-01	1.042474e+00	7.546071e-02	2.344103e-09	2.108774e-09	4.320960e-13	4.442057e-09	2.580020e-12	
40  1.43897	2.245892e+00	1.164832e-01	1.042470e+00	7.553383e-02	2.344114e-09	2.108839e-09	3.704104e-13	4.444237e-09	1.734977e-12	
273  1.24576	2.246098e+00	1.164463e-01	1.042470e+00	7.547756e-02	2.345333e-09	2.109052e-09	3.457427e-13	4.443206e-09	1.598442e-12	
61  1.48798	2.246107e+00	1.164452e-01	1.042468e+00	7.533558e-02	2.344767e-09	2.108717e-09	4.092612e-13	4.453212e-09	2.462317e-12	
35  1.85424	2.246583e+00	1.164326e-01	1.042468e+00	7.518142e-02	2.345330e-09	2.109255e-09	4.095985e-13	4.453071e-09	2.251816e-12	
62  2.157	2.246535e+00	1.163817e-01	1.042471e+00	7.511711e-02	2.344348e-09	2.108443e-09	3.243623e-13	4.450052e-09	2.380454e-12	
25  3.43067	2.246874e+00	1.163679e-01	1.042466e+00	7.510892e-02	2.344813e-09	2.109552e-09	5.549451e-13	4.425224e-09	2.612235e-12	
21  2.17846	2.246845e+00	1.163764e-01	1.042464e+00	7.509762e-02	2.345075e-09	2.108445e-09	4.825411e-13	4.430183e-09	2.247977e-12	
58  5.04672	2.246863e+00	1.164038e-01	1.042463e+00	7.498550e-02	2.345944e-09	2.108954e-09	4.561557e-13	4.418293e-09	1.197057e-12	
14  3.298	2.246931e+00	1.164052e-01	1.042462e+00	7.495567e-02	2.346479e-09	2.108989e-09	5.127209e-13	4.423587e-09	2.063492e-12	
47  3.95925	2.246737e+00	1.164049e-01	1.042460e+00	7.477768e-02	2.345622e-09	2.107864e-09	5.459765e-13	4.426377e-09	1.834192e-12	
6  4.76751	2.246870e+00	1.163590e-01	1.042457e+00	7.491049e-02	2.345172e-09	2.107966e-09	3.438439e-13	4.432150e-09	8.837230e-13	
15  2.90103	2.247073e+00	1.163717e-01	1.042457e+00	7.494656e-02	2.344965e-09	2.107779e-09	5.490903e-13	4.420119e-09	2.613341e-12	
57  0.554691	2.247192e+00	1.164000e-01	1.042458e+00	7.502688e-02	2.344280e-09	2.107238e-09	2.898014e-13	4.428231e-09	1.726037e-12	
90  1.2407	2.246953e+00	1.164438e-01	1.042456e+00	7.483894e-02	2.344633e-09	2.106079e-09	3.540190e-13	4.432233e-09	2.279299e-12	
13  1.30438	2.247273e+00	1.164069e-01	1.042458e+00	7.491239e-02	2.345142e-09	2.106440e-09	3.508710e-13	4.423924e-09	2.299203e-12	
48  2.39631	2.247404e+00	1.164199e-01	1.042460e+00	7.466144e-02	2.345548e-09	2.106625e-09	4.564059e-13	4.428064e-09	2.568566e-12	
39  2.86275	2.247294e+00	1.164018e-01	1.042459e+00	7.453300e-02	2.344456e-09	2.106796e-09	5.018157e-13	4.428075e-09	2.321592e-12	
15  2.22215	2.246860e+00	1.164433e-01	1.042457e+00	7.441667e-02	2.344237e-09	2.105499e-09	3.775986e-13	4.423022e-09	1.505636e-12	
6  2.775	2.246974e+00	1.165020e-01	1.042455e+00	7.452534e-02	2.345024e-09	2.105827e-09	5.040638e-13	4.423876e-09	1.947647e-12	
2  4.5874	2.246723e+00	1.164914e-01	1.042455e+00	7.459861e-02	2.343551e-09	2.104976e-09	4.689103e-13	4.416822e-09	1.499912e-12	
18  2.525	2.246452e+00	1.165103e-01	1.042452e+00	7.468646e-02	2.343919e-09	2.105125e-09	4.382680e-13	4.408917e-09	2.566382e-12	
9  2.57566	2.246433e+00	1.165523e-01	1.042454e+00	7.457774e-02	2.344254e-09	2.105280e-09	3.704649e-13	4.402257e-09	1.398515e-12	
2  1.58117	2.246371e+00	1.165866e-01	1.042453e+00	7.454035e-02	2.344025e-09	2.104986e-09	3.652407e-13	4.396779e-09	1.691268e-12	
9  4.41098	2.246587e+00	1.165807e-01	1.042454e+00	7.469352e-02	2.343586e-09	2.104925e-09	3.467419e-13	4.396385e-09	2.985732e-12	
155  0.801511	2.246502e+00	1.165884e-01	1.042457e+00	7.472278e-02	2.344189e-09	2.105089e-09	2.558418e-13	4.405886e-09	1.957978e-12	
67  0.671487	2.246509e+00	1.166125e-01	1.042457e+00	7.475865e-02	2.342524e-09	2.104867e-09	2.539567e-13	4.414613e-09	1.819539e-12	
22  1.53664	2.246625e+00	1.166238e-01	1.042458e+00	7.486624e-02	2.342587e-09	2.105324e-09	3.343374e-13	4.411650e-09	2.305564e-12	
153  0.763005	2.246528e+00	1.165843e-01	1.042460e+00	7.462955e-02	2.342832e-09	2.106039e-09	2.459613e-13	4.410665e-09	1.395215e-12	
18  2.5257	2.246382e+00	1.165892e-01	1.042459e+00	7.464295e-02	2.343140e-09	2.106001e-09	1.865509e-13	4.413196e-09	1.709094e-12	
46  4.24198	2.246267e+00	1.165896e-01	1.042460e+00	7.465228e-02	2.341638e-09	2.106907e-09	1.500841e-13	4.412264e-09	1.036084e-12	
12  5.07596	2.245975e+00	1.166119e-01	1.042458e+00	7.466095e-02	2.342297e-09	2.106693e-09	7.460542e-13	4.402663e-09	2.243100e-12	
12  3.83576	2.246413e+00	1.165647e-01	1.042457e+00	7.467841e-02	2.342254e-09	2.105989e-09	6.698280e-13	4.405514e-09	2.924445e-12	
46  3.89261	2.246319e+00	1.165568e-01	1.042454e+00	7.472572e-02	2.341684e-09	2.105391e-09	5.583750e-13	4.414677e-09	3.181292e-12	
219  0.42429	2.246042e+00	1.165514e-01	1.042453e+00	7.464190e-02	2.340434e-09	2.105793e-09	2.572954e-13	4.421997e-09	1.578841e-12	
8  1.06213	2.245816e+00	1.165587e-01	1.042452e+00	7.470406e-02	2.339946e-09	2.105984e-09	4.055242e-13	4.440936e-09	2.277729e-12	
4  2.77246	2.245648e+00	1.165535e-01	1.042448e+00	7.457751e-02	2.340011e-09	2.106218e-09	5.185507e-13	4.439528e-09	2.926623e-12	
8  4.301	2.245830e+00	1.165543e-01	1.042444e+00	7.464057e-02	2.339359e-09	2.105054e-09	6.684557e-13	4.449530e-09	2.985554e-12	
43  4.6005	2.245934e+00	1.165574e-01	1.042443e+00	7.478070e-02	2.339022e-09	2.104939e-09	5.189179e-13	4.432621e-09	3.289630e-12	
210  0.723423	2.245806e+00	1.165620e-01	1.042442e+00	7.490431e-02	2.337883e-09	2.105474e-09	3.149643e-13	4.431629e-09	1.894063e-12	
291  1.06709	2.245594e+00	1.165786e-01	1.042446e+00	7.477443e-02	2.339698e-09	2.105748e-09	3.389562e-13	4.440539e-09	1.549041e-12	
7  3.02387	2.245552e+00	1.165606e-01	1.042449e+00	7.464021e-02	2.338479e-09	2.106210e-09	6.342264e-13	4.451464e-09	2.970955e-12	
5  1.88531	2.245529e+00	1.165924e-01	1.042448e+00	7.478803e-02	2.339375e-09	2.106314e-09	3.061467e-13	4.445500e-09	2.346893e-12	
58  1.18536	2.245193e+00	1.166223e-01	1.042451e+00	7.473634e-02	2.338671e-09	2.106380e-09	4.001364e-13	4.447499e-09	2.378522e-12	
21  2.87462	2.245142e+00	1.166360e-01	1.042454e+00	7.475537e-02	2.338763e-09	2.106484e-09	1.574986e-13	4.457977e-09	1.263980e-12	
23  2.71729	2.245179e+00	1.166448e-01	1.042458e+00	7.461669e-02	2.338301e-09	2.107746e-09	5.034426e-13	4.467352e-09	1.826047e-12	
75  2.49388	2.245161e+00	1.166408e-01	1.042459e+00	7.464065e-02	2.338466e-09	2.106949e-09	3.691489e-13	4.453709e-09	2.528589e-12	
96  1.90133	2.245090e+00	1.166076e-01	1.042457e+00	7.467869e-02	2.338851e-09	2.106298e-09	5.140763e-13	4.438739e-09	2.378468e-12	
11  5.4481	2.245506e+00	1.165868e-01	1.042458e+00	7.465653e-02	2.339879e-09	2.107266e-09	5.350564e-13	4.436821e-09	1.165533e-12	
8  6.63511	2.245319e+00	1.166128e-01	1.042460e+00	7.472150e-02	2.339791e-09	2.108592e-09	9.781606e-13	4.436369e-09	3.923971e-12	
5  7.17913	2.245447e+00	1.166109e-01	1.042459e+00	7.495029e-02	2.339838e-09	2.108415e-09	1.031791e-12	4.432945e-09	4.376483e-12	
12  7.22523	2.245737e+00	1.166464e-01	1.042458e+00	7.500187e-02	2.340497e-09	2.108789e-09	6.966621e-13	4.423876e-09	4.238254e-12	
4  10.5943	2.245495e+00	1.166239e-01	1.042459e+00	7.490635e-02	2.340283e-09	2.109043e-09	1.102798e-12	4.424351e-09	1.526827e-12	
3  7.54294	2.245335e+00	1.166553e-01	1.042459e+00	7.495245e-02	2.341772e-09	2.107978e-09	8.118612e-13	4.432482e-09	4.446079e-12	
4  4.30726	2.245323e+00	1.166708e-01	1.042456e+00	7.488088e-02	2.341071e-09	2.108441e-09	8.199369e-13	4.426082e-09	2.664886e-12	
77  0.629104	2.245309e+00	1.166687e-01	1.042458e+00	7.460373e-02	2.341704e-09	2.106296e-09	3.101225e-13	4.420962e-09	1.855107e-12	
14  2.51516	2.245190e+00	1.166454e-01	1.042457e+00	7.445999e-02	2.341594e-09	2.105474e-09	5.150967e-13	4.410069e-09	2.250223e-12	
36  2.54316	2.245115e+00	1.166078e-01	1.042460e+00	7.449259e-02	2.341857e-09	2.106896e-09	5.313258e-13	4.412577e-09	2.331989e-12	
1  3.81591	2.244654e+00	1.166373e-01	1.042457e+00	7.453100e-02	2.340919e-09	2.106654e-09	6.668657e-13	4.401657e-09	2.965195e-12	
69  2.64584	2.244546e+00	1.166170e-01	1.042454e+00	7.449079e-02	2.341765e-09	2.106876e-09	5.089878e-13	4.396772e-09	2.055465e-12	
7  6.06995	2.244437e+00	1.166532e-01	1.042459e+00	7.448995e-02	2.340829e-09	2.106915e-09	8.326314e-13	4.406750e-09	3.758669e-12	
30  5.67181	2.244143e+00	1.166513e-01	1.042463e+00	7.451773e-02	2.341026e-09	2.106793e-09	7.756347e-13	4.407603e-09	3.593370e-12	
11  5.27624	2.244206e+00	1.166472e-01	1.042464e+00	7.454082e-02	2.341427e-09	2.107415e-09	7.998313e-13	4.397686e-09	3.106895e-12	
52  3.40516	2.243842e+00	1.166635e-01	1.042464e+00	7.466279e-02	2.341640e-09	2.108447e-09	4.218527e-13	4.391194e-09	2.653531e-12	
36  2.45045	2.243809e+00	1.166492e-01	1.042461e+00	7.465852e-02	2.342287e-09	2.108634e-09	4.000269e-13	4.375413e-09	1.911141e-12	
55  3.76242	2.243977e+00	1.166329e-01	1.042459e+00	7.473763e-02	2.341420e-09	2.109417e-09	5.098041e-13	4.378080e-09	1.900935e-12	
21  4.12363	2.243968e+00	1.166442e-01	1.042463e+00	7.479108e-02	2.340825e-09	2.108989e-09	3.993006e-13	4.382083e-09	1.170012e-12	
45  3.21569	2.243683e+00	1.166682e-01	1.042462e+00	7.475603e-02	2.340115e-09	2.109394e-09	4.691403e-13	4.385261e-09	1.903112e-12	
74  1.77114	2.243038e+00	1.166449e-01	1.042461e+00	7.493524e-02	2.340771e-09	2.109370e-09	2.984670e-13	4.385250e-09	1.711411e-12	
54  2.18323	2.242595e+00	1.166257e-01	1.042465e+00	7.500902e-02	2.342354e-09	2.108669e-09	4.132842e-13	4.397232e-09	2.042604e-12	
16  1.10717	2.243044e+00	1.166659e-01	1.042465e+00	7.504183e-02	2.342638e-09	2.107710e-09	2.113431e-13	4.400728e-09	1.817868e-12	
16  1.05277	2.243503e+00	1.166668e-01	1.042462e+00	7.509241e-02	2.342384e-09	2.107209e-09	1.427560e-13	4.395521e-09	1.227650e-12	
35  1.67995	2.243301e+00	1.166683e-01	1.042461e+00	7.501947e-02	2.341929e-09	2.108172e-09	1.966066e-13	4.400745e-09	9.515580e-13	
27  1.06808	2.243134e+00	1.166721e-01	1.042466e+00	7.499608e-02	2.341860e-09	2.108206e-09	3.400355e-13	4.388707e-09	1.876392e-12	
23  0.880918	2.243227e+00	1.166841e-01	1.042464e+00	7.500869e-02	2.342522e-09	2.107910e-09	2.934286e-13	4.396829e-09	1.992477e-12	
113  1.07887	2.243210e+00	1.166964e-01	1.042464e+00	7.490018e-02	2.343865e-09	2.107819e-09	3.215873e-13	4.388291e-09	1.780294e-12	
164  1.84317	2.243073e+00	1.166733e-01	1.042469e+00	7.470944e-02	2.343828e-09	2.108491e-09	2.977998e-13	4.400378e-09	1.603488e-12	
72  1.8775	2.243012e+00	1.166519e-01	1.042470e+00	7.460193e-02	2.343436e-09	2.107305e-09	3.098983e-13	4.402468e-09	2.206175e-12	
17  2.27207	2.243004e+00	1.166599e-01	1.042470e+00	7.452657e-02	2.343485e-09	2.107879e-09	2.581181e-13	4.411173e-09	1.722478e-12	
16  2.60524	2.243633e+00	1.166289e-01	1.042471e+00	7.449511e-02	2.344468e-09	2.106158e-09	2.546556e-13	4.408758e-09	2.287488e-12	
116  0.777054	2.243976e+00	1.166682e-01	1.042472e+00	7.454748e-02	2.344553e-09	2.106329e-09	2.535188e-13	4.407160e-09	1.827620e-12	
19  2.15011	2.243998e+00	1.166521e-01	1.042470e+00	7.454658e-02	2.344438e-09	2.107657e-09	3.059680e-13	4.416486e-09	1.410782e-12	
3  3.65714	2.243807e+00	1.166662e-01	1.042469e+00	7.453448e-02	2.344389e-09	2.107578e-09	3.266634e-13	4.408971e-09	2.523024e-12	
7  4.44432	2.244031e+00	1.166614e-01	1.042465e+00	7.441277e-02	2.342276e-09	2.107567e-09	6.647608e-13	4.411362e-09	2.544061e-12	
49  4.19486	2.244116e+00	1.166520e-01	1.042463e+00	7.469675e-02	2.341683e-09	2.108478e-09	6.936995e-13	4.407414e-09	2.849014e-12	
10  4.79613	2.243815e+00	1.166573e-01	1.042458e+00	7.472937e-02	2.341147e-09	2.108462e-09	5.611050e-13	4.405258e-09	1.510190e-12	
28  3.78575	2.243554e+00	1.166891e-01	1.042454e+00	7.476006e-02	2.341528e-09	2.108890e-09	4.882562e-13	4.403801e-09	1.505704e-12	
44  2.71975	2.243493e+00	1.167057e-01	1.042452e+00	7.489888e-02	2.340568e-09	2.107603e-09	2.557366e-13	4.393750e-09	2.244002e-12	
8  5.61915	2.242939e+00	1.166659e-01	1.042450e+00	7.503596e-02	2.340679e-09	2.108067e-09	1.915342e-13	4.390540e-09	4.075781e-13	
26  2.31715	2.243091e+00	1.166474e-01	1.042453e+00	7.522570e-02	2.341026e-09	2.108788e-09	4.401457e-13	4.381195e-09	1.940417e-12	
9  2.33207	2.243388e+00	1.166154e-01	1.042452e+00	7.509172e-02	2.339226e-09	2.108952e-09	4.875324e-13	4.371577e-09	1.954098e-12	
4  2.86055	2.243396e+00	1.165971e-01	1.042453e+00	7.510311e-02	2.338990e-09	2.108630e-09	5.305725e-13	4.385647e-09	2.091007e-12	
5  4.20777	2.243288e+00	1.165712e-01	1.042453e+00	7.494884e-02	2.337713e-09	2.108203e-09	4.858745e-13	4.382992e-09	3.226991e-12	
11  3.58296	2.243727e+00	1.165358e-01	1.042449e+00	7.488188e-02	2.337879e-09	2.108383e-09	5.496194e-13	4.381447e-09	1.755660e-12	
52  3.6932	2.243736e+00	1.165286e-01	1.042448e+00	7.472281e-02	2.338346e-09	2.108616e-09	4.488503e-13	4.372808e-09	2.692739e-12	
2  3.45974	2.244206e+00	1.165312e-01	1.042442e+00	7.473076e-02	2.339121e-09	2.107397e-09	1.397308e-13	4.370201e-09	8.087360e-13	
23  3.45013	2.243941e+00	1.164944e-01	1.042446e+00	7.456386e-02	2.339187e-09	2.107298e-09	2.575492e-13	4.388257e-09	8.552422e-13	
190  1.77309	2.243908e+00	1.165356e-01	1.042449e+00	7.449672e-02	2.338271e-09	2.106300e-09	4.083387e-13	4.387140e-09	2.350731e-12	
44  1.48064	2.243717e+00	1.165684e-01	1.042448e+00	7.443510e-02	2.338828e-09	2.104521e-09	2.578182e-13	4.381618e-09	1.262648e-12	
4  4.3146	2.243396e+00	1.165734e-01	1.042450e+00	7.435406e-02	2.339487e-09	2.104361e-09	3.970394e-13	4.374947e-09	1.542598e-12	
5  3.69887	2.243824e+00	1.165795e-01	1.042445e+00	7.419922e-02	2.339255e-09	2.104635e-09	3.544392e-13	4.378687e-09	2.790820e-12	
42  3.8857	2.243364e+00	1.165550e-01	1.042446e+00	7.414094e-02	2.338804e-09	2.104109e-09	4.351902e-13	4.381676e-09	1.683160e-12	
35  4.25754	2.243220e+00	1.165374e-01	1.042445e+00	7.410847e-02	2.340321e-09	2.103575e-09	3.696300e-13	4.382104e-09	1.436722e-12	
8  3.97363	2.243341e+00	1.165811e-01	1.042446e+00	7.427406e-02	2.340732e-09	2.104586e-09	4.858357e-13	4.371138e-09	2.525380e-12	
3  6.48588	2.242976e+00	1.165316e-01	1.042450e+00	7.428892e-02	2.340758e-09	2.105860e-09	7.119329e-13	4.372452e-09	2.788130e-12	
9  5.3695	2.242887e+00	1.165134e-01	1.042452e+00	7.420319e-02	2.341396e-09	2.105914e-09	4.368268e-13	4.370881e-09	1.304489e-12	
146  0.810696	2.242811e+00	1.165710e-01	1.042452e+00	7.422432e-02	2.341039e-09	2.105142e-09	2.243667e-13	4.373717e-09	1.382733e-12	
114  0.855006	2.242682e+00	1.165485e-01	1.042457e+00	7.422133e-02	2.341627e-09	2.104485e-09	1.871020e-13	4.380386e-09	1.133901e-12	
177  0.636428	2.242726e+00	1.165675e-01	1.042457e+00	7.428613e-02	2.341865e-09	2.105019e-09	2.006366e-13	4.387375e-09	1.317232e-12	
169  0.53906	2.242748e+00	1.165871e-01	1.042460e+00	7.427277e-02	2.342580e-09	2.104758e-09	1.893825e-13	4.390512e-09	1.315907e-12	
19  3.28856	2.242981e+00	1.166041e-01	1.042457e+00	7.414085e-02	2.342969e-09	2.105128e-09	4.180144e-13	4.377812e-09	1.868013e-12	
11  5.35131	2.243032e+00	1.166036e-01	1.042462e+00	7.407487e-02	2.342816e-09	2.105666e-09	1.299612e-13	4.393701e-09	5.450983e-13	
67  4.54236	2.243245e+00	1.166195e-01	1.042460e+00	7.391746e-02	2.342742e-09	2.106477e-09	3.237119e-13	4.398398e-09	2.030998e-12	
8  4.40606	2.243438e+00	1.166204e-01	1.042459e+00	7.401416e-02	2.342899e-09	2.105093e-09	5.601242e-13	4.406159e-09	2.332119e-12	
48  4.67183	2.243186e+00	1.166394e-01	1.042463e+00	7.396126e-02	2.342845e-09	2.105044e-09	5.474072e-13	4.407210e-09	2.105348e-12	
29  1.40704	2.243203e+00	1.166674e-01	1.042460e+00	7.390671e-02	2.341219e-09	2.103052e-09	2.986048e-13	4.407224e-09	1.814353e-12	
5  2.76153	2.242966e+00	1.166517e-01	1.042461e+00	7.388310e-02	2.341989e-09	2.101407e-09	9.351490e-14	4.406065e-09	6.115853e-13	
253  0.998895	2.243194e+00	1.166690e-01	1.042458e+00	7.371684e-02	2.340519e-09	2.102313e-09	2.635336e-13	4.419713e-09	1.737291e-12	
36  0.667211	2.243282e+00	1.166503e-01	1.042457e+00	7.382908e-02	2.340484e-09	2.101650e-09	1.755070e-13	4.428043e-09	1.435799e-12	
122  0.922001	2.242942e+00	1.166306e-01	1.042456e+00	7.362864e-02	2.338915e-09	2.101337e-09	1.643923e-13	4.426842e-09	1.053066e-12	
85  2.00335	2.243009e+00	1.166332e-01	1.042454e+00	7.361837e-02	2.338778e-09	2.101784e-09	1.438403e-13	4.436888e-09	7.701035e-13	
1  2.34534	2.243138e+00	1.166679e-01	1.042455e+00	7.366879e-02	2.338846e-09	2.101462e-09	1.053771e-13	4.436369e-09	8.065282e-13	
86  1.58834	2.243044e+00	1.166212e-01	1.042459e+00	7.354541e-02	2.339238e-09	2.102379e-09	2.919800e-13	4.445189e-09	1.523453e-12	
71  3.40107	2.243107e+00	1.166090e-01	1.042457e+00	7.362180e-02	2.339129e-09	2.102489e-09	1.433166e-13	4.435778e-09	6.197956e-13	
116  1.80669	2.242993e+00	1.166254e-01	1.042464e+00	7.372732e-02	2.338829e-09	2.102839e-09	1.845252e-13	4.426545e-09	9.400650e-13	
23  1.81771	2.243128e+00	1.166399e-01	1.042466e+00	7.365445e-02	2.338749e-09	2.103345e-09	2.090538e-13	4.428969e-09	1.139101e-12	
35  2.30411	2.242947e+00	1.166206e-01	1.042465e+00	7.366048e-02	2.339735e-09	2.102872e-09	2.566071e-13	4.419028e-09	2.159216e-12	
11  2.64047	2.242839e+00	1.166842e-01	1.042464e+00	7.368821e-02	2.341316e-09	2.103325e-09	3.995310e-13	4.421551e-09	2.205354e-12	
7  4.49876	2.242840e+00	1.166977e-01	1.042466e+00	7.372262e-02	2.341142e-09	2.103694e-09	5.279365e-13	4.420707e-09	2.113308e-12	
105  4.55369	2.242247e+00	1.167279e-01	1.042467e+00	7.365931e-02	2.342411e-09	2.102764e-09	2.322444e-13	4.427309e-09	7.637230e-13	
23  4.47588	2.242143e+00	1.167267e-01	1.042466e+00	7.363121e-02	2.341978e-09	2.102837e-09	3.030144e-13	4.427543e-09	1.054968e-12	
13  4.45933	2.242398e+00	1.167277e-01	1.042464e+00	7.358096e-02	2.342155e-09	2.102404e-09	4.522833e-13	4.418404e-09	2.120163e-12	
5  4.31532	2.242215e+00	1.167200e-01	1.042457e+00	7.346082e-02	2.342385e-09	2.103212e-09	3.711822e-13	4.409827e-09	2.627330e-12	
45  1.75129	2.242568e+00	1.167564e-01	1.042458e+00	7.343697e-02	2.341663e-09	2.102145e-09	3.043271e-13	4.407973e-09	1.790138e-12	
27  3.90409	2.242275e+00	1.167284e-01	1.042460e+00	7.352089e-02	2.341511e-09	2.102261e-09	2.221584e-13	4.417954e-09	7.844896e-13	
33  2.93247	2.242264e+00	1.167548e-01	1.042461e+00	7.362771e-02	2.342177e-09	2.102817e-09	3.074683e-13	4.419668e-09	1.332470e-12	
147  2.28645	2.242189e+00	1.167969e-01	1.042463e+00	7.339991e-02	2.342997e-09	2.102407e-09	3.263797e-13	4.427905e-09	1.836500e-12	
33  4.62544	2.242013e+00	1.167899e-01	1.042460e+00	7.356631e-02	2.344023e-09	2.102271e-09	2.929024e-13	4.425254e-09	2.596331e-12	
187  2.02409	2.241656e+00	1.167509e-01	1.042460e+00	7.375304e-02	2.342249e-09	2.102002e-09	1.003954e-13	4.425483e-09	8.747312e-13	
71  4.02449	2.241670e+00	1.167260e-01	1.042459e+00	7.373560e-02	2.342301e-09	2.101756e-09	3.010548e-13	4.428664e-09	2.316295e-12	
65  1.39294	2.241738e+00	1.167461e-01	1.042465e+00	7.356633e-02	2.341079e-09	2.102456e-09	2.217551e-13	4.428703e-09	1.706293e-12	
461  1.34852	2.241328e+00	1.167254e-01	1.042467e+00	7.364027e-02	2.342244e-09	2.102113e-09	1.314946e-13	4.429605e-09	1.191520e-12	
17  1.72298	2.240710e+00	1.167235e-01	1.042469e+00	7.365269e-02	2.341259e-09	2.101288e-09	1.052978e-13	4.435401e-09	9.915803e-13	
400  2.17268	2.241006e+00	1.166973e-01	1.042467e+00	7.369184e-02	2.340336e-09	2.100670e-09	1.509239e-13	4.444636e-09	1.127871e-12	
44  1.97162	2.241174e+00	1.166835e-01	1.042461e+00	7.372785e-02	2.340614e-09	2.101196e-09	1.059669e-13	4.438646e-09	1.155918e-12	
157  2.75593	2.241043e+00	1.167042e-01	1.042464e+00	7.363632e-02	2.340319e-09	2.100996e-09	2.113796e-13	4.430452e-09	1.374924e-12	
58  1.53569	2.241464e+00	1.167099e-01	1.042466e+00	7.353359e-02	2.340201e-09	2.100832e-09	1.912653e-13	4.431539e-09	1.458939e-12	
71  2.22557	2.241431e+00	1.166789e-01	1.042469e+00	7.362524e-02	2.340633e-09	2.101643e-09	1.639715e-13	4.427720e-09	9.107324e-13	
143  1.26695	2.241610e+00	1.166944e-01	1.042470e+00	7.370729e-02	2.340762e-09	2.101240e-09	1.373355e-13	4.430555e-09	1.319822e-12	
134  1.69892	2.241912e+00	1.167125e-01	1.042468e+00	7.374291e-02	2.340696e-09	2.101741e-09	1.999341e-13	4.441895e-09	1.225697e-12	
265  1.59073	2.242058e+00	1.167530e-01	1.042467e+00	7.361123e-02	2.341282e-09	2.102259e-09	2.105761e-13	4.429276e-09	1.167628e-12	
105  1.18108	2.242178e+00	1.168058e-01	1.042467e+00	7.367407e-02	2.341174e-09	2.101218e-09	1.526640e-13	4.429834e-09	1.166921e-12	
29  1.03079	2.242650e+00	1.167942e-01	1.042470e+00	7.354368e-02	2.340879e-09	2.101911e-09	2.214380e-13	4.423768e-09	1.707392e-12	
34  1.88738	2.242907e+00	1.167587e-01	1.042473e+00	7.350832e-02	2.342837e-09	2.101902e-09	2.573309e-13	4.416442e-09	2.094637e-12	
75  1.90681	2.242703e+00	1.167310e-01	1.042470e+00	7.327904e-02	2.343140e-09	2.102139e-09	2.781353e-13	4.418247e-09	1.678784e-12	
79  3.58817	2.242723e+00	1.167314e-01	1.042472e+00	7.320610e-02	2.343126e-09	2.102244e-09	3.511286e-13	4.417198e-09	2.432051e-12	
38  3.01202	2.242929e+00	1.167184e-01	1.042477e+00	7.322827e-02	2.344229e-09	2.102515e-09	3.474038e-13	4.422174e-09	1.859696e-12	
7  2.32416	2.243049e+00	1.167250e-01	1.042477e+00	7.330274e-02	2.344128e-09	2.102180e-09	3.192711e-13	4.425657e-09	2.055175e-12	
115  2.69836	2.243202e+00	1.167588e-01	1.042475e+00	7.320491e-02	2.345044e-09	2.102500e-09	2.994145e-13	4.410962e-09	1.984963e-12	
96  3.09376	2.243484e+00	1.167835e-01	1.042474e+00	7.325474e-02	2.345002e-09	2.102569e-09	3.625767e-13	4.406379e-09	1.670779e-12	
1  7.34433	2.243666e+00	1.167821e-01	1.042474e+00	7.316096e-02	2.344508e-09	2.102253e-09	4.373715e-13	4.407381e-09	3.396073e-12	
102  2.50094	2.243894e+00	1.167936e-01	1.042476e+00	7.327981e-02	2.343501e-09	2.102719e-09	3.611852e-13	4.393262e-09	1.892359e-12	
21  2.01809	2.243676e+00	1.168268e-01	1.042476e+00	7.316606e-02	2.342939e-09	2.101906e-09	2.525976e-13	4.391045e-09	1.845058e-12	
11  3.34122	2.243345e+00	1.168356e-01	1.042478e+00	7.328752e-02	2.342101e-09	2.101218e-09	3.461553e-13	4.390692e-09	2.674266e-12	
29  4.15406	2.243173e+00	1.168731e-01	1.042479e+00	7.312432e-02	2.340638e-09	2.101305e-09	4.315271e-13	4.390163e-09	2.977510e-12	
63  2.57901	2.243290e+00	1.168466e-01	1.042482e+00	7.307171e-02	2.340281e-09	2.101850e-09	3.755932e-13	4.394552e-09	2.205629e-12	
32  2.52533	2.243183e+00	1.168579e-01	1.042485e+00	7.321822e-02	2.340303e-09	2.101524e-09	3.352106e-13	4.389482e-09	2.471585e-12	
73  3.10164	2.243414e+00	1.168653e-01	1.042485e+00	7.328571e-02	2.340141e-09	2.100849e-09	3.220570e-13	4.380371e-09	1.463943e-12	
22  5.27939	2.243238e+00	1.168825e-01	1.042484e+00	7.327786e-02	2.340190e-09	2.101974e-09	4.650909e-13	4.387090e-09	1.502848e-12	
49  4.44933	2.243225e+00	1.169035e-01	1.042483e+00	7.326602e-02	2.339146e-09	2.101203e-09	5.439071e-13	4.377154e-09	2.973205e-12	
32  4.63851	2.243359e+00	1.168781e-01	1.042483e+00	7.319720e-02	2.338896e-09	2.102219e-09	6.416537e-13	4.400805e-09	2.670402e-12	
15  5.71792	2.243123e+00	1.168762e-01	1.042482e+00	7.311842e-02	2.339290e-09	2.101726e-09	6.987932e-13	4.401601e-09	3.128200e-12	
43  6.12763	2.242855e+00	1.168603e-01	1.042478e+00	7.303172e-02	2.340359e-09	2.102329e-09	4.354352e-13	4.390633e-09	1.240268e-12	
19  6.50323	2.242865e+00	1.168548e-01	1.042478e+00	7.319621e-02	2.339417e-09	2.101936e-09	6.028308e-13	4.395735e-09	3.659339e-12	
1  5.41443	2.242837e+00	1.168532e-01	1.042484e+00	7.329895e-02	2.339380e-09	2.101806e-09	4.560595e-13	4.404055e-09	3.336578e-12	
18  2.23093	2.242898e+00	1.168468e-01	1.042482e+00	7.321959e-02	2.340867e-09	2.102018e-09	1.859315e-13	4.412789e-09	1.436148e-12	
1  2.0498	2.242719e+00	1.168404e-01	1.042480e+00	7.338696e-02	2.340952e-09	2.102365e-09	2.568412e-13	4.411343e-09	2.041409e-12	
80  2.19118	2.242680e+00	1.168256e-01	1.042484e+00	7.339351e-02	2.341365e-09	2.102072e-09	3.533137e-13	4.430335e-09	2.100618e-12	
71  1.83965	2.242294e+00	1.168106e-01	1.042486e+00	7.334475e-02	2.342291e-09	2.101949e-09	2.164286e-13	4.418556e-09	1.857860e-12	
29  4.04628	2.242660e+00	1.168178e-01	1.042486e+00	7.331979e-02	2.341579e-09	2.102498e-09	3.324316e-13	4.410410e-09	1.255326e-12	
12  2.34939	2.242441e+00	1.167997e-01	1.042484e+00	7.323069e-02	2.340274e-09	2.102349e-09	3.031313e-13	4.417439e-09	2.063761e-12	
329  3.27787	2.242127e+00	1.167963e-01	1.042482e+00	7.315151e-02	2.341111e-09	2.102867e-09	3.103376e-13	4.406760e-09	1.586543e-12	
38  4.31356	2.242048e+00	1.168032e-01	1.042484e+00	7.318651e-02	2.340454e-09	2.102390e-09	4.383750e-13	4.402502e-09	1.850383e-12	
7  3.70573	2.242334e+00	1.168061e-01	1.042483e+00	7.319928e-02	2.338557e-09	2.102696e-09	3.682473e-13	4.406883e-09	1.509292e-12	
15  5.18704	2.242054e+00	1.167789e-01	1.042484e+00	7.311025e-02	2.338388e-09	2.100704e-09	5.071598e-13	4.404026e-09	2.735389e-12	
25  4.71069	2.241816e+00	1.168004e-01	1.042479e+00	7.303368e-02	2.338736e-09	2.101319e-09	1.393289e-13	4.410616e-09	1.488856e-12	
211  1.91858	2.242151e+00	1.168145e-01	1.042481e+00	7.314116e-02	2.337537e-09	2.101203e-09	2.226765e-13	4.400143e-09	1.222988e-12	
58  3.18549	2.241902e+00	1.168175e-01	1.042480e+00	7.315244e-02	2.338296e-09	2.102145e-09	3.590115e-13	4.411873e-09	2.405954e-12	
11  2.55624	2.242079e+00	1.168201e-01	1.042481e+00	7.327350e-02	2.337751e-09	2.101903e-09	3.627957e-13	4.402379e-09	1.822725e-12	
73  1.75276	2.242300e+00	1.168349e-01	1.042485e+00	7.333064e-02	2.337963e-09	2.101567e-09	3.143590e-13	4.392395e-09	2.028018e-12	
76  1.60906	2.242201e+00	1.168521e-01	1.042487e+00	7.334199e-02	2.338188e-09	2.101008e-09	2.333428e-13	4.393013e-09	1.416721e-12	
150  3.83667	2.242128e+00	1.168383e-01	1.042489e+00	7.346028e-02	2.336881e-09	2.100504e-09	2.272303e-13	4.383276e-09	2.373279e-12	
68  1.72633	2.241571e+00	1.168248e-01	1.042490e+00	7.334520e-02	2.338684e-09	2.100597e-09	2.135042e-13	4.383910e-09	1.796760e-12	
134  3.60996	2.241326e+00	1.168290e-01	1.042489e+00	7.327249e-02	2.337306e-09	2.099694e-09	2.654960e-13	4.378906e-09	2.178354e-12	
34  3.13134	2.241112e+00	1.168374e-01	1.042488e+00	7.336804e-02	2.337509e-09	2.101288e-09	2.929600e-13	4.377945e-09	2.379667e-12	
8  2.14726	2.241203e+00	1.168352e-01	1.042491e+00	7.346034e-02	2.337102e-09	2.101218e-09	2.018657e-13	4.383750e-09	1.242617e-12	
161  2.70048	2.241570e+00	1.168375e-01	1.042494e+00	7.353658e-02	2.336197e-09	2.101718e-09	1.987122e-13	4.392019e-09	2.057274e-12	
74  2.52996	2.241699e+00	1.168293e-01	1.042491e+00	7.352499e-02	2.334643e-09	2.101123e-09	1.139292e-13	4.390539e-09	1.180179e-12	
31  2.38948	2.241818e+00	1.168590e-01	1.042492e+00	7.343301e-02	2.334789e-09	2.101199e-09	3.271680e-13	4.380772e-09	2.267726e-12	
25  4.2015	2.241571e+00	1.168789e-01	1.042494e+00	7.345774e-02	2.335681e-09	2.101794e-09	3.350887e-13	4.380795e-09	2.861410e-12	
50  4.55525	2.241255e+00	1.168751e-01	1.042495e+00	7.352809e-02	2.334943e-09	2.101333e-09	3.923947e-13	4.393904e-09	2.032274e-12	
12  2.91144	2.240732e+00	1.168479e-01	1.042496e+00	7.339936e-02	2.335399e-09	2.102357e-09	3.407514e-13	4.394738e-09	2.430714e-12	
34  2.67344	2.241151e+00	1.168369e-01	1.042497e+00	7.339220e-02	2.337321e-09	2.102299e-09	1.944870e-13	4.398413e-09	1.034373e-12	
115  2.51509	2.241577e+00	1.168040e-01	1.042499e+00	7.343401e-02	2.336726e-09	2.102974e-09	2.850302e-13	4.406603e-09	2.237069e-12	
89  3.48278	2.241735e+00	1.168285e-01	1.042498e+00	7.361725e-02	2.336206e-09	2.103008e-09	3.285811e-13	4.405172e-09	2.732081e-12	
58  2.77965	2.241408e+00	1.168069e-01	1.042498e+00	7.354090e-02	2.335400e-09	2.102934e-09	2.478579e-13	4.402935e-09	2.234885e-12	
2  3.88792	2.241298e+00	1.168655e-01	1.042496e+00	7.366066e-02	2.335345e-09	2.102264e-09	4.283448e-13	4.411194e-09	2.412607e-12	
74  1.85422	2.241121e+00	1.168872e-01	1.042497e+00	7.366091e-02	2.336623e-09	2.102831e-09	2.136361e-13	4.424359e-09	1.264462e-12	
4  2.63923	2.241347e+00	1.168914e-01	1.042495e+00	7.359922e-02	2.336907e-09	2.102935e-09	3.879424e-13	4.427436e-09	2.230098e-12	
7  2.59751	2.241463e+00	1.169081e-01	1.042497e+00	7.353874e-02	2.337000e-09	2.102897e-09	2.815670e-13	4.429520e-09	2.304771e-12	
73  2.58977	2.241229e+00	1.169805e-01	1.042497e+00	7.360891e-02	2.337459e-09	2.103194e-09	3.844746e-13	4.426237e-09	2.296808e-12	
14  1.89053	2.241774e+00	1.169642e-01	1.042495e+00	7.358270e-02	2.337040e-09	2.103312e-09	3.368434e-13	4.440374e-09	1.931486e-12	
71  1.73644	2.241860e+00	1.169373e-01	1.042494e+00	7.367862e-02	2.337930e-09	2.103057e-09	2.248396e-13	4.437695e-09	1.300681e-12	
18  1.8861	2.241874e+00	1.169265e-01	1.042495e+00	7.367649e-02	2.338083e-09	2.103507e-09	2.487891e-13	4.424023e-09	1.363023e-12	
148  1.60914	2.241854e+00	1.169204e-01	1.042497e+00	7.371503e-02	2.339230e-09	2.102871e-09	2.476871e-13	4.425083e-09	1.994963e-12	
32  1.75918	2.241621e+00	1.169213e-01	1.042497e+00	7.378549e-02	2.338780e-09	2.103562e-09	2.786001e-13	4.436022e-09	1.582630e-12	
2  1.88581	2.241586e+00	1.169338e-01	1.042500e+00	7.372798e-02	2.337949e-09	2.103367e-09	3.273006e-13	4.431400e-09	2.108384e-12	
87  2.72675	2.241568e+00	1.169540e-01	1.042497e+00	7.392578e-02	2.337755e-09	2.104007e-09	1.467482e-13	4.425887e-09	1.025068e-12	
28  2.88318	2.241583e+00	1.169599e-01	1.042495e+00	7.375141e-02	2.337442e-09	2.104879e-09	3.962195e-13	4.424762e-09	2.436831e-12	
115  2.92539	2.241797e+00	1.169425e-01	1.042500e+00	7.355205e-02	2.337979e-09	2.104488e-09	3.676663e-13	4.425841e-09	1.931532e-12	
1  2.20409	2.241576e+00	1.169304e-01	1.042498e+00	7.364051e-02	2.339600e-09	2.103642e-09	3.061980e-13	4.421792e-09	2.212366e-12	
81  1.48603	2.241574e+00	1.169450e-01	1.042495e+00	7.362786e-02	2.339162e-09	2.102047e-09	2.310698e-13	4.430947e-09	1.690263e-12	
28  2.44621	2.241682e+00	1.169376e-01	1.042493e+00	7.367538e-02	2.338984e-09	2.101296e-09	1.815978e-13	4.425018e-09	1.832393e-12	
141  3.69323	2.242046e+00	1.169508e-01	1.042491e+00	7.390382e-02	2.338055e-09	2.101602e-09	2.591887e-13	4.413913e-09	2.261119e-12	
308  1.6248	2.242237e+00	1.169563e-01	1.042494e+00	7.379405e-02	2.337699e-09	2.103088e-09	2.359391e-13	4.419091e-09	1.959995e-12	
6  2.48966	2.241880e+00	1.169505e-01	1.042495e+00	7.375250e-02	2.339203e-09	2.102712e-09	3.363460e-13	4.413380e-09	2.321553e-12	
19  2.19432	2.241876e+00	1.169679e-01	1.042498e+00	7.368440e-02	2.337384e-09	2.103533e-09	3.364632e-13	4.416855e-09	2.377488e-12	
36  2.49094	2.241776e+00	1.169694e-01	1.042501e+00	7.351848e-02	2.337809e-09	2.103059e-09	4.002277e-13	4.429873e-09	2.227964e-12	
222  2.06523	2.241944e+00	1.169570e-01	1.042501e+00	7.359440e-02	2.338622e-09	2.103384e-09	2.057437e-13	4.435411e-09	1.600519e-12	
63  2.51173	2.242036e+00	1.169588e-01	1.042495e+00	7.381149e-02	2.337705e-09	2.104182e-09	2.191938e-13	4.435301e-09	1.151522e-12	
100  1.87113	2.241874e+00	1.169548e-01	1.042498e+00	7.390631e-02	2.337536e-09	2.104291e-09	3.518352e-13	4.441365e-09	1.904340e-12	
55  2.54461	2.241653e+00	1.169539e-01	1.042496e+00	7.392392e-02	2.337902e-09	2.104626e-09	3.003961e-13	4.445474e-09	2.325825e-12	
96  2.1989	2.241458e+00	1.169666e-01	1.042499e+00	7.382471e-02	2.337465e-09	2.104652e-09	3.511384e-13	4.446787e-09	2.179065e-12	
2  5.28654	2.241699e+00	1.169530e-01	1.042497e+00	7.384689e-02	2.336616e-09	2.104212e-09	6.677718e-13	4.449312e-09	2.636713e-12	
2  4.37675	2.241574e+00	1.169517e-01	1.042497e+00	7.388850e-02	2.336365e-09	2.104681e-09	5.891269e-13	4.446701e-09	3.172586e-12	
9  2.31276	2.241771e+00	1.169781e-01	1.042499e+00	7.398318e-02	2.337052e-09	2.104915e-09	2.703708e-13	4.469861e-09	2.055081e-12	
55  2.07368	2.241493e+00	1.169927e-01	1.042500e+00	7.388679e-02	2.339059e-09	2.104722e-09	2.691209e-13	4.473985e-09	1.896589e-12	
29  3.36448	2.241403e+00	1.169914e-01	1.042503e+00	7.388259e-02	2.339849e-09	2.105139e-09	4.767424e-13	4.472313e-09	2.486389e-12	
2  8.63443	2.241146e+00	1.169963e-01	1.042501e+00	7.369386e-02	2.340045e-09	2.106071e-09	9.391691e-13	4.463551e-09	3.152953e-12	
1  10.4243	2.241156e+00	1.169777e-01	1.042503e+00	7.378329e-02	2.340528e-09	2.105888e-09	1.078591e-12	4.473013e-09	4.205126e-12	
5  8.1557	2.241263e+00	1.169411e-01	1.042504e+00	7.374483e-02	2.340665e-09	2.105651e-09	1.343358e-13	4.458653e-09	1.246710e-12	
1  7.27195	2.241487e+00	1.169475e-01	1.042505e+00	7.370999e-02	2.339406e-09	2.105907e-09	2.971726e-13	4.445404e-09	2.567973e-12	
4  7.89051	2.241337e+00	1.169800e-01	1.042505e+00	7.374179e-02	2.339718e-09	2.106539e-09	6.735827e-13	4.446439e-09	1.849854e-12	
2  6.63892	2.241370e+00	1.169957e-01	1.042504e+00	7.367647e-02	2.338575e-09	2.106017e-09	7.565368e-13	4.436153e-09	2.743508e-12	
29  4.1229	2.241666e+00	1.170200e-01	1.042501e+00	7.385308e-02	2.338625e-09	2.105030e-09	5.642530e-13	4.445538e-09	2.317718e-12	
