3  14.915	2.245897e+00	1.171774e-01	1.042261e+00	7.574950e-02	2.363725e-09	2.112075e-09	1.151917e-11	4.318677e-09	-1.344121e-12	
35  9.15529	2.243429e+00	1.167535e-01	1.042291e+00	7.515167e-02	2.344482e-09	2.105860e-09	4.603347e-12	5.415230e-09	-2.294974e-12	
108  5.14254	2.250822e+00	1.159440e-01	1.042202e+00	7.589863e-02	2.338784e-09	2.108550e-09	2.223430e-12	5.184824e-09	3.607112e-12	
74  4.26729	2.241494e+00	1.158001e-01	1.042193e+00	7.174418e-02	2.296501e-09	2.091034e-09	1.537214e-12	4.977278e-09	2.536710e-12	
4  6.49659	2.239003e+00	1.152420e-01	1.042053e+00	7.162543e-02	2.289741e-09	2.090538e-09	2.547820e-12	4.219228e-09	3.112035e-12	
4  11.3378	2.236024e+00	1.163155e-01	1.041691e+00	7.085031e-02	2.304834e-09	2.088481e-09	6.201205e-12	4.262810e-09	2.826313e-12	
7  12.5902	2.236821e+00	1.166122e-01	1.041741e+00	7.469770e-02	2.338980e-09	2.106417e-09	4.938523e-13	4.357248e-09	-4.364605e-12	
2  9.77434	2.229728e+00	1.164974e-01	1.041862e+00	7.864025e-02	2.348105e-09	2.125544e-09	4.146574e-12	4.084898e-09	-2.894061e-12	
30  9.58466	2.223328e+00	1.162654e-01	1.041688e+00	7.175153e-02	2.320319e-09	2.093132e-09	3.683619e-12	3.981727e-09	9.483830e-13	
51  6.06613	2.228743e+00	1.160000e-01	1.041827e+00	7.604171e-02	2.330730e-09	2.111990e-09	2.121398e-12	3.999049e-09	2.237563e-12	
223  5.0582	2.234413e+00	1.170327e-01	1.041728e+00	7.394809e-02	2.361270e-09	2.104787e-09	2.524146e-12	4.007519e-09	-2.399816e-12	
85  2.83736	2.238609e+00	1.163747e-01	1.041901e+00	7.503706e-02	2.352910e-09	2.106798e-09	1.284927e-12	4.432128e-09	-9.223585e-14	
385  1.87665	2.244854e+00	1.168953e-01	1.041921e+00	7.552152e-02	2.360249e-09	2.109835e-09	1.100216e-12	4.655319e-09	-5.067433e-14	
110  4.63647	2.247519e+00	1.172737e-01	1.041787e+00	7.290082e-02	2.350856e-09	2.098712e-09	1.613460e-12	4.675967e-09	-3.747239e-12	
97  6.82963	2.245430e+00	1.175854e-01	1.041980e+00	7.061328e-02	2.338055e-09	2.088266e-09	2.750235e-12	5.044783e-09	1.672872e-12	
83  6.39093	2.251378e+00	1.162795e-01	1.041865e+00	7.630366e-02	2.340452e-09	2.109358e-09	4.999998e-12	5.195737e-09	-2.819224e-12	
74  4.9257	2.251120e+00	1.158063e-01	1.041918e+00	7.681912e-02	2.327302e-09	2.111082e-09	4.426577e-12	4.896687e-09	-1.682927e-12	
55  3.77487	2.247201e+00	1.154806e-01	1.041952e+00	7.731360e-02	2.311530e-09	2.110523e-09	2.279798e-12	5.583143e-09	9.603777e-13	
9  4.55477	2.245225e+00	1.161902e-01	1.042174e+00	7.742975e-02	2.318599e-09	2.112996e-09	5.769147e-13	5.538972e-09	-5.226743e-13	
35  7.76473	2.246290e+00	1.154447e-01	1.042206e+00	8.180535e-02	2.323085e-09	2.131648e-09	1.942352e-12	5.276119e-09	4.835294e-12	
23  8.56116	2.244165e+00	1.160180e-01	1.042333e+00	7.985310e-02	2.331848e-09	2.125142e-09	4.646404e-12	5.202494e-09	-6.064528e-13	
1  5.20365	2.241943e+00	1.168922e-01	1.042059e+00	7.893109e-02	2.368023e-09	2.124126e-09	2.065153e-12	4.860329e-09	1.527562e-12	
129  4.92165	2.238650e+00	1.177708e-01	1.041810e+00	7.589085e-02	2.388712e-09	2.112382e-09	2.563309e-12	4.444169e-09	-1.172376e-12	
260  3.25806	2.246004e+00	1.185909e-01	1.041530e+00	7.364916e-02	2.408286e-09	2.102649e-09	6.808419e-13	4.564735e-09	-1.166921e-12	
89  3.59545	2.243484e+00	1.181189e-01	1.041448e+00	7.157272e-02	2.388551e-09	2.088838e-09	3.291939e-13	5.124312e-09	-3.402712e-13	
332  4.03184	2.242875e+00	1.181510e-01	1.041440e+00	7.495533e-02	2.399468e-09	2.105559e-09	1.279079e-12	4.918159e-09	-4.224052e-12	
3  6.44606	2.240817e+00	1.193827e-01	1.041090e+00	7.234645e-02	2.420228e-09	2.093905e-09	1.506645e-12	5.319552e-09	-5.196002e-12	
30  6.32994	2.237289e+00	1.181796e-01	1.041283e+00	7.328131e-02	2.385548e-09	2.095340e-09	4.971183e-13	5.468772e-09	6.166118e-13	
29  6.43654	2.246703e+00	1.171427e-01	1.041311e+00	7.661341e-02	2.384034e-09	2.109287e-09	8.856204e-13	5.040251e-09	8.637734e-13	
82  8.22316	2.253124e+00	1.168552e-01	1.041146e+00	7.371317e-02	2.366598e-09	2.094238e-09	5.286404e-12	5.448125e-09	-7.148995e-12	
62  8.84281	2.264594e+00	1.165132e-01	1.041146e+00	7.479187e-02	2.375037e-09	2.098956e-09	3.460369e-12	5.633726e-09	-1.026104e-11	
105  3.73029	2.262619e+00	1.157937e-01	1.041297e+00	7.467850e-02	2.356324e-09	2.098960e-09	1.560199e-12	4.921940e-09	-2.397352e-12	
74  4.00943	2.265648e+00	1.163515e-01	1.041077e+00	7.485275e-02	2.379783e-09	2.098802e-09	1.254787e-12	5.300574e-09	-4.970568e-12	
67  4.37236	2.263778e+00	1.166011e-01	1.041144e+00	7.200044e-02	2.360119e-09	2.086715e-09	7.411931e-13	5.431647e-09	-2.485651e-12	
611  4.42662	2.261782e+00	1.156975e-01	1.041260e+00	7.173744e-02	2.344881e-09	2.083274e-09	5.949791e-13	5.834649e-09	-2.179918e-12	
19  3.72758	2.255509e+00	1.158174e-01	1.041464e+00	7.589956e-02	2.353194e-09	2.102286e-09	2.093189e-13	5.812638e-09	-1.922446e-12	
39  3.76308	2.253420e+00	1.161854e-01	1.041608e+00	7.621880e-02	2.351206e-09	2.103614e-09	1.347561e-12	5.851851e-09	-3.367122e-12	
945  2.49251	2.248600e+00	1.162234e-01	1.041800e+00	7.742543e-02	2.355989e-09	2.110413e-09	1.072757e-12	5.664274e-09	-1.463361e-12	
436  2.28394	2.255313e+00	1.163108e-01	1.041780e+00	7.383618e-02	2.335435e-09	2.094128e-09	8.735032e-13	6.299336e-09	-1.493530e-13	
12  5.93742	2.263130e+00	1.156938e-01	1.041736e+00	7.528968e-02	2.346137e-09	2.100973e-09	3.030149e-12	5.710268e-09	-4.876637e-12	
310  4.19789	2.262559e+00	1.153482e-01	1.041781e+00	7.624972e-02	2.342736e-09	2.106185e-09	1.315481e-12	5.507983e-09	-3.274182e-12	
71  3.91751	2.263379e+00	1.158478e-01	1.041759e+00	7.667047e-02	2.357131e-09	2.107619e-09	6.189954e-13	5.678390e-09	1.106764e-12	
40  4.81484	2.252174e+00	1.155226e-01	1.041858e+00	7.458125e-02	2.337790e-09	2.101025e-09	2.811293e-12	4.918523e-09	-1.602876e-12	
22  5.63157	2.263984e+00	1.154249e-01	1.041853e+00	7.756352e-02	2.352326e-09	2.113157e-09	2.787986e-12	5.015058e-09	-4.211964e-12	
18  5.90506	2.261814e+00	1.146431e-01	1.042316e+00	8.253416e-02	2.354587e-09	2.134150e-09	3.785301e-13	4.910206e-09	1.909972e-12	
11  5.72635	2.257391e+00	1.150611e-01	1.042050e+00	8.135352e-02	2.343927e-09	2.129124e-09	1.080448e-12	5.020797e-09	2.506127e-12	
147  7.58559	2.265950e+00	1.156940e-01	1.041896e+00	7.300794e-02	2.327739e-09	2.092513e-09	2.969560e-12	5.640067e-09	-5.078768e-12	
210  6.05002	2.270773e+00	1.172180e-01	1.041614e+00	7.272434e-02	2.377143e-09	2.097934e-09	2.002601e-12	4.710624e-09	-2.587545e-12	
7  8.1089	2.271883e+00	1.162903e-01	1.041548e+00	7.203786e-02	2.360802e-09	2.094966e-09	3.908031e-12	4.046537e-09	-6.572485e-12	
231  8.09254	2.273669e+00	1.156416e-01	1.041601e+00	7.300695e-02	2.362686e-09	2.097535e-09	3.104514e-12	4.061063e-09	-5.660661e-12	
6  10.1715	2.278698e+00	1.146991e-01	1.041446e+00	7.529668e-02	2.345021e-09	2.103807e-09	3.494143e-12	4.456196e-09	-1.547573e-12	
3  10.8442	2.272373e+00	1.148737e-01	1.041308e+00	7.271522e-02	2.329055e-09	2.091241e-09	4.693225e-12	4.826187e-09	-3.621774e-12	
14  7.93611	2.277183e+00	1.148424e-01	1.041324e+00	7.231583e-02	2.334279e-09	2.090409e-09	2.518606e-13	4.694408e-09	-9.265125e-13	
4  9.61681	2.270965e+00	1.157051e-01	1.041293e+00	7.070639e-02	2.343223e-09	2.085301e-09	3.163068e-12	4.578231e-09	-4.143684e-12	
60  9.31007	2.267952e+00	1.160688e-01	1.041247e+00	7.358029e-02	2.367739e-09	2.097906e-09	5.268980e-12	4.554649e-09	-9.762742e-12	
19  7.15842	2.275128e+00	1.155882e-01	1.041521e+00	7.719637e-02	2.352097e-09	2.111686e-09	4.201747e-12	5.135514e-09	-3.654340e-12	
11  6.78313	2.274773e+00	1.157653e-01	1.041556e+00	7.581566e-02	2.354942e-09	2.104437e-09	2.485624e-12	5.613133e-09	-6.388438e-12	
14  7.33217	2.273373e+00	1.156429e-01	1.041571e+00	7.338123e-02	2.340751e-09	2.094412e-09	2.660422e-12	5.405608e-09	-6.438113e-12	
44  8.59851	2.276773e+00	1.149774e-01	1.041610e+00	7.824822e-02	2.353209e-09	2.114479e-09	3.083331e-12	5.444214e-09	-6.688235e-12	
73  5.67363	2.263739e+00	1.155266e-01	1.041682e+00	7.508400e-02	2.351211e-09	2.103064e-09	1.676804e-12	5.405206e-09	-4.259466e-12	
196  3.32972	2.252835e+00	1.154335e-01	1.041782e+00	7.537519e-02	2.339404e-09	2.103469e-09	1.493424e-12	5.336285e-09	-1.135385e-12	
70  5.6099	2.246604e+00	1.160483e-01	1.041741e+00	7.871925e-02	2.367286e-09	2.118545e-09	7.076806e-13	5.125884e-09	-3.023508e-12	
48  6.23725	2.244729e+00	1.162345e-01	1.041706e+00	7.923159e-02	2.379179e-09	2.121785e-09	2.090870e-12	5.044990e-09	-1.801100e-12	
7  6.25145	2.243278e+00	1.172180e-01	1.041682e+00	7.336101e-02	2.356581e-09	2.094863e-09	1.326577e-12	5.689723e-09	2.284768e-12	
410  2.65446	2.248256e+00	1.168851e-01	1.041720e+00	7.353306e-02	2.357674e-09	2.096411e-09	5.508911e-13	5.229858e-09	-2.106924e-12	
231  3.88595	2.247029e+00	1.159609e-01	1.041888e+00	7.533396e-02	2.354548e-09	2.104339e-09	1.373987e-12	5.291271e-09	1.000801e-12	
605  2.47099	2.253404e+00	1.166484e-01	1.041692e+00	7.616506e-02	2.383014e-09	2.108550e-09	2.059541e-13	5.117154e-09	-1.526593e-12	
913  1.91342	2.247755e+00	1.161224e-01	1.041986e+00	7.477045e-02	2.348676e-09	2.101116e-09	1.057204e-12	5.590131e-09	-9.885744e-14	
1819  1.43276	2.246923e+00	1.161812e-01	1.042147e+00	7.322513e-02	2.347081e-09	2.096071e-09	7.004154e-14	5.488981e-09	1.095321e-13	
336  0.983409	2.246449e+00	1.161272e-01	1.042174e+00	7.573248e-02	2.345715e-09	2.105588e-09	5.089205e-13	5.431580e-09	1.687625e-12	
29  1.52861	2.241716e+00	1.161550e-01	1.041869e+00	7.610207e-02	2.353469e-09	2.106298e-09	6.588128e-13	5.097291e-09	-5.854581e-13	
31  6.4835	2.245506e+00	1.152762e-01	1.041969e+00	7.490612e-02	2.316071e-09	2.098567e-09	3.732749e-12	5.575917e-09	1.545998e-12	
98  4.86737	2.243894e+00	1.150381e-01	1.041760e+00	7.686305e-02	2.315976e-09	2.104941e-09	2.326983e-12	5.474632e-09	1.961309e-13	
105  7.04961	2.241172e+00	1.153626e-01	1.041654e+00	7.148026e-02	2.291337e-09	2.080465e-09	1.543535e-12	6.002696e-09	-4.430966e-13	
150  6.44815	2.244924e+00	1.148753e-01	1.041717e+00	7.912391e-02	2.323213e-09	2.114159e-09	2.099159e-13	5.649942e-09	1.106980e-12	
374  6.07287	2.239155e+00	1.150947e-01	1.041741e+00	7.913819e-02	2.324083e-09	2.113891e-09	1.773389e-12	5.766829e-09	-1.405269e-13	
58  4.87578	2.240118e+00	1.156076e-01	1.041481e+00	7.220946e-02	2.315411e-09	2.084194e-09	2.898962e-13	6.116678e-09	-2.265505e-13	
146  6.20396	2.247739e+00	1.152840e-01	1.041400e+00	7.686887e-02	2.333423e-09	2.103285e-09	9.471581e-13	6.358125e-09	-3.561456e-12	
12  6.34459	2.244286e+00	1.166382e-01	1.041370e+00	7.304475e-02	2.347583e-09	2.090179e-09	3.638905e-14	6.129694e-09	-9.103694e-13	
134  4.28084	2.240797e+00	1.165333e-01	1.041533e+00	7.220354e-02	2.324380e-09	2.087330e-09	2.424549e-13	6.124861e-09	-5.403683e-13	
47  8.86031	2.245101e+00	1.165359e-01	1.041555e+00	7.500256e-02	2.354036e-09	2.100103e-09	3.775941e-12	5.653242e-09	-7.278187e-12	
31  7.58439	2.248255e+00	1.157095e-01	1.042013e+00	7.629934e-02	2.338383e-09	2.107973e-09	5.091237e-12	5.129413e-09	-1.877592e-12	
20  6.68782	2.261562e+00	1.153772e-01	1.042243e+00	7.977844e-02	2.342987e-09	2.124038e-09	3.687966e-12	5.196206e-09	-1.175376e-13	
36  6.71227	2.264139e+00	1.152990e-01	1.042428e+00	8.220832e-02	2.350609e-09	2.133357e-09	1.865862e-12	5.332078e-09	3.157668e-12	
57  5.40902	2.263808e+00	1.151933e-01	1.042322e+00	8.091441e-02	2.333103e-09	2.126772e-09	2.261106e-12	5.557146e-09	2.338959e-13	
38  3.77254	2.260388e+00	1.158567e-01	1.042109e+00	7.956825e-02	2.361125e-09	2.120838e-09	1.476674e-12	5.661390e-09	1.375431e-13	
220  2.98948	2.264005e+00	1.155893e-01	1.041861e+00	7.859904e-02	2.359010e-09	2.113865e-09	7.640427e-13	5.937517e-09	3.507200e-13	
15  7.52197	2.260148e+00	1.162330e-01	1.041617e+00	7.454243e-02	2.350462e-09	2.096394e-09	4.305183e-12	6.268117e-09	-4.442246e-12	
303  6.03257	2.265659e+00	1.156176e-01	1.041749e+00	7.576040e-02	2.338278e-09	2.102989e-09	2.767386e-13	6.271167e-09	-2.100899e-12	
81  6.04485	2.259366e+00	1.148976e-01	1.042098e+00	7.495663e-02	2.305489e-09	2.100811e-09	2.197990e-12	5.838155e-09	3.290756e-12	
168  3.75747	2.262717e+00	1.140966e-01	1.042256e+00	7.652350e-02	2.301185e-09	2.104922e-09	1.055920e-12	6.012042e-09	2.532456e-12	
172  4.19912	2.270611e+00	1.148773e-01	1.042437e+00	7.550500e-02	2.301059e-09	2.101847e-09	1.805356e-12	6.510817e-09	2.535876e-12	
74  4.2188	2.268041e+00	1.143068e-01	1.042616e+00	7.572219e-02	2.287407e-09	2.104053e-09	1.764757e-12	6.206599e-09	2.385294e-12	
37  4.90682	2.273082e+00	1.143133e-01	1.042541e+00	7.617520e-02	2.284042e-09	2.106069e-09	1.998224e-12	5.914112e-09	8.168207e-13	
119  8.0539	2.268042e+00	1.146732e-01	1.042553e+00	7.309231e-02	2.271269e-09	2.093848e-09	3.603343e-12	6.058796e-09	1.154680e-12	
220  6.53627	2.268060e+00	1.152375e-01	1.042458e+00	7.710020e-02	2.314337e-09	2.113261e-09	3.892905e-12	5.268057e-09	4.330419e-12	
3  3.70453	2.259317e+00	1.151403e-01	1.042321e+00	7.169641e-02	2.291699e-09	2.088659e-09	5.001036e-13	5.052125e-09	7.163807e-13	
65  4.74489	2.248786e+00	1.164909e-01	1.042161e+00	7.168951e-02	2.320360e-09	2.091765e-09	1.234495e-12	5.065220e-09	3.303053e-12	
33  5.19973	2.249075e+00	1.160810e-01	1.042139e+00	7.332866e-02	2.316890e-09	2.099561e-09	2.929547e-12	5.041666e-09	1.583844e-12	
876  3.92258	2.247407e+00	1.165914e-01	1.042322e+00	7.170256e-02	2.320782e-09	2.094472e-09	8.143497e-13	5.200270e-09	7.436333e-13	
277  3.33275	2.252781e+00	1.160563e-01	1.042242e+00	7.699455e-02	2.317826e-09	2.114513e-09	1.300861e-12	5.531300e-09	2.083360e-12	
40  10.4005	2.250002e+00	1.167032e-01	1.042107e+00	7.852488e-02	2.345270e-09	2.120771e-09	6.542387e-12	5.456528e-09	3.512298e-13	
113  5.77671	2.248341e+00	1.168421e-01	1.042270e+00	7.819406e-02	2.344495e-09	2.119843e-09	2.561000e-12	5.787196e-09	1.079706e-12	
87  5.00314	2.251518e+00	1.158092e-01	1.042457e+00	7.765327e-02	2.317925e-09	2.115920e-09	2.892887e-12	5.643936e-09	1.303709e-12	
51  6.12872	2.250819e+00	1.159142e-01	1.042281e+00	8.179073e-02	2.355760e-09	2.134719e-09	4.150495e-13	5.336607e-09	-1.753660e-13	
542  3.67502	2.242456e+00	1.171725e-01	1.041967e+00	7.712663e-02	2.366538e-09	2.118840e-09	1.168088e-12	4.742248e-09	-3.938185e-13	
63  5.10309	2.249145e+00	1.168613e-01	1.041985e+00	7.859204e-02	2.365435e-09	2.125407e-09	1.022796e-12	4.631537e-09	-1.691074e-12	
17  7.236	2.259806e+00	1.158943e-01	1.042051e+00	7.169790e-02	2.316091e-09	2.092101e-09	2.950964e-12	5.121482e-09	1.293870e-12	
107  5.31133	2.266835e+00	1.169357e-01	1.042047e+00	7.335889e-02	2.347015e-09	2.101268e-09	2.002383e-12	4.952122e-09	-2.275813e-12	
82  3.21594	2.267273e+00	1.162354e-01	1.042209e+00	7.496617e-02	2.334200e-09	2.108705e-09	1.027922e-12	4.505955e-09	1.534356e-12	
188  4.83983	2.271406e+00	1.163995e-01	1.042203e+00	7.663030e-02	2.351908e-09	2.116613e-09	1.204442e-12	4.331691e-09	2.114383e-12	
378  3.55507	2.264472e+00	1.164704e-01	1.042362e+00	7.532597e-02	2.327457e-09	2.111086e-09	2.727414e-12	4.174973e-09	1.381587e-12	
155  4.87457	2.265999e+00	1.163955e-01	1.042438e+00	7.664755e-02	2.318392e-09	2.117909e-09	4.024554e-12	3.851043e-09	3.519137e-12	
20  4.55727	2.265253e+00	1.154769e-01	1.042462e+00	7.806432e-02	2.296464e-09	2.122782e-09	4.393530e-12	3.692886e-09	4.012219e-12	
25  7.54213	2.264212e+00	1.144020e-01	1.042633e+00	7.934958e-02	2.267751e-09	2.128680e-09	4.473776e-12	3.242050e-09	1.062187e-11	
41  6.65075	2.265733e+00	1.142450e-01	1.042590e+00	7.545864e-02	2.249518e-09	2.111603e-09	8.255987e-12	2.934934e-09	4.265106e-12	
23  7.82889	2.266418e+00	1.138282e-01	1.042523e+00	7.515644e-02	2.236402e-09	2.111449e-09	3.919448e-12	2.953458e-09	4.489762e-12	
18  7.01037	2.259211e+00	1.138695e-01	1.042809e+00	7.598370e-02	2.234472e-09	2.116785e-09	5.486158e-12	2.578305e-09	1.017916e-11	
32  11.7144	2.249673e+00	1.135223e-01	1.042761e+00	7.257651e-02	2.198200e-09	2.101798e-09	3.013628e-12	2.499340e-09	7.435489e-12	
13  13.7112	2.261343e+00	1.145350e-01	1.042615e+00	7.569404e-02	2.249459e-09	2.116334e-09	2.012177e-11	2.388412e-09	-3.587475e-12	
4  7.59187	2.263198e+00	1.141905e-01	1.042618e+00	7.483495e-02	2.240298e-09	2.111453e-09	1.610250e-12	2.673271e-09	3.114754e-12	
6  7.58577	2.268930e+00	1.145112e-01	1.042553e+00	7.727850e-02	2.258937e-09	2.122752e-09	5.698414e-12	2.945159e-09	5.997875e-12	
7  10.7231	2.264305e+00	1.147534e-01	1.042646e+00	7.693247e-02	2.273366e-09	2.122394e-09	1.183296e-11	2.627896e-09	1.311301e-11	
18  7.48771	2.265155e+00	1.144405e-01	1.042548e+00	7.920307e-02	2.271684e-09	2.130381e-09	6.269831e-13	2.938357e-09	4.388761e-12	
9  7.51843	2.268967e+00	1.146679e-01	1.042573e+00	7.829115e-02	2.288235e-09	2.128873e-09	1.182566e-11	1.917925e-09	8.682603e-12	
27  6.75235	2.276484e+00	1.144419e-01	1.042549e+00	7.658731e-02	2.288828e-09	2.121670e-09	1.087696e-11	1.328254e-09	5.813651e-12	
13  5.25322	2.257790e+00	1.147654e-01	1.042666e+00	7.446836e-02	2.274615e-09	2.111558e-09	1.129739e-11	1.308857e-09	1.472149e-11	
1  5.01168	2.253581e+00	1.163746e-01	1.042334e+00	7.878252e-02	2.326560e-09	2.132204e-09	1.444931e-11	1.228450e-09	9.897500e-12	
20  4.51002	2.254924e+00	1.164260e-01	1.042365e+00	7.609962e-02	2.320306e-09	2.122138e-09	1.003266e-11	1.139502e-09	1.208358e-11	
9  5.17352	2.261072e+00	1.156797e-01	1.042417e+00	7.679878e-02	2.305719e-09	2.124321e-09	1.494355e-11	1.089809e-09	1.185394e-11	
3  6.64995	2.266964e+00	1.158604e-01	1.042324e+00	7.378878e-02	2.289829e-09	2.111621e-09	2.314429e-11	9.809599e-10	5.541512e-12	
2  7.02488	2.265215e+00	1.169110e-01	1.042187e+00	7.186181e-02	2.303787e-09	2.103022e-09	1.084138e-11	1.613621e-09	2.666393e-12	
12  6.83331	2.274102e+00	1.168027e-01	1.042156e+00	7.660878e-02	2.325722e-09	2.123731e-09	9.122818e-12	1.278856e-09	-1.873204e-12	
3  8.42406	2.274896e+00	1.171304e-01	1.042021e+00	7.470840e-02	2.343012e-09	2.116287e-09	9.107909e-12	8.484565e-10	-1.095259e-11	
22  8.74272	2.279770e+00	1.170778e-01	1.041856e+00	7.868866e-02	2.360508e-09	2.132249e-09	7.685113e-12	1.024973e-09	-7.610882e-12	
3  7.99976	2.268982e+00	1.176947e-01	1.041856e+00	7.620269e-02	2.338393e-09	2.122423e-09	1.364106e-11	1.101002e-09	-8.451770e-13	
1  7.43408	2.258908e+00	1.166073e-01	1.041947e+00	7.148911e-02	2.291118e-09	2.101114e-09	2.117154e-11	1.119411e-09	-3.912689e-12	
2  4.63069	2.256326e+00	1.157325e-01	1.042513e+00	7.470821e-02	2.282555e-09	2.115354e-09	1.072019e-11	1.234006e-09	1.311941e-11	
54  2.4387	2.256856e+00	1.158647e-01	1.042288e+00	7.505847e-02	2.304576e-09	2.114842e-09	2.645437e-12	1.301068e-09	6.712874e-12	
34  2.60364	2.259352e+00	1.159751e-01	1.042358e+00	7.463045e-02	2.316099e-09	2.113576e-09	2.609954e-12	1.527505e-09	1.352889e-12	
22  2.02617	2.252030e+00	1.163419e-01	1.042306e+00	7.454973e-02	2.320832e-09	2.114209e-09	1.431895e-12	1.120065e-09	5.867340e-12	
90  2.84673	2.263109e+00	1.159509e-01	1.042130e+00	7.794960e-02	2.331477e-09	2.125308e-09	3.830670e-12	1.455889e-09	-6.644508e-14	
1  5.15539	2.250266e+00	1.178025e-01	1.041599e+00	7.693458e-02	2.375918e-09	2.125755e-09	1.530158e-11	7.973346e-10	-1.832163e-11	
23  4.40115	2.251043e+00	1.180921e-01	1.041669e+00	7.476575e-02	2.357891e-09	2.118940e-09	1.841178e-11	8.206662e-10	-9.709110e-12	
3  5.73049	2.260195e+00	1.176432e-01	1.041752e+00	7.495857e-02	2.347636e-09	2.119207e-09	2.749545e-11	6.808944e-10	-1.336894e-11	
4  4.91235	2.260815e+00	1.169155e-01	1.041961e+00	7.366092e-02	2.324829e-09	2.113031e-09	2.047488e-11	6.900539e-10	-1.621327e-12	
3  6.07949	2.262776e+00	1.164395e-01	1.042119e+00	7.130922e-02	2.304379e-09	2.101445e-09	9.475232e-12	6.771561e-10	2.386743e-12	
1  5.08483	2.256126e+00	1.168452e-01	1.042037e+00	7.823197e-02	2.335299e-09	2.130892e-09	1.267870e-11	9.684840e-10	8.363409e-12	
3  5.3145	2.250616e+00	1.162197e-01	1.042327e+00	7.846848e-02	2.314913e-09	2.131127e-09	1.056943e-11	6.140105e-10	1.973520e-11	
13  5.60659	2.256441e+00	1.164290e-01	1.041797e+00	7.753164e-02	2.336174e-09	2.125088e-09	2.315103e-11	2.234338e-10	-1.185151e-11	
2  5.899	2.261338e+00	1.150622e-01	1.041764e+00	7.873184e-02	2.316665e-09	2.125877e-09	1.749497e-11	5.622622e-10	-5.841399e-12	
7  9.61701	2.262441e+00	1.152642e-01	1.041480e+00	8.147859e-02	2.338270e-09	2.137680e-09	1.597272e-11	8.762238e-10	-1.557451e-11	
5  7.75654	2.256591e+00	1.151215e-01	1.041344e+00	7.832968e-02	2.321319e-09	2.124576e-09	1.932083e-11	3.041232e-10	-8.581374e-12	
1  6.41872	2.262873e+00	1.155526e-01	1.041441e+00	7.551578e-02	2.323637e-09	2.113279e-09	2.789926e-11	5.437212e-10	-1.662890e-11	
1  5.39378	2.249493e+00	1.164393e-01	1.041642e+00	7.215946e-02	2.308303e-09	2.101198e-09	2.550570e-11	7.016386e-10	5.196263e-13	
2  4.06191	2.245200e+00	1.162234e-01	1.041695e+00	7.885052e-02	2.334389e-09	2.129705e-09	1.663292e-11	7.459124e-10	-3.302117e-12	
9  4.39839	2.253685e+00	1.164364e-01	1.041831e+00	7.352568e-02	2.328987e-09	2.107970e-09	2.286830e-11	7.208088e-10	-1.124355e-11	
3  3.8536	2.249135e+00	1.160784e-01	1.041671e+00	7.412171e-02	2.307602e-09	2.110437e-09	1.887456e-11	5.910924e-10	6.955142e-13	
4  5.08263	2.247444e+00	1.164528e-01	1.041682e+00	7.406847e-02	2.304625e-09	2.111931e-09	2.192407e-11	4.435446e-10	9.835041e-12	
1  5.12047	2.253564e+00	1.157372e-01	1.041660e+00	7.522343e-02	2.294775e-09	2.114743e-09	1.864248e-11	1.058931e-09	-1.805655e-12	
11  4.44024	2.240496e+00	1.153828e-01	1.041853e+00	7.577977e-02	2.279543e-09	2.116574e-09	1.140760e-11	7.180334e-10	5.730537e-12	
7  4.55575	2.239225e+00	1.155970e-01	1.041949e+00	7.539130e-02	2.278740e-09	2.115263e-09	1.283539e-11	5.559723e-10	4.811442e-12	
1  5.57123	2.229542e+00	1.156772e-01	1.042030e+00	7.314370e-02	2.275013e-09	2.107235e-09	2.014349e-11	4.636722e-10	5.592087e-12	
1  4.69673	2.233232e+00	1.160720e-01	1.041837e+00	7.272240e-02	2.300934e-09	2.107836e-09	8.363746e-12	3.384942e-10	8.565282e-12	
4  8.90185	2.231692e+00	1.146207e-01	1.042324e+00	7.198256e-02	2.251538e-09	2.103248e-09	1.116924e-11	3.304086e-10	9.689671e-12	
1  7.16172	2.223270e+00	1.154412e-01	1.042292e+00	7.522790e-02	2.265056e-09	2.116296e-09	2.547741e-11	7.404996e-10	2.417186e-11	
2  7.58374	2.223112e+00	1.154964e-01	1.042036e+00	7.595696e-02	2.281506e-09	2.119169e-09	3.358464e-11	6.987058e-10	1.524970e-11	
1  7.45429	2.227692e+00	1.159331e-01	1.041755e+00	7.883885e-02	2.321258e-09	2.133142e-09	5.939387e-11	1.255774e-10	-1.241897e-12	
1  4.75844	2.232763e+00	1.160224e-01	1.042003e+00	7.663330e-02	2.303187e-09	2.124933e-09	4.403326e-11	1.866157e-10	1.447779e-11	
5  5.83461	2.227436e+00	1.165926e-01	1.041765e+00	7.682140e-02	2.311410e-09	2.125836e-09	4.738359e-11	5.194404e-11	1.237595e-11	
1  9.45501	2.223698e+00	1.162611e-01	1.041992e+00	7.759833e-02	2.289697e-09	2.126497e-09	2.643482e-11	7.219120e-10	2.740326e-11	
1  14.0132	2.226992e+00	1.160317e-01	1.041783e+00	7.799590e-02	2.284056e-09	2.123510e-09	4.705294e-11	1.634668e-09	1.345367e-12	
1  17.3221	2.221356e+00	1.170693e-01	1.041595e+00	7.112156e-02	2.266430e-09	2.095352e-09	3.364800e-11	1.464859e-09	1.684172e-11	
2  13.0889	2.224104e+00	1.178127e-01	1.041158e+00	7.223044e-02	2.317081e-09	2.100860e-09	4.505062e-11	1.354712e-09	-1.954710e-11	
3  12.8544	2.222677e+00	1.177235e-01	1.041109e+00	7.206426e-02	2.318184e-09	2.100229e-09	4.694270e-11	1.144040e-09	-7.495689e-12	
1  11.0431	2.218631e+00	1.178535e-01	1.041533e+00	7.783165e-02	2.340751e-09	2.127318e-09	5.330604e-11	8.049406e-10	-7.645868e-13	
3  11.3032	2.216722e+00	1.179723e-01	1.041561e+00	7.727851e-02	2.338426e-09	2.126559e-09	6.903312e-11	6.162691e-10	-3.213811e-12	
3  10.5333	2.220045e+00	1.182656e-01	1.041459e+00	7.413817e-02	2.336420e-09	2.112652e-09	6.732362e-11	7.255536e-10	-1.018305e-11	
4  10.7993	2.221277e+00	1.175578e-01	1.041434e+00	7.616723e-02	2.318268e-09	2.119048e-09	6.093692e-11	7.260154e-10	-1.684765e-12	
2  11.1613	2.225611e+00	1.167268e-01	1.041457e+00	7.980505e-02	2.325023e-09	2.133240e-09	5.986405e-11	5.860106e-10	-1.290841e-11	
4  11.2263	2.222684e+00	1.166626e-01	1.041414e+00	7.682233e-02	2.315881e-09	2.119171e-09	6.382568e-11	7.372708e-10	-1.553031e-11	
3  10.7932	2.226655e+00	1.175372e-01	1.041106e+00	7.489683e-02	2.342983e-09	2.112125e-09	7.906712e-11	3.039820e-10	-4.126197e-11	
6  7.95521	2.233426e+00	1.183436e-01	1.040937e+00	7.336651e-02	2.370091e-09	2.108030e-09	6.738096e-11	1.676661e-10	-3.215380e-11	
3  7.33776	2.227485e+00	1.180984e-01	1.041310e+00	7.342363e-02	2.346024e-09	2.108752e-09	7.047674e-11	1.061516e-10	-2.742711e-11	
5  6.79463	2.225358e+00	1.176460e-01	1.041458e+00	7.281397e-02	2.334218e-09	2.105500e-09	6.557881e-11	2.817507e-10	-1.619093e-11	
4  9.54341	2.220719e+00	1.174627e-01	1.041690e+00	7.139718e-02	2.313492e-09	2.098745e-09	4.518781e-11	4.217327e-10	1.705207e-11	
1  10.9205	2.221960e+00	1.172094e-01	1.041586e+00	7.156586e-02	2.315528e-09	2.097895e-09	3.610353e-11	5.928060e-10	1.763771e-11	
4  9.74566	2.217662e+00	1.173880e-01	1.041611e+00	7.397003e-02	2.319274e-09	2.110055e-09	4.336932e-11	4.149468e-10	2.217186e-11	
2  8.21766	2.229545e+00	1.172810e-01	1.041743e+00	7.501198e-02	2.326843e-09	2.114633e-09	2.547273e-11	5.219777e-10	2.242728e-11	
8  6.43779	2.226410e+00	1.172631e-01	1.041794e+00	7.953800e-02	2.354625e-09	2.135319e-09	3.859009e-11	2.317170e-10	-7.919348e-13	
1  6.04298	2.222108e+00	1.178246e-01	1.041800e+00	7.743142e-02	2.357981e-09	2.127793e-09	3.014039e-11	2.987468e-10	1.317628e-11	
13  6.22593	2.224902e+00	1.182423e-01	1.041784e+00	7.862529e-02	2.394782e-09	2.132166e-09	1.810131e-11	3.209462e-10	3.204874e-12	
6  6.17548	2.222768e+00	1.171823e-01	1.042057e+00	7.786461e-02	2.358841e-09	2.128152e-09	2.170401e-11	3.676113e-10	-4.392332e-12	
11  5.5174	2.229957e+00	1.179208e-01	1.041866e+00	7.662265e-02	2.360660e-09	2.122042e-09	1.345280e-11	9.201441e-10	9.831511e-12	
3  6.28426	2.239261e+00	1.167775e-01	1.041890e+00	7.888821e-02	2.356620e-09	2.127407e-09	1.927889e-11	1.173873e-09	3.751129e-12	
2  7.60061	2.242713e+00	1.166609e-01	1.041961e+00	7.331682e-02	2.319912e-09	2.102688e-09	2.755607e-11	1.510827e-09	-9.905916e-13	
11  8.017	2.236698e+00	1.150003e-01	1.041951e+00	7.604441e-02	2.258490e-09	2.110999e-09	2.181042e-11	1.310346e-09	1.206750e-11	
4  7.58017	2.236274e+00	1.150952e-01	1.042037e+00	7.642595e-02	2.266170e-09	2.112161e-09	2.061405e-11	1.349008e-09	1.002877e-11	
13  5.75409	2.244058e+00	1.154284e-01	1.041881e+00	7.559664e-02	2.286103e-09	2.107926e-09	4.852273e-12	1.683720e-09	7.022609e-12	
18  5.18629	2.247599e+00	1.155359e-01	1.042070e+00	7.312286e-02	2.278350e-09	2.100418e-09	9.352431e-12	1.527089e-09	1.175934e-12	
3  4.71925	2.248892e+00	1.166175e-01	1.041909e+00	7.308994e-02	2.299945e-09	2.102459e-09	8.475116e-12	1.527969e-09	5.631149e-12	
17  3.83317	2.248563e+00	1.172562e-01	1.041940e+00	7.395481e-02	2.323218e-09	2.108910e-09	9.489910e-12	1.030114e-09	2.739034e-12	
3  6.13534	2.248247e+00	1.179176e-01	1.041777e+00	7.186816e-02	2.339374e-09	2.099254e-09	8.113553e-12	1.278269e-09	3.468314e-12	
14  5.52759	2.252264e+00	1.174709e-01	1.041733e+00	7.713835e-02	2.358511e-09	2.119121e-09	7.163722e-12	1.589074e-09	-6.667503e-12	
1  5.13569	2.240405e+00	1.166517e-01	1.041872e+00	7.899609e-02	2.336696e-09	2.125498e-09	4.323430e-12	1.592597e-09	5.776067e-12	
5  5.50416	2.241859e+00	1.159051e-01	1.041965e+00	7.805748e-02	2.316899e-09	2.120532e-09	4.163310e-12	1.811596e-09	9.311722e-12	
7  5.10869	2.241324e+00	1.158824e-01	1.041827e+00	7.998364e-02	2.328566e-09	2.128052e-09	4.693191e-12	1.838899e-09	4.528853e-12	
2  6.32862	2.250489e+00	1.164982e-01	1.041369e+00	7.710393e-02	2.350943e-09	2.117030e-09	1.035497e-11	1.350450e-09	-1.392087e-11	
1  6.65209	2.248936e+00	1.171806e-01	1.041180e+00	8.011283e-02	2.376247e-09	2.132629e-09	1.043029e-11	1.184507e-09	-9.967629e-12	
32  6.6649	2.243659e+00	1.178417e-01	1.041177e+00	7.941060e-02	2.371186e-09	2.129079e-09	5.630097e-12	1.918233e-09	-5.794598e-12	
26  6.89134	2.240636e+00	1.175999e-01	1.041145e+00	7.257668e-02	2.333886e-09	2.097797e-09	9.742794e-12	1.792576e-09	-6.394277e-12	
10  7.9109	2.236352e+00	1.183709e-01	1.041158e+00	7.462879e-02	2.350713e-09	2.108130e-09	1.479801e-11	2.064530e-09	-1.123051e-11	
2  5.9521	2.240653e+00	1.180288e-01	1.041293e+00	7.529677e-02	2.352187e-09	2.112786e-09	1.622522e-11	1.900886e-09	-9.213548e-12	
4  5.58243	2.238318e+00	1.171436e-01	1.041556e+00	7.527847e-02	2.323844e-09	2.112357e-09	1.053223e-11	1.433489e-09	6.053885e-12	
33  4.36767	2.233782e+00	1.172867e-01	1.041361e+00	7.540039e-02	2.335494e-09	2.113551e-09	1.216231e-11	1.304824e-09	-5.416501e-12	
8  4.1731	2.235161e+00	1.172511e-01	1.041534e+00	7.716205e-02	2.339008e-09	2.122849e-09	1.015356e-11	8.867423e-10	3.061674e-12	
1  4.48034	2.234829e+00	1.173067e-01	1.041396e+00	7.754500e-02	2.355453e-09	2.123817e-09	1.625867e-11	9.695177e-10	-5.944645e-12	
15  4.19823	2.231249e+00	1.180455e-01	1.041353e+00	7.610158e-02	2.363120e-09	2.118649e-09	6.945144e-12	8.274371e-10	-9.161203e-13	
72  4.01828	2.234809e+00	1.177165e-01	1.041311e+00	7.621996e-02	2.356219e-09	2.117378e-09	5.743376e-12	1.172369e-09	-2.531360e-12	
11  6.39722	2.243524e+00	1.178242e-01	1.041135e+00	7.557276e-02	2.372098e-09	2.110190e-09	1.200260e-11	1.747886e-09	-7.099303e-12	
14  7.52287	2.245793e+00	1.177707e-01	1.041045e+00	7.683966e-02	2.377995e-09	2.114822e-09	1.286150e-11	1.713297e-09	-8.953800e-12	
5  7.30579	2.238304e+00	1.179604e-01	1.041241e+00	7.255525e-02	2.349356e-09	2.096844e-09	3.470345e-12	1.717882e-09	-3.609373e-12	
19  7.60986	2.232093e+00	1.183585e-01	1.041174e+00	7.518995e-02	2.383040e-09	2.111844e-09	2.255472e-11	9.005061e-10	-6.547195e-12	
4  6.68722	2.234702e+00	1.177608e-01	1.041160e+00	7.697652e-02	2.377209e-09	2.118008e-09	1.571453e-11	9.198331e-10	-8.766381e-12	
2  7.42774	2.238996e+00	1.171525e-01	1.041063e+00	7.250462e-02	2.343853e-09	2.099995e-09	1.659139e-11	8.699118e-10	-2.552175e-12	
2  5.32628	2.240329e+00	1.171193e-01	1.041280e+00	7.244568e-02	2.349926e-09	2.101473e-09	2.388928e-11	7.290722e-10	-1.158662e-11	
1  5.02713	2.234859e+00	1.176140e-01	1.041360e+00	7.417980e-02	2.361170e-09	2.110034e-09	3.222554e-11	6.744014e-10	-1.203497e-11	
7  5.51251	2.239141e+00	1.174722e-01	1.041454e+00	7.583327e-02	2.370167e-09	2.117144e-09	4.237329e-11	5.988033e-10	-1.670950e-11	
1  6.12071	2.230030e+00	1.172915e-01	1.041710e+00	7.146371e-02	2.330600e-09	2.098971e-09	2.410810e-11	6.194386e-10	6.878215e-12	
1  5.721	2.227144e+00	1.174573e-01	1.041498e+00	7.309711e-02	2.348242e-09	2.104723e-09	2.185435e-11	5.878741e-10	3.435084e-12	
3  7.36423	2.229710e+00	1.176470e-01	1.041690e+00	7.628544e-02	2.378271e-09	2.118089e-09	3.318658e-11	7.595611e-10	-5.738041e-12	
1  5.32878	2.233446e+00	1.160823e-01	1.041907e+00	7.637941e-02	2.338675e-09	2.117273e-09	3.150240e-11	4.297741e-10	3.102261e-12	
2  5.9738	2.240488e+00	1.155874e-01	1.041684e+00	7.634320e-02	2.342268e-09	2.115630e-09	3.810365e-11	1.163676e-10	-4.698772e-12	
8  5.41534	2.230665e+00	1.162786e-01	1.041945e+00	7.193470e-02	2.316191e-09	2.100323e-09	2.797605e-11	1.039767e-10	1.561717e-11	
3  4.1507	2.237677e+00	1.162493e-01	1.042183e+00	7.714533e-02	2.338076e-09	2.124679e-09	3.468190e-11	1.022044e-10	1.209272e-11	
9  3.52437	2.239784e+00	1.169147e-01	1.041986e+00	7.627126e-02	2.357086e-09	2.121321e-09	2.386742e-11	2.157969e-10	9.349678e-12	
3  3.63625	2.244223e+00	1.160738e-01	1.041813e+00	7.477388e-02	2.343736e-09	2.112093e-09	2.312685e-11	1.935714e-10	2.024253e-13	
12  4.19985	2.240907e+00	1.166504e-01	1.041805e+00	7.651563e-02	2.356148e-09	2.119371e-09	1.912374e-11	2.752039e-10	8.981721e-12	
1  5.76419	2.233395e+00	1.168031e-01	1.041722e+00	7.646286e-02	2.364002e-09	2.117658e-09	1.781237e-11	4.562143e-10	7.948606e-12	
2  6.70318	2.223377e+00	1.174605e-01	1.041783e+00	7.310797e-02	2.348614e-09	2.104132e-09	1.843341e-11	7.388519e-10	7.559787e-12	
7  7.7157	2.218718e+00	1.181026e-01	1.041799e+00	7.426806e-02	2.376369e-09	2.110187e-09	2.621093e-11	4.323173e-10	-4.502211e-12	
3  7.95825	2.218793e+00	1.183574e-01	1.041743e+00	7.518282e-02	2.387849e-09	2.115805e-09	2.884145e-11	4.164748e-10	-1.724724e-11	
16  6.52904	2.212632e+00	1.186196e-01	1.041632e+00	7.450999e-02	2.386255e-09	2.114694e-09	1.566923e-11	1.422899e-10	-1.201844e-11	
8  9.02694	2.213388e+00	1.194727e-01	1.041455e+00	7.474032e-02	2.399757e-09	2.115883e-09	1.117130e-11	3.174372e-10	9.294400e-12	
8  7.04498	2.215030e+00	1.186495e-01	1.041123e+00	7.334447e-02	2.387968e-09	2.108939e-09	2.023330e-11	3.116150e-10	-2.179327e-11	
20  5.44439	2.226588e+00	1.173570e-01	1.041313e+00	7.667089e-02	2.357400e-09	2.118759e-09	3.443039e-12	8.034160e-10	-5.004669e-12	
5  7.63803	2.223727e+00	1.166908e-01	1.041345e+00	7.729205e-02	2.355992e-09	2.121328e-09	8.766821e-12	4.314299e-11	-4.820447e-12	
3  9.61403	2.231536e+00	1.169507e-01	1.041306e+00	7.674194e-02	2.359141e-09	2.117955e-09	1.662701e-11	3.675940e-10	-2.411322e-11	
11  8.94984	2.233817e+00	1.162580e-01	1.041802e+00	7.811784e-02	2.338540e-09	2.125564e-09	1.670800e-11	1.205010e-10	-1.775774e-11	
1  8.34196	2.239636e+00	1.161389e-01	1.041813e+00	7.864403e-02	2.324028e-09	2.126793e-09	2.702581e-11	5.451621e-10	-1.511765e-11	
5  7.24	2.229009e+00	1.153228e-01	1.041830e+00	7.757157e-02	2.284938e-09	2.120794e-09	3.239980e-11	5.377051e-10	5.266167e-12	
7  7.08612	2.227702e+00	1.147758e-01	1.042208e+00	7.503677e-02	2.258092e-09	2.109985e-09	2.999479e-11	5.310819e-10	2.268326e-11	
1  6.8002	2.232114e+00	1.159153e-01	1.042263e+00	7.523733e-02	2.284764e-09	2.113226e-09	3.106012e-11	7.368964e-10	2.278113e-11	
6  7.77344	2.226629e+00	1.160835e-01	1.042199e+00	7.748045e-02	2.287465e-09	2.123606e-09	4.623987e-11	4.652409e-10	2.233652e-11	
13  7.57034	2.225710e+00	1.162825e-01	1.042313e+00	7.610442e-02	2.290551e-09	2.118320e-09	4.508514e-11	1.594880e-10	2.231374e-11	
1  8.1685	2.225321e+00	1.162790e-01	1.042313e+00	7.664965e-02	2.290951e-09	2.119603e-09	4.580870e-11	4.413148e-10	1.795727e-11	
9  8.99467	2.226329e+00	1.162055e-01	1.042241e+00	7.386120e-02	2.278397e-09	2.107382e-09	3.837480e-11	1.045949e-10	2.073916e-11	
5  9.30773	2.223632e+00	1.165285e-01	1.042487e+00	7.487724e-02	2.281444e-09	2.113612e-09	2.761700e-11	1.416423e-10	2.271965e-11	
9  6.93723	2.227994e+00	1.176244e-01	1.042038e+00	7.622409e-02	2.314957e-09	2.120450e-09	3.095860e-11	5.447761e-10	9.518456e-12	
20  8.67486	2.228643e+00	1.185521e-01	1.041795e+00	7.404875e-02	2.329586e-09	2.110735e-09	2.764651e-11	1.014616e-09	4.669229e-12	
10  7.39953	2.227490e+00	1.176834e-01	1.041944e+00	7.279981e-02	2.301956e-09	2.105865e-09	3.486133e-11	6.956269e-10	4.263780e-12	
6  7.68196	2.231551e+00	1.170564e-01	1.041959e+00	7.143630e-02	2.290514e-09	2.098583e-09	2.491076e-11	6.820310e-10	-1.610342e-12	
2  7.69152	2.237350e+00	1.184263e-01	1.041770e+00	7.240685e-02	2.337826e-09	2.105464e-09	2.714721e-11	5.307071e-10	-1.481698e-11	
8  7.81402	2.230395e+00	1.182180e-01	1.042089e+00	7.644579e-02	2.330384e-09	2.123179e-09	2.340750e-11	3.304723e-10	1.097228e-11	
1  7.92058	2.241357e+00	1.184780e-01	1.042277e+00	7.487224e-02	2.333360e-09	2.118863e-09	2.356224e-11	4.731101e-10	2.730945e-12	
1  7.8715	2.235012e+00	1.182874e-01	1.042516e+00	7.274799e-02	2.308610e-09	2.109420e-09	1.114139e-11	8.814067e-10	1.512289e-11	
6  7.17671	2.239238e+00	1.174298e-01	1.042498e+00	7.719744e-02	2.302284e-09	2.128785e-09	1.982866e-11	6.493943e-10	1.781776e-11	
2  7.58922	2.239550e+00	1.185003e-01	1.042327e+00	7.394064e-02	2.326428e-09	2.117778e-09	1.707532e-11	5.507838e-10	-1.083979e-12	
4  6.57016	2.236001e+00	1.170336e-01	1.042264e+00	7.898031e-02	2.312984e-09	2.137245e-09	5.580248e-12	2.286596e-10	8.055134e-12	
1  6.24419	2.241657e+00	1.179564e-01	1.042081e+00	7.647774e-02	2.347314e-09	2.127906e-09	1.377972e-11	1.920784e-10	-9.889357e-12	
3  6.92315	2.245031e+00	1.182073e-01	1.042265e+00	7.497892e-02	2.363602e-09	2.121841e-09	1.053528e-11	1.891690e-10	-1.185362e-11	
5  3.52742	2.248800e+00	1.176856e-01	1.042119e+00	7.482216e-02	2.350859e-09	2.118422e-09	6.468565e-12	5.457831e-10	-2.975620e-12	
4  4.15031	2.245408e+00	1.169918e-01	1.042407e+00	7.746427e-02	2.339899e-09	2.129140e-09	6.942201e-12	7.467072e-10	1.431859e-11	
1  5.42641	2.243719e+00	1.166911e-01	1.042583e+00	8.043523e-02	2.356337e-09	2.141990e-09	3.926774e-12	8.345878e-10	1.134994e-11	
13  4.60515	2.248502e+00	1.171772e-01	1.042453e+00	7.479595e-02	2.328919e-09	2.116092e-09	1.107686e-11	1.536902e-09	5.367039e-13	
21  4.51676	2.252538e+00	1.168312e-01	1.042514e+00	7.372597e-02	2.315121e-09	2.111020e-09	8.313090e-12	1.917769e-09	2.722005e-12	
23  3.47073	2.239939e+00	1.172671e-01	1.042425e+00	7.774997e-02	2.349204e-09	2.130376e-09	5.914899e-12	1.353615e-09	6.291354e-12	
13  3.444	2.242833e+00	1.167102e-01	1.042588e+00	7.396189e-02	2.311236e-09	2.112690e-09	3.915322e-12	1.745172e-09	2.730085e-12	
3  3.35108	2.240120e+00	1.165717e-01	1.042727e+00	7.533481e-02	2.312150e-09	2.116255e-09	6.459762e-12	1.746392e-09	7.230761e-12	
3  2.63057	2.249843e+00	1.166199e-01	1.042676e+00	7.401309e-02	2.323193e-09	2.109844e-09	3.025887e-12	2.008986e-09	4.553456e-12	
62  5.29288	2.253792e+00	1.165992e-01	1.042889e+00	7.326769e-02	2.334302e-09	2.107484e-09	3.071022e-12	1.955572e-09	7.611623e-12	
7  3.55458	2.255805e+00	1.165321e-01	1.042847e+00	7.498144e-02	2.345842e-09	2.114782e-09	1.412082e-12	1.970299e-09	5.401903e-12	
23  6.01894	2.264875e+00	1.159030e-01	1.042837e+00	7.356004e-02	2.327696e-09	2.105339e-09	3.629909e-12	2.043172e-09	5.448801e-12	
4  5.35379	2.255842e+00	1.158562e-01	1.042893e+00	7.086295e-02	2.313790e-09	2.093644e-09	3.423293e-13	2.195107e-09	4.169494e-12	
67  5.73218	2.249888e+00	1.155682e-01	1.043014e+00	7.035239e-02	2.293706e-09	2.092979e-09	1.958667e-13	1.993944e-09	4.305072e-12	
157  3.57743	2.244821e+00	1.155490e-01	1.042999e+00	7.701658e-02	2.311971e-09	2.121276e-09	2.994662e-12	2.141500e-09	6.741875e-12	
19  5.93554	2.253265e+00	1.165879e-01	1.042782e+00	7.933231e-02	2.354172e-09	2.134739e-09	2.398295e-12	2.116175e-09	1.657357e-12	
26  5.74627	2.254255e+00	1.163431e-01	1.042984e+00	7.489952e-02	2.326891e-09	2.117315e-09	5.192050e-12	1.540730e-09	8.281838e-12	
101  6.45619	2.259304e+00	1.170188e-01	1.042782e+00	7.734028e-02	2.356186e-09	2.128417e-09	4.925560e-12	1.847992e-09	5.534288e-12	
3  9.34554	2.260570e+00	1.177116e-01	1.042502e+00	7.530683e-02	2.387913e-09	2.120216e-09	7.802280e-12	1.637661e-09	-3.890402e-12	
29  8.5541	2.264304e+00	1.172554e-01	1.042745e+00	7.687721e-02	2.373760e-09	2.124654e-09	1.296430e-12	2.221747e-09	7.473323e-12	
11  12.1467	2.266040e+00	1.168725e-01	1.042763e+00	7.426625e-02	2.335520e-09	2.110502e-09	8.126017e-12	2.951179e-09	1.068395e-11	
1  10.4737	2.273572e+00	1.156354e-01	1.042873e+00	7.804740e-02	2.321532e-09	2.124899e-09	7.573722e-12	2.731875e-09	1.246000e-11	
22  8.45391	2.277418e+00	1.154211e-01	1.042551e+00	8.038456e-02	2.335268e-09	2.132699e-09	7.839733e-12	2.876281e-09	4.929750e-12	
10  8.32031	2.283357e+00	1.147862e-01	1.042366e+00	7.753040e-02	2.301483e-09	2.120101e-09	1.213980e-11	2.707095e-09	2.341573e-12	
32  7.46979	2.283947e+00	1.155744e-01	1.042360e+00	7.504879e-02	2.309449e-09	2.110263e-09	7.601388e-12	2.852519e-09	2.399542e-12	
11  6.4541	2.275717e+00	1.156751e-01	1.042366e+00	7.543153e-02	2.308768e-09	2.112248e-09	9.570630e-12	2.742270e-09	2.736034e-12	
10  6.35634	2.273903e+00	1.156748e-01	1.042373e+00	7.917106e-02	2.333037e-09	2.127893e-09	8.223626e-12	2.777673e-09	1.063576e-12	
4  7.85933	2.277848e+00	1.159176e-01	1.042394e+00	7.878887e-02	2.338656e-09	2.126858e-09	3.782795e-13	3.204542e-09	3.492456e-12	
8  6.43577	2.272034e+00	1.157870e-01	1.042181e+00	7.646725e-02	2.324837e-09	2.117079e-09	7.114654e-12	2.647125e-09	5.690695e-12	
7  6.37222	2.269741e+00	1.168247e-01	1.042172e+00	7.752912e-02	2.359075e-09	2.123061e-09	7.314137e-12	2.605964e-09	2.199857e-12	
14  5.92557	2.267344e+00	1.159997e-01	1.042453e+00	7.617605e-02	2.337826e-09	2.117050e-09	7.315271e-12	2.500892e-09	-1.803308e-12	
6  7.09931	2.274226e+00	1.158720e-01	1.042672e+00	7.349691e-02	2.316139e-09	2.106308e-09	5.976309e-12	2.548040e-09	1.855237e-12	
16  6.49982	2.265892e+00	1.172326e-01	1.042460e+00	7.824901e-02	2.384894e-09	2.131887e-09	1.910686e-12	1.837652e-09	-2.858647e-13	
13  6.9512	2.260258e+00	1.179410e-01	1.042304e+00	7.760782e-02	2.379434e-09	2.129919e-09	7.627482e-12	1.856081e-09	2.795644e-13	
19  5.52611	2.258247e+00	1.169893e-01	1.042305e+00	7.405836e-02	2.346118e-09	2.110822e-09	3.922835e-12	2.290100e-09	-4.075920e-12	
15  6.29158	2.256492e+00	1.165414e-01	1.042412e+00	7.424320e-02	2.326613e-09	2.109556e-09	7.312294e-13	2.143820e-09	-1.616650e-12	
20  5.91318	2.254115e+00	1.173579e-01	1.042439e+00	8.045691e-02	2.371417e-09	2.135226e-09	4.136965e-14	2.848130e-09	1.038049e-12	
100  3.3261	2.252145e+00	1.172518e-01	1.042729e+00	7.423844e-02	2.329554e-09	2.109571e-09	2.247438e-12	3.161109e-09	4.235181e-12	
67  3.79778	2.251092e+00	1.160782e-01	1.042666e+00	7.748324e-02	2.319421e-09	2.120324e-09	4.898993e-12	3.083294e-09	7.498235e-12	
41  4.19814	2.251587e+00	1.153943e-01	1.042621e+00	7.646443e-02	2.290987e-09	2.112673e-09	6.549443e-12	3.142499e-09	8.140172e-12	
2  4.7261	2.257310e+00	1.145782e-01	1.042651e+00	8.098812e-02	2.305504e-09	2.133260e-09	4.566420e-12	2.475609e-09	8.453169e-12	
17  4.146	2.249602e+00	1.149207e-01	1.042628e+00	7.659339e-02	2.279249e-09	2.113107e-09	7.291774e-12	2.771543e-09	6.550067e-12	
40  4.96335	2.248303e+00	1.144146e-01	1.042622e+00	7.612403e-02	2.277012e-09	2.108570e-09	2.586029e-13	2.795374e-09	1.898901e-12	
22  4.47656	2.245353e+00	1.139961e-01	1.042880e+00	7.512694e-02	2.257941e-09	2.105587e-09	4.727807e-13	2.498746e-09	5.216455e-12	
32  4.06691	2.245525e+00	1.147764e-01	1.043003e+00	7.363002e-02	2.261606e-09	2.103528e-09	7.147131e-13	2.006214e-09	5.651837e-12	
96  3.23039	2.250656e+00	1.154636e-01	1.043163e+00	7.624041e-02	2.284143e-09	2.115083e-09	2.180482e-12	2.500859e-09	9.201207e-12	
374  3.85642	2.254689e+00	1.152393e-01	1.043061e+00	7.621298e-02	2.280042e-09	2.112192e-09	1.254038e-12	2.788887e-09	8.443606e-12	
6  6.1663	2.246526e+00	1.160900e-01	1.042757e+00	7.344397e-02	2.304326e-09	2.099339e-09	1.498022e-12	2.728532e-09	2.754927e-12	
13  4.95848	2.242352e+00	1.167140e-01	1.042655e+00	7.536333e-02	2.321629e-09	2.109179e-09	4.515468e-12	2.810615e-09	7.593035e-12	
61  4.27965	2.250863e+00	1.161726e-01	1.042516e+00	7.875566e-02	2.328418e-09	2.120933e-09	2.781276e-12	3.424853e-09	2.635874e-12	
51  4.8144	2.245484e+00	1.169610e-01	1.042287e+00	7.717422e-02	2.335142e-09	2.113427e-09	3.183673e-12	3.951560e-09	4.478356e-12	
12  6.67	2.258918e+00	1.162077e-01	1.042302e+00	7.521084e-02	2.306911e-09	2.099924e-09	3.240903e-12	5.027839e-09	8.821045e-13	
148  8.35811	2.260354e+00	1.166357e-01	1.042154e+00	7.455636e-02	2.310070e-09	2.095782e-09	2.410560e-12	5.418601e-09	9.006670e-13	
11  8.22212	2.252553e+00	1.170648e-01	1.042224e+00	7.752412e-02	2.332354e-09	2.111667e-09	4.749936e-12	5.383397e-09	2.318742e-12	
3  8.46079	2.238896e+00	1.172198e-01	1.042565e+00	7.241703e-02	2.283591e-09	2.092339e-09	1.836428e-12	4.833823e-09	4.982339e-12	
44  7.63541	2.239567e+00	1.170077e-01	1.042536e+00	7.653388e-02	2.304140e-09	2.109608e-09	1.919720e-12	4.687694e-09	7.010652e-12	
13  8.45779	2.237405e+00	1.164839e-01	1.042406e+00	7.283541e-02	2.278365e-09	2.091550e-09	2.489175e-12	4.685329e-09	6.551292e-12	
56  6.96362	2.236213e+00	1.161038e-01	1.042290e+00	7.240897e-02	2.281365e-09	2.088781e-09	2.080798e-12	4.491114e-09	4.214628e-12	
45  6.21501	2.234725e+00	1.151638e-01	1.042441e+00	7.773323e-02	2.280127e-09	2.110258e-09	2.196344e-12	4.585120e-09	4.536220e-12	
1  5.63612	2.237056e+00	1.158598e-01	1.042009e+00	7.405033e-02	2.298967e-09	2.097349e-09	4.667628e-12	4.015342e-09	3.946453e-13	
109  5.70039	2.233518e+00	1.163236e-01	1.042323e+00	7.113026e-02	2.290495e-09	2.087819e-09	2.298797e-12	3.751813e-09	5.073386e-12	
198  3.43189	2.241222e+00	1.160616e-01	1.042194e+00	7.287559e-02	2.301693e-09	2.094563e-09	2.310414e-12	3.682244e-09	1.996665e-12	
38  5.35773	2.226659e+00	1.163225e-01	1.042273e+00	7.177596e-02	2.286770e-09	2.091389e-09	2.239722e-12	3.580955e-09	4.362417e-12	
26  4.88086	2.227338e+00	1.164289e-01	1.042178e+00	7.520691e-02	2.307511e-09	2.105758e-09	1.498897e-12	3.377775e-09	5.978278e-12	
87  4.03827	2.237126e+00	1.160132e-01	1.042383e+00	7.583053e-02	2.299509e-09	2.110436e-09	1.089818e-12	3.284460e-09	6.849420e-13	
9  3.45498	2.247102e+00	1.158870e-01	1.042487e+00	7.628401e-02	2.293628e-09	2.114697e-09	4.581957e-13	3.101154e-09	4.696642e-12	
106  3.55019	2.246522e+00	1.165583e-01	1.042442e+00	7.712996e-02	2.330807e-09	2.121723e-09	2.754739e-12	2.701563e-09	-3.103661e-13	
3  3.90223	2.253868e+00	1.163235e-01	1.042412e+00	7.877860e-02	2.343927e-09	2.124956e-09	3.656514e-12	3.133076e-09	2.395439e-13	
51  4.8631	2.254091e+00	1.168608e-01	1.042304e+00	7.104982e-02	2.317588e-09	2.090028e-09	1.263909e-12	3.314156e-09	3.045113e-12	
12  5.59076	2.250839e+00	1.160794e-01	1.042309e+00	7.162347e-02	2.309944e-09	2.090214e-09	3.265449e-12	3.256087e-09	5.250843e-12	
44  5.32726	2.249880e+00	1.163216e-01	1.042259e+00	7.518377e-02	2.342593e-09	2.108610e-09	8.115511e-12	2.408340e-09	-1.202265e-12	
6  5.46569	2.245642e+00	1.160360e-01	1.042274e+00	7.246596e-02	2.317611e-09	2.095632e-09	4.718698e-12	2.452283e-09	-7.328324e-14	
1  4.73038	2.248869e+00	1.160663e-01	1.042324e+00	7.674816e-02	2.350338e-09	2.115253e-09	5.905692e-12	2.522210e-09	1.250426e-12	
205  3.32369	2.236195e+00	1.173456e-01	1.042247e+00	7.549696e-02	2.373182e-09	2.110551e-09	1.747968e-12	2.894480e-09	2.552551e-12	
163  3.96153	2.234440e+00	1.178381e-01	1.041933e+00	7.311881e-02	2.379433e-09	2.102328e-09	2.426173e-12	2.181360e-09	-1.319435e-12	
4  5.5722	2.245106e+00	1.161473e-01	1.042135e+00	7.518764e-02	2.348250e-09	2.109553e-09	9.973858e-12	1.968705e-09	-6.783282e-13	
27  5.73	2.247299e+00	1.164270e-01	1.041761e+00	7.006504e-02	2.339720e-09	2.086481e-09	2.805906e-12	2.298108e-09	-1.258444e-12	
4  7.03457	2.243604e+00	1.166751e-01	1.041724e+00	7.723916e-02	2.381360e-09	2.119594e-09	1.019458e-11	1.795331e-09	1.208175e-12	
3  8.69845	2.246813e+00	1.162857e-01	1.041851e+00	7.654181e-02	2.375880e-09	2.118031e-09	1.904844e-11	1.468317e-09	-1.010955e-11	
2  10.9296	2.238392e+00	1.166284e-01	1.041923e+00	7.460175e-02	2.358563e-09	2.111072e-09	3.693424e-11	9.962461e-10	3.897653e-12	
1  10.6136	2.240664e+00	1.161401e-01	1.042069e+00	7.352192e-02	2.339169e-09	2.106851e-09	4.824864e-11	7.887934e-10	1.545455e-12	
6  11.2464	2.251280e+00	1.152217e-01	1.042315e+00	7.771830e-02	2.350628e-09	2.126535e-09	4.539902e-11	5.289517e-10	-1.268994e-11	
2  12.9573	2.248659e+00	1.151636e-01	1.042435e+00	7.665571e-02	2.339473e-09	2.120749e-09	4.397669e-11	8.279606e-10	1.357489e-12	
9  13.7365	2.256388e+00	1.143557e-01	1.042646e+00	7.869945e-02	2.337057e-09	2.125759e-09	2.102677e-11	1.346917e-09	4.083189e-14	
2  10.7267	2.253079e+00	1.141474e-01	1.042892e+00	7.894674e-02	2.321229e-09	2.126840e-09	1.326904e-11	1.035996e-09	1.583491e-11	
7  10.5094	2.246305e+00	1.141226e-01	1.042725e+00	7.959563e-02	2.330275e-09	2.129122e-09	6.871191e-12	9.389224e-10	4.885191e-12	
16  7.30234	2.251444e+00	1.142778e-01	1.042500e+00	7.806018e-02	2.336070e-09	2.120917e-09	1.772222e-12	1.669328e-09	1.300831e-12	
22  7.26386	2.260355e+00	1.141093e-01	1.042697e+00	8.131562e-02	2.336780e-09	2.135017e-09	1.160037e-12	1.725788e-09	6.772458e-12	
17  8.13554	2.249221e+00	1.149287e-01	1.042536e+00	7.749202e-02	2.329946e-09	2.120197e-09	9.156059e-12	1.387574e-09	1.438164e-11	
1  7.5472	2.251925e+00	1.154988e-01	1.042467e+00	7.678595e-02	2.347490e-09	2.118644e-09	7.002515e-12	1.271961e-09	-3.282268e-12	
1  5.59618	2.249579e+00	1.159500e-01	1.042111e+00	7.776904e-02	2.371163e-09	2.123381e-09	8.824997e-12	8.990070e-10	3.521246e-12	
41  4.80798	2.253463e+00	1.158184e-01	1.042046e+00	7.321232e-02	2.352891e-09	2.104373e-09	9.797846e-13	1.015507e-09	-1.566868e-12	
2  6.55791	2.237737e+00	1.165821e-01	1.042217e+00	7.187166e-02	2.352375e-09	2.102016e-09	6.903143e-12	6.465010e-10	8.836583e-12	
13  5.77733	2.249067e+00	1.167025e-01	1.041973e+00	7.553735e-02	2.380513e-09	2.117959e-09	2.938688e-11	3.788175e-10	-5.619056e-12	
50  4.82022	2.250818e+00	1.165038e-01	1.042014e+00	7.318018e-02	2.360566e-09	2.107805e-09	3.384841e-11	3.637687e-11	-7.734033e-12	
1  5.96394	2.247454e+00	1.167474e-01	1.041732e+00	7.403752e-02	2.371440e-09	2.110602e-09	5.588435e-11	2.289036e-10	-2.917597e-11	
2  6.56907	2.240330e+00	1.172738e-01	1.042107e+00	7.593419e-02	2.365367e-09	2.119815e-09	3.133650e-11	6.988127e-10	4.432679e-12	
2  5.74505	2.237490e+00	1.172153e-01	1.042025e+00	7.631907e-02	2.363107e-09	2.121024e-09	2.494776e-11	6.985892e-10	7.700787e-12	
15  4.57138	2.240263e+00	1.170680e-01	1.042200e+00	7.662715e-02	2.370642e-09	2.123891e-09	1.987682e-11	1.553792e-10	-4.691128e-12	
6  4.04784	2.235605e+00	1.167791e-01	1.042265e+00	7.758405e-02	2.347269e-09	2.126799e-09	1.853258e-11	4.770664e-10	5.566485e-12	
78  3.18497	2.230731e+00	1.166153e-01	1.042292e+00	7.505539e-02	2.323102e-09	2.115525e-09	1.053824e-11	7.587590e-10	1.299590e-11	
18  3.69962	2.228199e+00	1.157762e-01	1.042503e+00	7.706901e-02	2.312919e-09	2.124074e-09	2.940232e-12	4.020068e-10	1.679009e-11	
3  3.61355	2.231775e+00	1.160316e-01	1.042374e+00	7.718394e-02	2.319109e-09	2.127033e-09	1.039929e-11	3.168980e-10	9.643923e-12	
6  2.52329	2.239076e+00	1.164525e-01	1.042178e+00	7.439402e-02	2.326282e-09	2.115686e-09	5.746826e-12	1.462853e-10	8.021906e-12	
7  3.28007	2.244607e+00	1.162572e-01	1.041976e+00	7.768849e-02	2.343584e-09	2.126761e-09	1.319700e-11	5.325072e-10	9.108619e-12	
3  3.40429	2.241737e+00	1.167634e-01	1.042009e+00	7.621263e-02	2.339314e-09	2.122004e-09	3.723344e-11	3.037071e-10	-3.617990e-13	
2  5.40379	2.245197e+00	1.166149e-01	1.041899e+00	7.156334e-02	2.321177e-09	2.102494e-09	4.314925e-11	2.408715e-10	-1.276805e-11	
3  5.59179	2.258485e+00	1.160696e-01	1.041932e+00	7.516776e-02	2.346694e-09	2.118042e-09	2.813219e-11	2.974596e-10	-1.911196e-11	
1  4.69729	2.250586e+00	1.171042e-01	1.041854e+00	7.780067e-02	2.387191e-09	2.132728e-09	1.172127e-11	3.482351e-11	-9.672763e-13	
11  3.94776	2.255779e+00	1.170743e-01	1.042161e+00	7.363312e-02	2.361593e-09	2.113516e-09	4.435898e-12	2.998002e-10	-1.711914e-12	
6  5.3915	2.253396e+00	1.159926e-01	1.042457e+00	7.930475e-02	2.355517e-09	2.136284e-09	1.066335e-11	4.670768e-10	5.255577e-12	
2  4.56543	2.259875e+00	1.156643e-01	1.042549e+00	7.849513e-02	2.328285e-09	2.130043e-09	5.846705e-12	1.110266e-09	1.211438e-11	
