1  58.7768	2.246658e+00	1.173956e-01	1.042359e+00	7.209035e-02	2.352246e-09	2.093805e-09	1.512513e-11	5.074095e-09	-2.824237e-11	
3  39.485	2.230834e+00	1.172907e-01	1.042599e+00	7.559335e-02	2.360151e-09	2.108867e-09	1.177101e-11	5.022275e-09	-1.481534e-11	
7  37.1095	2.232210e+00	1.168558e-01	1.042660e+00	7.673017e-02	2.352047e-09	2.112808e-09	7.483146e-12	4.971078e-09	-1.267921e-11	
3  30.7617	2.229548e+00	1.165129e-01	1.042605e+00	7.393749e-02	2.346769e-09	2.100965e-09	6.653025e-12	4.421688e-09	-1.042850e-11	
6  19.4981	2.226809e+00	1.166603e-01	1.042732e+00	6.990925e-02	2.333823e-09	2.083299e-09	2.911298e-12	4.590307e-09	-1.982186e-12	
11  19.3462	2.219241e+00	1.165963e-01	1.042930e+00	7.641842e-02	2.340418e-09	2.109226e-09	5.133541e-12	5.122072e-09	1.164897e-11	
5  15.4591	2.222566e+00	1.163694e-01	1.042907e+00	7.304969e-02	2.313602e-09	2.095272e-09	4.588088e-12	4.956011e-09	1.856357e-12	
155  9.26689	2.216408e+00	1.160770e-01	1.042691e+00	7.367706e-02	2.315182e-09	2.096744e-09	2.104238e-12	4.910616e-09	6.413519e-12	
65  9.03431	2.220823e+00	1.163578e-01	1.042768e+00	7.214280e-02	2.305147e-09	2.090562e-09	2.576205e-12	5.059697e-09	4.879666e-12	
38  8.99066	2.219614e+00	1.169607e-01	1.042458e+00	7.466059e-02	2.334743e-09	2.103273e-09	2.804010e-12	4.960072e-09	6.563956e-13	
201  5.40308	2.219772e+00	1.167917e-01	1.042428e+00	7.640977e-02	2.328271e-09	2.111816e-09	1.253676e-12	4.868451e-09	1.281750e-12	
114  7.49501	2.224421e+00	1.171147e-01	1.042296e+00	8.055159e-02	2.345475e-09	2.127871e-09	1.628021e-12	5.454420e-09	2.435868e-12	
15  8.16505	2.226531e+00	1.167728e-01	1.042263e+00	7.639606e-02	2.330253e-09	2.111802e-09	5.202494e-12	4.695071e-09	1.556639e-12	
6  5.84598	2.228482e+00	1.173479e-01	1.042408e+00	7.727823e-02	2.342576e-09	2.117841e-09	2.539335e-12	4.794443e-09	4.908198e-12	
326  3.07085	2.242136e+00	1.169411e-01	1.042241e+00	7.602187e-02	2.340165e-09	2.109091e-09	1.101944e-13	5.275640e-09	1.541218e-12	
123  3.63671	2.253946e+00	1.168738e-01	1.042039e+00	7.346736e-02	2.326589e-09	2.095626e-09	1.119406e-12	5.712092e-09	1.958169e-12	
138  3.20929	2.248098e+00	1.164366e-01	1.042115e+00	7.510384e-02	2.314249e-09	2.099849e-09	8.832867e-13	6.409578e-09	6.128722e-13	
228  4.94999	2.244451e+00	1.166169e-01	1.042115e+00	7.420431e-02	2.329798e-09	2.096016e-09	2.320367e-12	5.949342e-09	2.969142e-12	
14  4.46867	2.242000e+00	1.167668e-01	1.042115e+00	7.703420e-02	2.353328e-09	2.110326e-09	2.448878e-12	5.273720e-09	-6.746258e-13	
138  4.9487	2.234850e+00	1.166860e-01	1.042115e+00	8.022161e-02	2.363930e-09	2.122695e-09	5.050195e-13	5.083332e-09	6.631682e-13	
85  4.19603	2.233560e+00	1.174315e-01	1.041865e+00	7.652862e-02	2.378512e-09	2.106839e-09	1.266111e-12	5.409552e-09	-1.496596e-13	
4  3.41421	2.232232e+00	1.175715e-01	1.041806e+00	7.310547e-02	2.368073e-09	2.092231e-09	4.060421e-13	5.476714e-09	-7.529619e-13	
155  3.81484	2.235569e+00	1.169860e-01	1.042097e+00	7.840954e-02	2.368340e-09	2.114466e-09	7.398777e-13	5.971126e-09	1.819439e-13	
215  3.25054	2.239183e+00	1.169774e-01	1.042120e+00	7.735255e-02	2.378440e-09	2.110488e-09	6.879841e-13	5.656292e-09	-1.265478e-13	
60  6.37741	2.234778e+00	1.177796e-01	1.041883e+00	7.464129e-02	2.371720e-09	2.097952e-09	1.961718e-12	6.269977e-09	1.126083e-12	
32  8.86036	2.244314e+00	1.181263e-01	1.041436e+00	7.235059e-02	2.371692e-09	2.087969e-09	2.324009e-12	6.036399e-09	3.897381e-13	
10  9.34508	2.231809e+00	1.199219e-01	1.041324e+00	6.947110e-02	2.404571e-09	2.079956e-09	6.291279e-13	5.497085e-09	-1.294734e-12	
341  9.93707	2.227815e+00	1.198482e-01	1.041249e+00	7.427872e-02	2.427823e-09	2.099895e-09	2.148781e-12	5.445725e-09	-4.736005e-12	
49  8.74165	2.234298e+00	1.187283e-01	1.041252e+00	7.290282e-02	2.398294e-09	2.090355e-09	8.429589e-13	5.805462e-09	4.266099e-13	
101  5.01111	2.237017e+00	1.179408e-01	1.041352e+00	7.227209e-02	2.382661e-09	2.087472e-09	3.057435e-14	5.669061e-09	-4.175022e-13	
601  4.02573	2.235301e+00	1.170200e-01	1.041372e+00	7.451336e-02	2.363606e-09	2.094298e-09	8.985803e-13	6.017569e-09	-1.218791e-12	
389  4.98633	2.232244e+00	1.174778e-01	1.041346e+00	7.186469e-02	2.357898e-09	2.084263e-09	6.184840e-13	5.830449e-09	-7.080661e-13	
38  5.35006	2.235157e+00	1.177872e-01	1.041317e+00	7.382616e-02	2.387887e-09	2.094673e-09	1.910361e-12	5.544145e-09	-2.870195e-12	
1151  3.67901	2.240805e+00	1.176779e-01	1.041463e+00	7.252869e-02	2.385357e-09	2.089491e-09	8.163225e-13	5.355225e-09	-2.221944e-12	
89  6.64872	2.239095e+00	1.180105e-01	1.041388e+00	7.561252e-02	2.405622e-09	2.103275e-09	1.150737e-12	5.251571e-09	4.137457e-13	
192  6.12676	2.248959e+00	1.167125e-01	1.041331e+00	7.705719e-02	2.394202e-09	2.108343e-09	2.414076e-12	5.096107e-09	-2.130486e-12	
257  4.8035	2.247471e+00	1.169674e-01	1.041287e+00	7.893212e-02	2.408421e-09	2.119032e-09	9.300676e-13	4.617769e-09	-1.576223e-12	
440  4.14105	2.240096e+00	1.174960e-01	1.041311e+00	7.432935e-02	2.390853e-09	2.099916e-09	1.828238e-12	4.882136e-09	-4.349742e-12	
55  3.13402	2.243381e+00	1.169722e-01	1.041435e+00	7.542445e-02	2.386156e-09	2.103737e-09	1.476874e-12	4.556911e-09	-1.955345e-12	
192  3.35978	2.247277e+00	1.174314e-01	1.041297e+00	7.466445e-02	2.401919e-09	2.099599e-09	3.911271e-13	5.049808e-09	-5.642677e-13	
565  2.78367	2.254643e+00	1.171178e-01	1.041350e+00	7.447002e-02	2.387814e-09	2.098602e-09	9.631264e-13	5.561592e-09	-3.304857e-12	
41  8.1151	2.259869e+00	1.168866e-01	1.041245e+00	8.178309e-02	2.412042e-09	2.128100e-09	3.643542e-13	5.677707e-09	-2.794659e-12	
22  10.3245	2.260425e+00	1.166462e-01	1.041332e+00	7.557706e-02	2.385375e-09	2.101948e-09	5.644469e-12	5.555217e-09	-9.802645e-12	
7  11.6863	2.253286e+00	1.167287e-01	1.041351e+00	7.364218e-02	2.381486e-09	2.095008e-09	1.834294e-12	5.365449e-09	1.816760e-12	
25  9.7102	2.244512e+00	1.155557e-01	1.041644e+00	7.448412e-02	2.342152e-09	2.098573e-09	3.579748e-12	5.101502e-09	1.729969e-12	
97  7.76503	2.239125e+00	1.156033e-01	1.041445e+00	7.978235e-02	2.363769e-09	2.121356e-09	1.680950e-12	4.630478e-09	-4.207893e-12	
33  6.63723	2.247448e+00	1.153848e-01	1.041518e+00	7.888415e-02	2.362926e-09	2.117231e-09	2.880319e-12	4.524305e-09	-2.749635e-12	
61  6.54737	2.251620e+00	1.146105e-01	1.041457e+00	7.818109e-02	2.341227e-09	2.112781e-09	2.652384e-12	4.152697e-09	-2.075668e-12	
128  7.07005	2.251705e+00	1.147379e-01	1.041524e+00	7.350944e-02	2.319349e-09	2.094228e-09	8.556503e-13	4.035958e-09	1.582144e-12	
43  7.62639	2.256880e+00	1.157553e-01	1.041401e+00	7.585053e-02	2.363122e-09	2.107728e-09	6.734424e-12	3.535995e-09	-9.450281e-12	
78  8.79877	2.252192e+00	1.153611e-01	1.041429e+00	7.505191e-02	2.339206e-09	2.100128e-09	6.947895e-12	4.300389e-09	-7.556700e-12	
2  7.70275	2.246717e+00	1.148883e-01	1.041448e+00	7.711369e-02	2.336843e-09	2.107730e-09	4.742591e-13	4.344569e-09	1.569466e-12	
124  4.63651	2.237279e+00	1.158152e-01	1.041634e+00	7.510792e-02	2.329890e-09	2.102735e-09	2.456804e-12	4.499262e-09	6.495138e-13	
450  4.13328	2.231423e+00	1.165396e-01	1.041824e+00	7.881312e-02	2.373701e-09	2.122348e-09	3.893774e-13	4.058705e-09	-9.986412e-13	
10  5.21436	2.241063e+00	1.169420e-01	1.041744e+00	7.588148e-02	2.367637e-09	2.108281e-09	4.506992e-13	4.614239e-09	2.342267e-12	
118  4.69003	2.244047e+00	1.164875e-01	1.041613e+00	7.681813e-02	2.361694e-09	2.111494e-09	2.936984e-12	4.442346e-09	3.019915e-13	
51  3.91995	2.248286e+00	1.162494e-01	1.041999e+00	7.928980e-02	2.352398e-09	2.122761e-09	2.611863e-12	4.589221e-09	-7.434232e-13	
278  3.18244	2.258970e+00	1.149236e-01	1.042143e+00	7.481563e-02	2.300703e-09	2.102339e-09	1.533437e-12	4.638876e-09	-8.163806e-13	
72  3.84911	2.261668e+00	1.157036e-01	1.042297e+00	7.392621e-02	2.308194e-09	2.102426e-09	1.276636e-12	4.391660e-09	-9.295699e-13	
54  6.62588	2.260136e+00	1.153503e-01	1.042358e+00	7.142025e-02	2.277169e-09	2.090987e-09	3.330230e-12	4.713443e-09	1.508888e-12	
16  9.70375	2.263744e+00	1.150762e-01	1.042432e+00	7.596844e-02	2.292204e-09	2.107560e-09	3.671426e-12	5.373238e-09	-3.436577e-12	
13  9.00391	2.256818e+00	1.148797e-01	1.042563e+00	7.920505e-02	2.286395e-09	2.120270e-09	3.775753e-12	5.893739e-09	7.605475e-12	
34  7.95795	2.258335e+00	1.137972e-01	1.042761e+00	7.726563e-02	2.258008e-09	2.111012e-09	4.949009e-12	5.601435e-09	4.195877e-12	
22  6.66339	2.263052e+00	1.132055e-01	1.042753e+00	7.851577e-02	2.259913e-09	2.116940e-09	2.972177e-12	5.295151e-09	4.445900e-12	
25  6.72905	2.256485e+00	1.135519e-01	1.043007e+00	7.516423e-02	2.239727e-09	2.106671e-09	2.405557e-12	4.861448e-09	6.567767e-12	
207  5.67527	2.254548e+00	1.144819e-01	1.042754e+00	7.266295e-02	2.253218e-09	2.095412e-09	1.224181e-12	5.361098e-09	3.423170e-12	
56  4.23064	2.256496e+00	1.148440e-01	1.042882e+00	7.462165e-02	2.271045e-09	2.103643e-09	9.159867e-13	5.507738e-09	5.461536e-12	
54  4.61224	2.261707e+00	1.142470e-01	1.042949e+00	7.662898e-02	2.277344e-09	2.108870e-09	1.645895e-12	5.780994e-09	2.317844e-12	
582  4.30327	2.255333e+00	1.139935e-01	1.042819e+00	7.462409e-02	2.251286e-09	2.099817e-09	1.947024e-12	5.335867e-09	4.290051e-12	
174  4.49916	2.247654e+00	1.141456e-01	1.042910e+00	7.602651e-02	2.254205e-09	2.107208e-09	1.968617e-12	5.169330e-09	7.321895e-12	
10  6.11551	2.242932e+00	1.142438e-01	1.042892e+00	7.804312e-02	2.269570e-09	2.118034e-09	3.360611e-12	4.622300e-09	5.283032e-12	
14  4.45351	2.255265e+00	1.138620e-01	1.043038e+00	8.100119e-02	2.275715e-09	2.130278e-09	1.107540e-12	4.639721e-09	5.842210e-12	
47  6.0857	2.254981e+00	1.147409e-01	1.042876e+00	7.764834e-02	2.285998e-09	2.118518e-09	1.392305e-12	4.591199e-09	1.063469e-12	
93  4.6562	2.261549e+00	1.147134e-01	1.042766e+00	7.951280e-02	2.298892e-09	2.127547e-09	2.301989e-12	4.323683e-09	5.084566e-12	
810  3.6993	2.267121e+00	1.148967e-01	1.042779e+00	7.713727e-02	2.294803e-09	2.117002e-09	1.398683e-12	4.770278e-09	2.941963e-12	
92  3.29828	2.264141e+00	1.152402e-01	1.042520e+00	7.454753e-02	2.298459e-09	2.105453e-09	8.903289e-13	4.328356e-09	4.099810e-12	
114  3.26627	2.262777e+00	1.148612e-01	1.042318e+00	7.956692e-02	2.318443e-09	2.124859e-09	1.811401e-12	4.319688e-09	2.112647e-12	
23  4.75857	2.257748e+00	1.143389e-01	1.042389e+00	7.931823e-02	2.293841e-09	2.122918e-09	2.280176e-12	4.400053e-09	5.078626e-12	
24  5.96006	2.266852e+00	1.132513e-01	1.042441e+00	7.942492e-02	2.277092e-09	2.120804e-09	3.608510e-12	4.090990e-09	4.741783e-12	
66  6.75794	2.266468e+00	1.135188e-01	1.042288e+00	7.361923e-02	2.262586e-09	2.092956e-09	1.294287e-12	4.461328e-09	4.384687e-12	
7  6.48762	2.269615e+00	1.145374e-01	1.042040e+00	7.809513e-02	2.310634e-09	2.114076e-09	3.135183e-12	4.505218e-09	-3.956114e-12	
42  7.09089	2.274741e+00	1.133280e-01	1.042387e+00	7.987567e-02	2.286760e-09	2.117483e-09	9.409546e-13	5.194189e-09	4.202048e-12	
13  9.32807	2.272914e+00	1.136962e-01	1.042373e+00	7.417693e-02	2.262721e-09	2.093629e-09	6.665361e-12	5.127761e-09	2.381213e-12	
9  8.03785	2.265470e+00	1.142473e-01	1.042182e+00	7.843180e-02	2.304883e-09	2.113426e-09	4.480752e-12	4.685739e-09	5.995781e-12	
44  5.74692	2.254459e+00	1.143239e-01	1.042350e+00	7.325045e-02	2.270227e-09	2.091304e-09	2.006844e-12	4.805197e-09	5.362327e-12	
156  2.25541	2.256254e+00	1.152325e-01	1.042272e+00	7.836973e-02	2.324702e-09	2.115014e-09	8.389086e-13	4.579029e-09	2.730159e-12	
14  3.77761	2.251772e+00	1.148158e-01	1.042251e+00	7.737906e-02	2.299730e-09	2.108826e-09	2.740164e-12	4.637261e-09	3.449858e-12	
20  4.2885	2.245833e+00	1.154614e-01	1.042151e+00	7.678609e-02	2.307989e-09	2.106235e-09	2.597501e-12	4.535347e-09	1.428960e-12	
129  4.82073	2.236034e+00	1.157410e-01	1.042216e+00	7.468636e-02	2.298515e-09	2.097566e-09	2.145536e-12	4.646464e-09	2.587015e-12	
2  8.3739	2.239469e+00	1.156835e-01	1.042222e+00	7.362475e-02	2.296701e-09	2.092709e-09	5.212542e-12	4.827972e-09	5.141535e-12	
4  8.29832	2.242530e+00	1.153544e-01	1.042072e+00	7.746134e-02	2.312260e-09	2.106404e-09	4.475295e-12	5.026690e-09	-6.280948e-13	
76  6.28029	2.245702e+00	1.147291e-01	1.042198e+00	7.484834e-02	2.284053e-09	2.095280e-09	2.968682e-12	4.848731e-09	4.051037e-12	
33  6.26646	2.255748e+00	1.143888e-01	1.042199e+00	7.382870e-02	2.276377e-09	2.090893e-09	3.148207e-12	4.938805e-09	1.720311e-12	
20  7.30377	2.251572e+00	1.151667e-01	1.042203e+00	7.428991e-02	2.296048e-09	2.096414e-09	4.384151e-12	5.119755e-09	5.659805e-12	
66  7.38744	2.250565e+00	1.147295e-01	1.042065e+00	7.617148e-02	2.305931e-09	2.102365e-09	4.082399e-12	5.446481e-09	-2.312419e-12	
4  6.96227	2.245534e+00	1.151190e-01	1.041928e+00	7.120374e-02	2.290419e-09	2.083560e-09	3.008480e-12	4.975235e-09	8.396329e-13	
131  5.97639	2.241723e+00	1.159802e-01	1.041714e+00	7.099075e-02	2.314141e-09	2.085580e-09	1.775572e-12	4.352392e-09	-2.830291e-12	
18  6.67564	2.238073e+00	1.158399e-01	1.041923e+00	7.685041e-02	2.348299e-09	2.114164e-09	5.051352e-12	3.451613e-09	1.816888e-12	
11  8.91183	2.235225e+00	1.166595e-01	1.041899e+00	7.701114e-02	2.369852e-09	2.116937e-09	4.851953e-12	3.159673e-09	-7.082857e-12	
82  7.90931	2.230927e+00	1.167061e-01	1.041975e+00	7.730531e-02	2.376060e-09	2.118729e-09	4.580151e-13	3.417847e-09	-2.674133e-12	
24  4.63437	2.230123e+00	1.167896e-01	1.041683e+00	7.535129e-02	2.382567e-09	2.109308e-09	1.627792e-12	2.885135e-09	-1.247156e-12	
18  5.85258	2.231980e+00	1.174611e-01	1.041618e+00	7.173094e-02	2.377843e-09	2.093569e-09	3.081468e-12	2.979538e-09	-1.849320e-12	
48  9.65145	2.228857e+00	1.182306e-01	1.041489e+00	7.587911e-02	2.424839e-09	2.114453e-09	6.932541e-12	2.568000e-09	-7.031379e-12	
3  10.975	2.222075e+00	1.182700e-01	1.041620e+00	7.189595e-02	2.408585e-09	2.097224e-09	5.925269e-12	2.402163e-09	-4.546450e-12	
2  11.1039	2.232928e+00	1.171102e-01	1.041998e+00	7.134336e-02	2.358930e-09	2.091069e-09	7.547038e-12	3.325866e-09	-3.051894e-12	
53  6.61106	2.242854e+00	1.169117e-01	1.042121e+00	7.420147e-02	2.366920e-09	2.101855e-09	1.397223e-12	3.826333e-09	4.989479e-12	
108  7.33127	2.249652e+00	1.172682e-01	1.042082e+00	7.677200e-02	2.381581e-09	2.112248e-09	4.754812e-12	4.571408e-09	-7.074387e-13	
22  9.40719	2.249403e+00	1.174456e-01	1.042129e+00	7.551102e-02	2.376941e-09	2.106338e-09	5.779040e-12	4.903462e-09	-6.788432e-13	
2  4.14424	2.256112e+00	1.164588e-01	1.042417e+00	7.749965e-02	2.349835e-09	2.114344e-09	2.748624e-12	4.838693e-09	2.715686e-12	
264  4.96541	2.260831e+00	1.167080e-01	1.042223e+00	8.012411e-02	2.361203e-09	2.123946e-09	5.298878e-13	5.272480e-09	1.361404e-12	
7  4.77967	2.251560e+00	1.168238e-01	1.042019e+00	7.685184e-02	2.341990e-09	2.107764e-09	2.780972e-12	5.883379e-09	7.249311e-14	
9  4.03862	2.257708e+00	1.157271e-01	1.042190e+00	7.778846e-02	2.320776e-09	2.110624e-09	2.699070e-12	5.458856e-09	1.174224e-12	
15  3.50908	2.260286e+00	1.156195e-01	1.042064e+00	7.666158e-02	2.314300e-09	2.104618e-09	8.359941e-13	5.540220e-09	1.176681e-12	
7  4.30746	2.258876e+00	1.149450e-01	1.042200e+00	7.756492e-02	2.306402e-09	2.108000e-09	2.005570e-12	5.403896e-09	-2.274046e-13	
174  5.16171	2.255530e+00	1.155869e-01	1.041943e+00	7.760159e-02	2.321347e-09	2.110289e-09	3.224993e-12	4.923340e-09	-2.613058e-12	
13  8.35361	2.263496e+00	1.145198e-01	1.041952e+00	7.927600e-02	2.306056e-09	2.117523e-09	8.521114e-12	4.491843e-09	-1.481691e-12	
4  5.76083	2.253579e+00	1.143800e-01	1.041911e+00	8.031446e-02	2.305803e-09	2.121581e-09	8.180061e-13	4.236690e-09	1.971715e-12	
33  6.75727	2.258157e+00	1.142501e-01	1.041685e+00	7.832522e-02	2.310623e-09	2.114722e-09	4.871462e-12	3.486125e-09	-4.424918e-12	
35  4.65075	2.270072e+00	1.143307e-01	1.041712e+00	7.652972e-02	2.307116e-09	2.107018e-09	3.209904e-12	3.660461e-09	-1.584976e-12	
298  4.5432	2.262994e+00	1.150740e-01	1.041391e+00	7.685236e-02	2.343175e-09	2.110110e-09	2.816324e-12	3.148787e-09	-5.017380e-12	
23  5.75282	2.259999e+00	1.143163e-01	1.041588e+00	7.360803e-02	2.299007e-09	2.093675e-09	1.376444e-12	3.405845e-09	-7.597601e-13	
164  4.94908	2.260320e+00	1.145000e-01	1.041649e+00	7.594801e-02	2.318345e-09	2.104764e-09	9.286109e-13	3.219597e-09	-2.405297e-12	
1  6.32761	2.272585e+00	1.137543e-01	1.041851e+00	7.446898e-02	2.305879e-09	2.098272e-09	2.381772e-12	3.350667e-09	-1.330104e-12	
84  5.5204	2.271083e+00	1.144353e-01	1.041636e+00	7.837491e-02	2.327313e-09	2.114973e-09	3.352926e-12	3.573681e-09	-4.062640e-12	
82  3.18547	2.261783e+00	1.159030e-01	1.041486e+00	7.412375e-02	2.337239e-09	2.099542e-09	9.350688e-13	3.565493e-09	-3.761922e-13	
18  2.69489	2.253404e+00	1.154700e-01	1.041942e+00	7.531111e-02	2.313030e-09	2.105977e-09	2.692794e-12	3.785667e-09	2.666419e-12	
63  4.22422	2.251741e+00	1.161841e-01	1.042025e+00	8.009917e-02	2.350342e-09	2.129517e-09	2.175585e-12	3.480184e-09	3.470407e-12	
174  3.82324	2.249611e+00	1.171085e-01	1.042014e+00	8.042100e-02	2.382501e-09	2.131315e-09	5.674137e-13	3.475115e-09	1.366201e-12	
168  3.83511	2.245518e+00	1.179878e-01	1.042035e+00	7.754497e-02	2.396996e-09	2.121126e-09	1.477353e-12	3.314012e-09	1.762145e-12	
90  3.12522	2.241967e+00	1.175619e-01	1.042218e+00	7.742473e-02	2.392141e-09	2.120843e-09	6.574729e-13	2.783110e-09	2.516689e-12	
173  3.4599	2.237309e+00	1.179632e-01	1.041998e+00	7.464984e-02	2.389308e-09	2.107183e-09	1.660818e-12	3.311500e-09	1.272632e-12	
9  4.17529	2.244705e+00	1.172056e-01	1.042094e+00	7.612632e-02	2.385677e-09	2.113365e-09	1.858019e-12	2.973319e-09	3.052979e-12	
90  4.55577	2.240404e+00	1.171933e-01	1.042066e+00	7.485045e-02	2.383440e-09	2.109743e-09	1.735883e-12	2.580612e-09	-2.716200e-12	
58  6.32356	2.250282e+00	1.166178e-01	1.042162e+00	7.465133e-02	2.379148e-09	2.107456e-09	2.099852e-12	2.774706e-09	-3.643533e-12	
140  4.69558	2.247600e+00	1.163467e-01	1.042209e+00	7.698144e-02	2.393425e-09	2.118427e-09	5.892161e-13	2.177219e-09	8.050007e-13	
198  5.33067	2.254020e+00	1.172900e-01	1.042053e+00	7.485549e-02	2.404765e-09	2.109315e-09	1.929439e-12	2.780544e-09	-9.495070e-13	
92  8.2251	2.246293e+00	1.179448e-01	1.041881e+00	6.885053e-02	2.391234e-09	2.084301e-09	1.002590e-12	2.644264e-09	-3.898736e-13	
247  4.95797	2.241466e+00	1.177451e-01	1.042110e+00	7.425229e-02	2.405508e-09	2.107237e-09	1.065497e-12	2.729828e-09	1.437956e-12	
1  6.80247	2.250329e+00	1.170853e-01	1.041864e+00	7.395881e-02	2.393355e-09	2.103508e-09	5.227392e-12	2.620110e-09	-3.924405e-12	
70  6.52802	2.245778e+00	1.165749e-01	1.041999e+00	8.039948e-02	2.410024e-09	2.132029e-09	1.119933e-12	2.419006e-09	-3.992073e-13	
234  4.72609	2.244323e+00	1.165378e-01	1.041960e+00	7.708557e-02	2.381257e-09	2.116693e-09	2.947932e-12	2.470446e-09	-2.986870e-12	
1  3.05091	2.240274e+00	1.159286e-01	1.042240e+00	7.541709e-02	2.334002e-09	2.109266e-09	3.692623e-12	2.799029e-09	2.184179e-12	
1  2.35787	2.239109e+00	1.156248e-01	1.042345e+00	7.781432e-02	2.329893e-09	2.119396e-09	1.700826e-12	2.887144e-09	2.056950e-12	
18  2.78107	2.236785e+00	1.161665e-01	1.042211e+00	7.879177e-02	2.341276e-09	2.125969e-09	2.005651e-12	2.802888e-09	1.242338e-12	
35  4.59858	2.235132e+00	1.163986e-01	1.042260e+00	7.728398e-02	2.339197e-09	2.120045e-09	4.274341e-12	2.950989e-09	6.213463e-12	
125  2.44771	2.233513e+00	1.169516e-01	1.042296e+00	7.516562e-02	2.346841e-09	2.112533e-09	1.816911e-12	2.873989e-09	4.683357e-12	
227  2.34853	2.231443e+00	1.172678e-01	1.042191e+00	7.162795e-02	2.341556e-09	2.097402e-09	7.758193e-13	2.730014e-09	2.336826e-12	
138  1.83026	2.241876e+00	1.156487e-01	1.042391e+00	7.655803e-02	2.334153e-09	2.116071e-09	1.197810e-12	2.543582e-09	4.115967e-12	
24  4.7682	2.244953e+00	1.152300e-01	1.042293e+00	7.413227e-02	2.319902e-09	2.105680e-09	2.724804e-12	1.840845e-09	-5.329471e-13	
20  4.90454	2.245483e+00	1.150479e-01	1.042332e+00	7.215779e-02	2.298684e-09	2.096947e-09	4.142688e-12	1.978621e-09	3.957779e-12	
189  2.1842	2.241046e+00	1.154951e-01	1.042434e+00	7.498377e-02	2.313466e-09	2.108057e-09	1.459665e-12	2.101033e-09	5.664859e-12	
46  1.68783	2.243263e+00	1.154146e-01	1.042406e+00	7.630201e-02	2.320784e-09	2.114090e-09	7.230999e-13	2.019557e-09	2.802435e-12	
8  2.58583	2.236341e+00	1.159365e-01	1.042582e+00	7.305426e-02	2.306439e-09	2.102320e-09	1.974525e-12	2.176063e-09	5.934228e-12	
197  2.72729	2.233574e+00	1.164684e-01	1.042594e+00	7.762565e-02	2.344201e-09	2.122350e-09	5.667710e-13	1.724601e-09	5.228767e-12	
15  6.00071	2.225210e+00	1.173419e-01	1.042387e+00	7.569955e-02	2.367445e-09	2.119095e-09	8.528595e-12	7.934614e-10	3.547402e-12	
5  7.4924	2.218338e+00	1.171983e-01	1.042536e+00	7.582907e-02	2.351953e-09	2.120360e-09	1.255493e-11	5.538525e-10	7.945079e-12	
27  6.25302	2.224542e+00	1.177931e-01	1.042125e+00	7.181426e-02	2.360502e-09	2.101663e-09	1.075926e-11	6.056342e-10	2.334956e-12	
19  6.46876	2.232839e+00	1.176284e-01	1.041953e+00	7.262244e-02	2.385495e-09	2.104955e-09	6.646583e-12	6.061788e-10	-7.715325e-12	
1  5.79953	2.227937e+00	1.175386e-01	1.042013e+00	7.119307e-02	2.358557e-09	2.099420e-09	1.171859e-11	4.940621e-10	1.940743e-12	
18  5.6151	2.220117e+00	1.188693e-01	1.041786e+00	7.218306e-02	2.392642e-09	2.107199e-09	1.833237e-11	2.470199e-10	-2.800242e-12	
5  6.22066	2.219599e+00	1.194063e-01	1.041745e+00	7.618157e-02	2.429100e-09	2.124586e-09	2.632488e-12	3.999381e-10	1.134200e-12	
6  5.669	2.222310e+00	1.190306e-01	1.041760e+00	7.600812e-02	2.425147e-09	2.124121e-09	8.587904e-12	1.602044e-10	-9.083395e-12	
1  6.34052	2.231283e+00	1.183674e-01	1.041809e+00	7.924403e-02	2.424740e-09	2.138836e-09	5.531959e-12	1.730606e-10	-8.466438e-12	
1  5.6002	2.246576e+00	1.177171e-01	1.041913e+00	7.916673e-02	2.392905e-09	2.137651e-09	2.103640e-11	4.294753e-10	-2.025507e-12	
2  5.09182	2.247107e+00	1.175227e-01	1.041953e+00	7.623825e-02	2.370795e-09	2.124548e-09	3.324409e-11	5.976878e-10	-1.034324e-11	
7  4.97068	2.252434e+00	1.177822e-01	1.041890e+00	7.176104e-02	2.338106e-09	2.105003e-09	1.456962e-11	7.494420e-10	1.010379e-12	
6  4.58956	2.257816e+00	1.177328e-01	1.041961e+00	7.565758e-02	2.369997e-09	2.122646e-09	1.637826e-11	8.129133e-10	-4.768851e-12	
3  3.47808	2.249150e+00	1.175363e-01	1.041946e+00	7.353677e-02	2.352667e-09	2.114651e-09	1.172105e-11	4.807585e-10	1.660649e-12	
8  4.72539	2.250612e+00	1.177171e-01	1.041663e+00	7.255436e-02	2.370920e-09	2.111302e-09	6.976149e-13	1.765545e-10	-4.153494e-12	
6  5.28623	2.245326e+00	1.175766e-01	1.041783e+00	7.098759e-02	2.347640e-09	2.105090e-09	4.192874e-12	2.382941e-10	2.634469e-13	
11  6.29082	2.254105e+00	1.173028e-01	1.041686e+00	7.755949e-02	2.371758e-09	2.132717e-09	2.196763e-11	3.525745e-10	-1.966216e-11	
5  6.69109	2.249310e+00	1.179266e-01	1.041718e+00	7.713081e-02	2.379378e-09	2.132839e-09	3.029095e-11	3.764192e-10	-2.013049e-11	
5  7.41501	2.253361e+00	1.177467e-01	1.042005e+00	7.310737e-02	2.351489e-09	2.114624e-09	4.111034e-12	1.087586e-09	-7.534507e-12	
34  5.59377	2.249608e+00	1.178462e-01	1.042106e+00	7.154298e-02	2.345437e-09	2.108291e-09	3.763082e-12	9.603276e-10	-3.109270e-13	
19  5.55893	2.244960e+00	1.186068e-01	1.042059e+00	7.357096e-02	2.367809e-09	2.117917e-09	1.747150e-12	1.043081e-09	4.208473e-12	
1  6.94678	2.254874e+00	1.187669e-01	1.041849e+00	7.406770e-02	2.387801e-09	2.121174e-09	5.455422e-12	8.768152e-10	-2.320384e-12	
2  9.80558	2.259877e+00	1.181015e-01	1.042129e+00	7.081035e-02	2.353504e-09	2.106110e-09	9.470733e-12	7.911679e-10	5.049396e-12	
3  10.0202	2.269753e+00	1.176190e-01	1.042160e+00	7.494546e-02	2.360489e-09	2.122893e-09	2.150641e-11	7.946636e-10	1.679749e-12	
1  11.493	2.267035e+00	1.177498e-01	1.042255e+00	7.177440e-02	2.355981e-09	2.111210e-09	1.368060e-11	4.185126e-10	9.072069e-12	
7  9.20797	2.264887e+00	1.180095e-01	1.041870e+00	7.457177e-02	2.379967e-09	2.120781e-09	3.316044e-12	8.141379e-10	4.956665e-12	
8  6.44352	2.265988e+00	1.176131e-01	1.042016e+00	7.671732e-02	2.375098e-09	2.129155e-09	1.019887e-11	8.115546e-10	-2.065322e-12	
10  6.03758	2.264383e+00	1.167211e-01	1.042087e+00	7.421024e-02	2.348616e-09	2.117647e-09	2.146866e-11	4.538863e-10	-6.528495e-12	
1  5.69911	2.256260e+00	1.166242e-01	1.042095e+00	7.398665e-02	2.349055e-09	2.117722e-09	2.636253e-11	1.632379e-10	-8.622211e-13	
12  5.60306	2.255687e+00	1.169195e-01	1.042126e+00	7.429343e-02	2.358911e-09	2.119230e-09	2.799152e-11	1.130777e-10	-1.395619e-11	
18  5.66571	2.260385e+00	1.168916e-01	1.041911e+00	7.429608e-02	2.381420e-09	2.116228e-09	2.518838e-11	8.497162e-11	-2.615313e-11	
7  5.14267	2.248585e+00	1.165880e-01	1.041808e+00	7.410440e-02	2.366595e-09	2.113038e-09	1.983465e-11	6.791341e-11	-2.545471e-11	
2  5.4315	2.242400e+00	1.168455e-01	1.041543e+00	7.618264e-02	2.384099e-09	2.120434e-09	3.567313e-11	1.540503e-10	-3.130014e-11	
1  4.75037	2.250577e+00	1.167808e-01	1.041629e+00	7.382690e-02	2.379148e-09	2.110779e-09	5.004094e-11	1.853670e-11	-3.459808e-11	
13  6.43732	2.261075e+00	1.160630e-01	1.041731e+00	7.507312e-02	2.378720e-09	2.114324e-09	5.464239e-11	3.523228e-11	-3.420337e-11	
8  7.50464	2.265935e+00	1.163242e-01	1.041846e+00	7.941117e-02	2.401437e-09	2.133834e-09	1.410606e-11	4.652993e-10	-6.049133e-12	
2  6.63647	2.265020e+00	1.169226e-01	1.042109e+00	7.762507e-02	2.387142e-09	2.129935e-09	2.461097e-11	3.825344e-10	-7.202916e-12	
3  6.69243	2.264855e+00	1.173325e-01	1.042069e+00	7.534061e-02	2.372994e-09	2.120708e-09	2.427772e-11	5.427289e-10	1.628127e-15	
4  5.40135	2.255756e+00	1.175140e-01	1.042023e+00	7.276202e-02	2.370445e-09	2.110141e-09	2.762497e-11	3.449481e-10	-9.914431e-12	
9  4.97493	2.246925e+00	1.181510e-01	1.042002e+00	7.629637e-02	2.395140e-09	2.125547e-09	3.190003e-11	2.632770e-10	-1.210185e-11	
3  7.9918	2.254183e+00	1.176898e-01	1.041973e+00	7.711660e-02	2.410303e-09	2.127455e-09	3.419639e-11	2.440887e-10	-3.499592e-11	
2  7.82371	2.251294e+00	1.170146e-01	1.042140e+00	7.247298e-02	2.351824e-09	2.106936e-09	4.370399e-11	2.023727e-10	-2.958681e-11	
2  8.57188	2.242068e+00	1.175715e-01	1.041978e+00	7.153224e-02	2.362172e-09	2.102645e-09	4.051585e-11	4.215074e-10	-2.776068e-11	
7  8.99713	2.235231e+00	1.177345e-01	1.041792e+00	6.838836e-02	2.348152e-09	2.088916e-09	5.658578e-11	4.168585e-11	-3.101922e-11	
4  5.64825	2.232239e+00	1.178570e-01	1.041785e+00	7.497291e-02	2.377072e-09	2.116198e-09	5.607769e-11	1.160957e-10	-3.187485e-11	
3  6.80194	2.222228e+00	1.187590e-01	1.041434e+00	7.299149e-02	2.380726e-09	2.107785e-09	6.567733e-11	7.702439e-11	-3.818083e-11	
10  8.35221	2.227111e+00	1.185661e-01	1.041627e+00	7.423696e-02	2.371826e-09	2.112060e-09	6.163311e-11	3.032991e-10	-3.137988e-11	
3  8.81428	2.236943e+00	1.184175e-01	1.041811e+00	7.774505e-02	2.377868e-09	2.127843e-09	6.796059e-11	2.694166e-10	-2.205835e-11	
17  9.4661	2.240162e+00	1.177575e-01	1.042277e+00	7.738224e-02	2.337884e-09	2.128055e-09	6.022346e-11	9.626243e-11	-5.796819e-12	
1  9.34565	2.251464e+00	1.173611e-01	1.042048e+00	7.775051e-02	2.325184e-09	2.129821e-09	6.870793e-11	1.069355e-10	-6.633298e-12	
6  8.99586	2.253473e+00	1.162869e-01	1.042353e+00	7.352591e-02	2.274275e-09	2.109839e-09	3.563023e-11	3.123959e-10	3.137381e-11	
1  9.04012	2.253282e+00	1.160016e-01	1.042394e+00	7.283885e-02	2.262041e-09	2.106301e-09	4.446602e-11	2.402519e-10	2.742809e-11	
3  8.96896	2.267739e+00	1.147983e-01	1.042227e+00	7.414806e-02	2.261106e-09	2.109141e-09	5.554853e-11	3.039236e-10	8.779441e-13	
3  9.02022	2.265552e+00	1.148070e-01	1.042054e+00	7.691551e-02	2.284316e-09	2.120022e-09	6.397188e-11	2.328823e-10	-1.418461e-11	
14  6.52853	2.259773e+00	1.157555e-01	1.042027e+00	7.558645e-02	2.302603e-09	2.116353e-09	6.822602e-11	1.470386e-10	-6.604082e-12	
1  6.56715	2.263467e+00	1.159457e-01	1.042235e+00	7.534769e-02	2.313811e-09	2.116852e-09	6.033718e-11	3.125806e-10	-6.289727e-12	
14  8.29666	2.265294e+00	1.163412e-01	1.042145e+00	7.236779e-02	2.315827e-09	2.104957e-09	7.360881e-11	2.605940e-10	-1.500276e-11	
3  7.76024	2.272614e+00	1.163174e-01	1.041871e+00	7.670145e-02	2.363426e-09	2.120839e-09	6.156543e-11	8.834337e-11	-2.427866e-11	
4  7.92317	2.273026e+00	1.158956e-01	1.042085e+00	7.608140e-02	2.353413e-09	2.117537e-09	3.795806e-11	4.785442e-10	-1.707586e-11	
22  6.95245	2.270535e+00	1.147357e-01	1.042373e+00	7.751117e-02	2.306386e-09	2.119900e-09	2.014004e-11	1.255141e-09	9.063524e-12	
11  7.32121	2.277321e+00	1.149344e-01	1.042024e+00	7.381190e-02	2.311562e-09	2.104061e-09	6.846381e-12	9.469341e-10	-4.158052e-12	
3  8.25401	2.270330e+00	1.143046e-01	1.042418e+00	7.624757e-02	2.281777e-09	2.114674e-09	2.306792e-11	1.261480e-09	-3.943683e-12	
2  10.1677	2.274728e+00	1.140564e-01	1.042579e+00	7.950885e-02	2.281764e-09	2.128451e-09	2.113778e-11	1.315983e-09	-2.959602e-12	
6  10.5402	2.278507e+00	1.139399e-01	1.042191e+00	8.136554e-02	2.286541e-09	2.132572e-09	2.204522e-11	1.939750e-09	4.334338e-14	
2  9.14586	2.283038e+00	1.139551e-01	1.042042e+00	7.834664e-02	2.275113e-09	2.118316e-09	1.425097e-11	1.968428e-09	2.141786e-12	
1  8.27848	2.274511e+00	1.153333e-01	1.041880e+00	7.433094e-02	2.289794e-09	2.105109e-09	8.632112e-12	1.144278e-09	-9.124402e-13	
11  7.92497	2.262058e+00	1.155842e-01	1.042017e+00	7.513410e-02	2.308651e-09	2.110640e-09	6.964088e-12	8.580005e-10	-8.056743e-12	
12  5.94335	2.257200e+00	1.150412e-01	1.042114e+00	7.406948e-02	2.285463e-09	2.104939e-09	9.705294e-12	9.479911e-10	-1.411498e-12	
20  5.03014	2.253485e+00	1.156767e-01	1.042212e+00	7.804117e-02	2.304952e-09	2.123316e-09	1.825939e-11	1.127060e-09	8.175393e-13	
2  5.86328	2.252394e+00	1.160584e-01	1.042197e+00	8.223010e-02	2.346363e-09	2.143109e-09	5.591302e-12	9.769497e-10	6.115011e-12	
1  4.46956	2.251919e+00	1.154919e-01	1.042186e+00	7.767706e-02	2.313987e-09	2.120770e-09	1.691154e-11	1.108820e-09	1.582354e-12	
7  4.96528	2.251062e+00	1.158500e-01	1.042232e+00	7.700979e-02	2.320566e-09	2.121168e-09	7.177855e-12	1.014801e-09	1.530749e-11	
9  3.33706	2.248985e+00	1.149600e-01	1.042094e+00	7.644041e-02	2.314206e-09	2.117710e-09	6.659300e-12	8.984404e-10	1.219873e-12	
7  3.28246	2.249089e+00	1.156826e-01	1.042087e+00	7.635242e-02	2.323455e-09	2.118909e-09	1.516917e-11	1.007416e-09	-6.571214e-13	
2  7.63983	2.253581e+00	1.163152e-01	1.041978e+00	8.061744e-02	2.356525e-09	2.137413e-09	1.786320e-11	1.263761e-09	-1.169225e-11	
3  6.90579	2.243632e+00	1.176394e-01	1.041745e+00	8.051347e-02	2.385461e-09	2.140401e-09	2.204519e-11	9.505829e-10	-5.459459e-12	
1  4.13608	2.249961e+00	1.164388e-01	1.042014e+00	7.562970e-02	2.325971e-09	2.114575e-09	1.352935e-11	1.601136e-09	6.367781e-12	
3  4.56065	2.246730e+00	1.174736e-01	1.041778e+00	7.507940e-02	2.354584e-09	2.114836e-09	1.883869e-11	1.373844e-09	-1.088153e-11	
2  4.79828	2.254863e+00	1.169589e-01	1.041701e+00	7.435076e-02	2.345971e-09	2.110194e-09	1.524979e-11	1.475303e-09	-1.286437e-11	
3  3.40038	2.250067e+00	1.167778e-01	1.041757e+00	7.610069e-02	2.360076e-09	2.118664e-09	2.011376e-12	1.603937e-09	3.519176e-12	
3  6.38877	2.245990e+00	1.178574e-01	1.041600e+00	7.760560e-02	2.382754e-09	2.125978e-09	1.717036e-11	1.698904e-09	-1.381458e-11	
16  4.96781	2.246129e+00	1.175459e-01	1.041732e+00	8.015373e-02	2.382567e-09	2.134750e-09	5.749324e-12	2.296739e-09	-2.987775e-12	
3  4.57714	2.233110e+00	1.184735e-01	1.041762e+00	7.506859e-02	2.374641e-09	2.114327e-09	6.921219e-12	2.582732e-09	-3.463891e-12	
15  4.41298	2.228573e+00	1.179955e-01	1.041801e+00	7.066553e-02	2.344935e-09	2.095409e-09	4.848608e-12	1.894702e-09	-7.907685e-13	
1  4.90582	2.227963e+00	1.172024e-01	1.041979e+00	7.717553e-02	2.339963e-09	2.123361e-09	1.232396e-11	1.653030e-09	5.178275e-12	
4  4.28984	2.230867e+00	1.167874e-01	1.042136e+00	7.455628e-02	2.314177e-09	2.112416e-09	6.686279e-12	1.674201e-09	-1.790387e-12	
16  5.89444	2.229804e+00	1.163456e-01	1.042205e+00	8.187380e-02	2.338674e-09	2.140164e-09	3.244712e-12	2.037175e-09	5.796368e-12	
58  3.35214	2.224669e+00	1.161884e-01	1.042297e+00	7.701456e-02	2.311231e-09	2.118065e-09	7.328956e-13	2.295988e-09	2.550436e-12	
3  6.07901	2.218509e+00	1.162384e-01	1.042121e+00	7.706235e-02	2.322199e-09	2.117462e-09	5.130817e-12	2.030602e-09	2.248883e-12	
23  6.81637	2.223484e+00	1.169175e-01	1.041982e+00	7.647009e-02	2.334717e-09	2.115232e-09	5.820078e-12	2.288705e-09	-3.389633e-12	
13  5.32188	2.229838e+00	1.164821e-01	1.042055e+00	7.522233e-02	2.315036e-09	2.110986e-09	2.745177e-12	1.981740e-09	-2.079575e-12	
12  5.14219	2.230351e+00	1.168188e-01	1.041808e+00	7.516576e-02	2.315958e-09	2.110426e-09	1.145735e-11	2.130533e-09	-2.505890e-12	
1  6.72113	2.237139e+00	1.177016e-01	1.041745e+00	7.363291e-02	2.335565e-09	2.107176e-09	2.038998e-11	1.945386e-09	-2.467581e-12	
11  8.13595	2.234448e+00	1.177769e-01	1.041827e+00	7.151051e-02	2.324975e-09	2.098412e-09	1.715493e-11	2.120017e-09	1.505842e-12	
2  7.20937	2.235014e+00	1.175202e-01	1.041962e+00	7.519021e-02	2.335468e-09	2.113470e-09	1.905896e-11	2.090394e-09	-5.542775e-12	
1  8.75399	2.225532e+00	1.179768e-01	1.041990e+00	7.604271e-02	2.335159e-09	2.118078e-09	1.768993e-11	2.323134e-09	-1.897246e-12	
24  4.88205	2.228804e+00	1.173604e-01	1.042030e+00	7.477539e-02	2.316047e-09	2.110938e-09	8.674516e-12	2.409019e-09	5.959015e-12	
18  3.35334	2.224301e+00	1.176419e-01	1.042125e+00	7.437289e-02	2.328175e-09	2.112597e-09	3.691527e-12	2.061128e-09	8.578921e-13	
7  3.72154	2.225915e+00	1.171933e-01	1.042238e+00	7.249290e-02	2.308784e-09	2.102653e-09	4.521858e-12	2.314509e-09	5.210241e-12	
20  3.89814	2.229498e+00	1.174672e-01	1.042144e+00	7.559038e-02	2.343418e-09	2.116609e-09	6.927145e-12	2.034389e-09	-5.668558e-13	
3  5.889	2.235622e+00	1.169154e-01	1.042407e+00	7.525849e-02	2.320962e-09	2.115480e-09	9.425896e-12	2.166093e-09	1.112166e-11	
9  5.62731	2.237045e+00	1.163311e-01	1.042536e+00	7.491810e-02	2.310602e-09	2.114314e-09	6.982145e-12	1.909612e-09	1.390157e-11	
1  6.34629	2.245703e+00	1.167186e-01	1.042361e+00	7.490774e-02	2.333660e-09	2.112242e-09	1.103018e-11	2.620184e-09	1.030487e-12	
11  6.31647	2.237936e+00	1.172316e-01	1.042553e+00	7.137998e-02	2.319632e-09	2.099757e-09	6.267257e-12	2.490476e-09	5.926891e-12	
20  5.84436	2.231016e+00	1.172926e-01	1.042613e+00	7.378235e-02	2.330086e-09	2.112523e-09	6.329086e-12	1.966053e-09	9.841071e-12	
26  4.88695	2.234491e+00	1.171214e-01	1.042545e+00	7.467532e-02	2.331211e-09	2.115548e-09	8.106439e-12	1.885685e-09	4.564321e-12	
8  7.60929	2.231125e+00	1.180228e-01	1.042558e+00	7.601267e-02	2.365376e-09	2.124195e-09	1.041197e-11	1.535831e-09	5.384059e-12	
2  9.58385	2.232579e+00	1.179118e-01	1.042645e+00	7.579262e-02	2.364463e-09	2.126299e-09	1.279889e-11	1.216854e-09	3.533448e-12	
9  7.92431	2.227798e+00	1.185900e-01	1.042293e+00	7.556934e-02	2.385466e-09	2.125110e-09	9.359122e-12	1.312830e-09	2.319411e-12	
3  9.43307	2.231035e+00	1.179224e-01	1.042295e+00	8.125057e-02	2.399106e-09	2.149212e-09	9.289474e-12	6.779861e-10	2.776249e-12	
31  7.32296	2.235504e+00	1.178363e-01	1.042449e+00	8.127326e-02	2.388195e-09	2.148338e-09	1.424235e-12	1.141386e-09	6.123007e-12	
10  6.10646	2.231804e+00	1.177748e-01	1.042377e+00	7.952474e-02	2.374716e-09	2.139780e-09	6.807987e-12	1.060304e-09	6.401787e-12	
3  6.06578	2.226433e+00	1.180089e-01	1.042253e+00	7.900886e-02	2.362550e-09	2.137698e-09	1.433754e-11	7.462372e-10	4.169090e-12	
2  7.07729	2.231094e+00	1.179160e-01	1.042136e+00	7.795460e-02	2.369416e-09	2.133908e-09	3.051710e-11	2.710894e-10	-1.617516e-11	
1  5.32846	2.232960e+00	1.181051e-01	1.041798e+00	7.508726e-02	2.364088e-09	2.120689e-09	4.706212e-11	4.011246e-10	-1.958295e-11	
2  6.09689	2.242251e+00	1.175913e-01	1.042003e+00	7.455197e-02	2.335424e-09	2.117804e-09	3.783037e-11	8.310581e-10	-4.288937e-12	
2  6.51819	2.251786e+00	1.167922e-01	1.041932e+00	7.293598e-02	2.315134e-09	2.107763e-09	1.618977e-11	1.345304e-09	7.625521e-12	
1  6.12943	2.250830e+00	1.167238e-01	1.041931e+00	7.125496e-02	2.307315e-09	2.099506e-09	1.220228e-11	1.645936e-09	3.292480e-12	
3  5.10144	2.249785e+00	1.172646e-01	1.042141e+00	7.304268e-02	2.324705e-09	2.110533e-09	5.921654e-12	1.454055e-09	8.020862e-12	
10  5.87824	2.250120e+00	1.160797e-01	1.042423e+00	7.267456e-02	2.284918e-09	2.108292e-09	1.380492e-11	1.322750e-09	7.126650e-12	
32  6.04965	2.250178e+00	1.161154e-01	1.042618e+00	7.759780e-02	2.307129e-09	2.132839e-09	1.929098e-11	5.551941e-10	1.208919e-11	
17  6.18942	2.246409e+00	1.168518e-01	1.042574e+00	7.468185e-02	2.320075e-09	2.122828e-09	1.798930e-11	2.747241e-10	7.814639e-12	
6  6.39268	2.250975e+00	1.154062e-01	1.042636e+00	7.245512e-02	2.282939e-09	2.107902e-09	9.732588e-12	5.911893e-10	1.941296e-11	
1  6.74616	2.247175e+00	1.153904e-01	1.042453e+00	7.611889e-02	2.295596e-09	2.124287e-09	1.147616e-11	2.940005e-10	3.105490e-11	
4  6.49559	2.250595e+00	1.149428e-01	1.042309e+00	7.870241e-02	2.288956e-09	2.133830e-09	3.166574e-11	4.855888e-10	1.092569e-11	
1  7.69426	2.253234e+00	1.152346e-01	1.042244e+00	7.245039e-02	2.273358e-09	2.108330e-09	1.390354e-11	1.898048e-10	2.831034e-11	
2  7.03603	2.250161e+00	1.149092e-01	1.042389e+00	7.368281e-02	2.251742e-09	2.112711e-09	1.690166e-11	5.017282e-10	2.310932e-11	
4  5.73522	2.252624e+00	1.148670e-01	1.042261e+00	7.598401e-02	2.280522e-09	2.122402e-09	1.741530e-11	3.249245e-10	6.275919e-12	
5  5.26737	2.251098e+00	1.153243e-01	1.042346e+00	7.292463e-02	2.281505e-09	2.107883e-09	2.457214e-11	4.680186e-10	6.524922e-12	
7  4.44289	2.250837e+00	1.162971e-01	1.042036e+00	7.255775e-02	2.317518e-09	2.105706e-09	2.245045e-11	7.354377e-10	-1.240357e-12	
4  3.77362	2.244882e+00	1.178419e-01	1.041967e+00	7.404181e-02	2.365576e-09	2.116660e-09	1.985075e-11	3.262907e-10	3.550991e-12	
1  4.78329	2.246892e+00	1.171534e-01	1.042270e+00	7.212966e-02	2.327476e-09	2.107064e-09	2.119179e-11	4.668689e-10	7.781177e-12	
22  3.94737	2.246792e+00	1.173701e-01	1.042470e+00	7.719192e-02	2.364978e-09	2.130209e-09	1.702133e-12	1.912978e-10	8.666680e-12	
10  5.45886	2.245860e+00	1.178602e-01	1.042387e+00	7.424276e-02	2.364616e-09	2.117395e-09	1.525152e-11	3.894141e-10	-4.028013e-12	
1  7.18333	2.257665e+00	1.173974e-01	1.042588e+00	7.704883e-02	2.358085e-09	2.126734e-09	1.519224e-11	9.692800e-10	2.193078e-12	
8  7.3274	2.258642e+00	1.170889e-01	1.042832e+00	7.357168e-02	2.328292e-09	2.111441e-09	7.981650e-12	1.013504e-09	1.178060e-11	
4  8.34071	2.248175e+00	1.176143e-01	1.042742e+00	7.325384e-02	2.337370e-09	2.111051e-09	1.655807e-11	1.084345e-09	7.579223e-12	
13  6.79835	2.249551e+00	1.171740e-01	1.042718e+00	7.645977e-02	2.339246e-09	2.126264e-09	1.609255e-11	5.702685e-10	1.771019e-11	
3  8.43651	2.240611e+00	1.165679e-01	1.042552e+00	7.941722e-02	2.354910e-09	2.135664e-09	2.488142e-11	5.935467e-10	-1.742938e-12	
2  8.8123	2.247145e+00	1.165616e-01	1.042328e+00	7.977051e-02	2.373729e-09	2.136882e-09	1.416125e-11	5.416529e-10	-1.147709e-11	
24  6.57703	2.238351e+00	1.177937e-01	1.042210e+00	7.657176e-02	2.390503e-09	2.127755e-09	1.220319e-12	8.653439e-11	-7.437547e-12	
5  7.00255	2.237228e+00	1.189420e-01	1.041830e+00	7.590572e-02	2.413828e-09	2.124270e-09	1.252399e-11	3.762694e-10	-2.231845e-11	
22  5.50031	2.224055e+00	1.197046e-01	1.041919e+00	7.554583e-02	2.416348e-09	2.125011e-09	7.326587e-12	3.619879e-10	-2.115594e-12	
3  5.43959	2.228154e+00	1.192810e-01	1.041987e+00	7.114513e-02	2.393278e-09	2.105193e-09	3.929724e-12	2.995605e-10	1.941338e-13	
24  5.25032	2.230352e+00	1.188278e-01	1.042076e+00	7.233159e-02	2.384435e-09	2.109212e-09	1.055195e-11	6.869058e-10	1.272348e-12	
12  4.7856	2.233857e+00	1.179259e-01	1.041817e+00	7.560685e-02	2.387845e-09	2.120483e-09	2.342233e-11	6.154636e-10	-7.528495e-12	
9  5.32296	2.236957e+00	1.176182e-01	1.041876e+00	7.153701e-02	2.370639e-09	2.104090e-09	9.217260e-12	2.313247e-10	7.835745e-12	
27  3.47888	2.245991e+00	1.176603e-01	1.041694e+00	7.505584e-02	2.397200e-09	2.115832e-09	5.995122e-12	8.132637e-10	-1.669281e-12	
11  4.11751	2.247587e+00	1.171360e-01	1.041673e+00	7.382969e-02	2.384590e-09	2.109900e-09	5.002093e-12	7.441377e-10	-9.618672e-12	
2  4.79239	2.252370e+00	1.172069e-01	1.041805e+00	7.574339e-02	2.377460e-09	2.121231e-09	2.819112e-11	5.699119e-10	-1.511382e-11	
8  4.82984	2.243370e+00	1.167252e-01	1.042175e+00	7.906303e-02	2.359490e-09	2.133549e-09	1.411192e-11	8.314711e-10	7.885993e-12	
13  4.54208	2.235931e+00	1.167792e-01	1.042028e+00	7.775914e-02	2.355640e-09	2.127088e-09	2.833753e-11	2.037162e-10	-5.218824e-12	
10  6.155	2.226274e+00	1.168201e-01	1.042045e+00	7.873820e-02	2.355524e-09	2.130039e-09	2.617868e-11	3.893003e-10	2.391463e-12	
4  6.73388	2.232291e+00	1.156265e-01	1.042456e+00	7.531816e-02	2.300731e-09	2.113374e-09	2.123780e-11	7.716318e-10	2.248733e-11	
2  5.83728	2.234966e+00	1.156652e-01	1.042563e+00	7.896054e-02	2.305609e-09	2.130626e-09	2.199347e-11	3.907793e-10	2.327547e-11	
8  5.83065	2.239436e+00	1.154821e-01	1.042395e+00	7.616635e-02	2.293979e-09	2.116627e-09	2.073378e-11	4.702207e-10	2.775977e-11	
3  7.37129	2.236805e+00	1.150641e-01	1.042205e+00	7.213741e-02	2.262565e-09	2.098728e-09	1.942412e-11	1.765468e-10	3.196020e-11	
21  6.15002	2.236965e+00	1.146172e-01	1.042347e+00	8.007681e-02	2.288476e-09	2.133178e-09	9.381443e-12	2.815573e-10	2.701624e-11	
12  5.26078	2.244312e+00	1.152897e-01	1.042116e+00	7.982281e-02	2.312588e-09	2.132353e-09	9.441484e-12	1.845505e-10	1.702077e-11	
4  7.53216	2.245020e+00	1.156409e-01	1.042224e+00	8.178573e-02	2.331330e-09	2.141811e-09	1.196173e-11	7.629912e-11	1.907170e-11	
7  7.21899	2.245352e+00	1.161884e-01	1.042082e+00	8.165132e-02	2.352835e-09	2.140900e-09	2.499168e-13	2.248765e-10	3.968563e-12	
5  5.36942	2.234394e+00	1.172064e-01	1.041630e+00	7.653582e-02	2.348342e-09	2.119247e-09	5.228235e-12	2.353720e-10	8.712534e-12	
3  5.07273	2.241090e+00	1.164758e-01	1.041736e+00	7.362809e-02	2.324435e-09	2.105550e-09	1.588799e-11	1.820452e-10	5.104665e-12	
2  7.72769	2.249550e+00	1.157158e-01	1.041840e+00	7.494637e-02	2.326501e-09	2.109905e-09	2.228062e-11	3.012557e-10	-1.788322e-11	
5  6.95912	2.251751e+00	1.152370e-01	1.041995e+00	7.621605e-02	2.302755e-09	2.112601e-09	4.164623e-12	1.090018e-09	1.259703e-11	
2  5.89066	2.242848e+00	1.142750e-01	1.042133e+00	7.638295e-02	2.264301e-09	2.112802e-09	1.774574e-11	1.099293e-09	1.133389e-11	
3  6.02015	2.241887e+00	1.158712e-01	1.041746e+00	7.222217e-02	2.292275e-09	2.098913e-09	2.387259e-11	8.841967e-10	-3.176730e-12	
11  5.27961	2.242557e+00	1.158240e-01	1.041669e+00	7.485862e-02	2.294246e-09	2.112470e-09	1.878509e-11	7.799041e-10	-5.979842e-12	
2  7.03465	2.249667e+00	1.151756e-01	1.041809e+00	8.048351e-02	2.304013e-09	2.136476e-09	2.779536e-11	6.900434e-10	-2.691661e-12	
8  6.80064	2.239867e+00	1.152700e-01	1.041659e+00	7.676471e-02	2.284323e-09	2.117181e-09	2.575303e-11	1.244720e-09	1.033135e-12	
12  7.17931	2.236158e+00	1.150442e-01	1.041554e+00	7.572790e-02	2.288742e-09	2.113006e-09	1.873510e-11	1.003582e-09	-3.997187e-12	
6  6.91816	2.230860e+00	1.154961e-01	1.041855e+00	7.565444e-02	2.290738e-09	2.116678e-09	2.124649e-11	5.999653e-10	-5.650498e-12	
3  6.98856	2.234781e+00	1.148794e-01	1.041916e+00	7.771867e-02	2.285486e-09	2.122964e-09	2.447007e-11	9.514876e-10	-1.523650e-13	
2  7.11705	2.237904e+00	1.159738e-01	1.041837e+00	7.921221e-02	2.323158e-09	2.134026e-09	4.051592e-11	3.607001e-10	-1.305960e-11	
1  8.28254	2.227040e+00	1.172121e-01	1.041766e+00	7.856262e-02	2.336223e-09	2.133014e-09	3.025840e-11	7.390348e-10	-1.403281e-11	
1  7.94586	2.231648e+00	1.182647e-01	1.041716e+00	7.693172e-02	2.356171e-09	2.128946e-09	3.608465e-11	5.472363e-10	-2.377873e-11	
2  7.96863	2.223538e+00	1.182917e-01	1.041752e+00	7.198202e-02	2.328471e-09	2.109065e-09	3.778662e-11	3.152267e-10	-1.982376e-11	
2  9.32155	2.227824e+00	1.187887e-01	1.041388e+00	6.960539e-02	2.339526e-09	2.096786e-09	4.331746e-11	2.165539e-10	-2.820099e-11	
3  8.35132	2.228357e+00	1.181618e-01	1.041482e+00	7.742942e-02	2.357275e-09	2.129449e-09	4.372289e-11	7.715002e-12	-3.680249e-11	
4  7.75952	2.242067e+00	1.186343e-01	1.041490e+00	7.692678e-02	2.360677e-09	2.126158e-09	1.670595e-11	7.385832e-10	-1.671052e-11	
2  8.18248	2.245419e+00	1.170380e-01	1.041744e+00	7.672509e-02	2.326727e-09	2.124125e-09	1.357445e-11	5.365642e-10	-1.619141e-11	
1  6.49194	2.242977e+00	1.168895e-01	1.041862e+00	7.698527e-02	2.317726e-09	2.125455e-09	7.903590e-12	4.434294e-11	4.328229e-12	
4  7.32781	2.238504e+00	1.165982e-01	1.041775e+00	8.103124e-02	2.341701e-09	2.140187e-09	4.593684e-12	2.106307e-10	1.059103e-12	
1  8.2058	2.246496e+00	1.164748e-01	1.041905e+00	8.232860e-02	2.337657e-09	2.146066e-09	1.778125e-11	4.803614e-10	-2.634158e-12	
8  8.88322	2.259820e+00	1.158892e-01	1.041828e+00	8.239293e-02	2.326926e-09	2.143596e-09	1.838779e-11	6.558593e-10	3.298107e-12	
3  10.0475	2.258559e+00	1.165312e-01	1.041866e+00	8.254914e-02	2.335637e-09	2.143442e-09	1.582449e-11	1.482721e-09	-5.751189e-12	
1  6.78991	2.262311e+00	1.153661e-01	1.042178e+00	7.912561e-02	2.292035e-09	2.127545e-09	1.380754e-11	1.174331e-09	2.955406e-13	
15  6.62703	2.261811e+00	1.157082e-01	1.042163e+00	7.592623e-02	2.281410e-09	2.117896e-09	1.624386e-11	3.850730e-10	1.368276e-11	
1  6.41857	2.261096e+00	1.154054e-01	1.042350e+00	7.554867e-02	2.274084e-09	2.114573e-09	7.371516e-12	6.221611e-10	1.571313e-11	
26  6.15991	2.260025e+00	1.160425e-01	1.042318e+00	7.636624e-02	2.300094e-09	2.117430e-09	5.688530e-12	7.075435e-10	7.714977e-12	
11  6.21746	2.255891e+00	1.158684e-01	1.042424e+00	7.758468e-02	2.296094e-09	2.122082e-09	1.230351e-11	8.699179e-10	1.539106e-11	
23  5.33227	2.244782e+00	1.153391e-01	1.042513e+00	7.802892e-02	2.281932e-09	2.123451e-09	1.533844e-11	8.841706e-10	1.849002e-11	
6  5.05666	2.247302e+00	1.154055e-01	1.042449e+00	7.756779e-02	2.285201e-09	2.119673e-09	1.015337e-11	1.548854e-09	1.456977e-11	
1  4.67323	2.247950e+00	1.158293e-01	1.042433e+00	7.546748e-02	2.297572e-09	2.112287e-09	1.300728e-11	1.231276e-09	4.284782e-12	
27  3.88245	2.237145e+00	1.169543e-01	1.042199e+00	7.506889e-02	2.325629e-09	2.113425e-09	1.594946e-11	9.053373e-10	6.421573e-12	
1  5.06027	2.238104e+00	1.170414e-01	1.042270e+00	7.564422e-02	2.338249e-09	2.118355e-09	2.856502e-11	4.851773e-10	1.262594e-11	
11  3.87718	2.240691e+00	1.168848e-01	1.042287e+00	7.304592e-02	2.329271e-09	2.109013e-09	2.142887e-11	3.532190e-10	8.504315e-12	
20  3.02441	2.238640e+00	1.177572e-01	1.042141e+00	7.640923e-02	2.367557e-09	2.126051e-09	1.164766e-11	3.724928e-10	2.977353e-12	
4  3.38366	2.235433e+00	1.179399e-01	1.042030e+00	7.650949e-02	2.359752e-09	2.126188e-09	1.491543e-11	2.998205e-10	-1.712945e-12	
13  4.44506	2.233430e+00	1.188481e-01	1.041926e+00	7.651457e-02	2.382367e-09	2.126332e-09	1.481819e-11	5.382104e-10	-3.242240e-12	
51  3.51786	2.227812e+00	1.186683e-01	1.041998e+00	7.560105e-02	2.373476e-09	2.121256e-09	2.080106e-12	8.268463e-10	5.915420e-12	
45  3.02816	2.230517e+00	1.173445e-01	1.042363e+00	7.789107e-02	2.355480e-09	2.129748e-09	4.632338e-13	7.757325e-10	6.061639e-12	
26  2.7884	2.234766e+00	1.172966e-01	1.042205e+00	7.492507e-02	2.341623e-09	2.115234e-09	7.078052e-12	1.029744e-09	3.835566e-13	
12  2.66425	2.229865e+00	1.182058e-01	1.042171e+00	7.467984e-02	2.360356e-09	2.116805e-09	2.712505e-12	6.612026e-10	5.433804e-12	
21  3.96847	2.235883e+00	1.187440e-01	1.041825e+00	7.633347e-02	2.384296e-09	2.122247e-09	8.390906e-12	1.232249e-09	-3.529837e-12	
22  2.1315	2.242672e+00	1.177765e-01	1.041907e+00	7.692583e-02	2.371492e-09	2.121957e-09	2.040403e-12	1.643726e-09	-8.628110e-13	
21  3.40974	2.240179e+00	1.179225e-01	1.042067e+00	7.388626e-02	2.355716e-09	2.109771e-09	8.155182e-12	1.441132e-09	-1.233735e-12	
33  3.66752	2.245573e+00	1.168332e-01	1.042685e+00	7.487481e-02	2.309393e-09	2.112678e-09	5.177478e-12	1.808832e-09	9.703030e-12	
20  3.17912	2.243698e+00	1.172899e-01	1.042583e+00	7.426584e-02	2.321795e-09	2.113060e-09	2.230071e-12	1.090658e-09	6.470693e-12	
3  4.40512	2.244123e+00	1.160655e-01	1.042817e+00	7.417595e-02	2.289690e-09	2.111378e-09	8.389367e-12	9.767787e-10	1.713436e-11	
7  4.66555	2.242615e+00	1.158235e-01	1.042748e+00	7.331924e-02	2.279662e-09	2.104918e-09	3.690161e-12	1.309538e-09	6.835068e-12	
24  4.41553	2.246151e+00	1.154874e-01	1.042753e+00	7.536273e-02	2.286874e-09	2.115871e-09	9.013382e-12	6.081447e-10	2.268549e-11	
6  4.64275	2.249629e+00	1.147930e-01	1.042997e+00	7.670651e-02	2.276324e-09	2.121818e-09	6.977055e-12	7.015649e-10	2.264920e-11	
3  4.84576	2.245763e+00	1.149311e-01	1.043094e+00	7.566957e-02	2.273916e-09	2.120208e-09	5.912913e-12	4.835716e-10	2.168053e-11	
87  4.10885	2.249684e+00	1.153842e-01	1.042892e+00	7.472530e-02	2.279180e-09	2.115018e-09	3.102327e-12	4.178293e-10	1.541996e-11	
13  4.42147	2.242676e+00	1.159602e-01	1.042825e+00	7.752233e-02	2.293954e-09	2.127336e-09	9.671591e-12	5.477649e-10	2.066551e-11	
1  4.76212	2.248875e+00	1.161864e-01	1.042552e+00	7.771419e-02	2.315905e-09	2.127162e-09	1.924021e-11	4.025052e-10	1.395090e-11	
1  4.77528	2.246408e+00	1.168346e-01	1.042365e+00	7.482275e-02	2.314627e-09	2.116481e-09	2.387960e-11	1.832825e-10	1.303744e-11	
8  5.78678	2.239467e+00	1.153812e-01	1.042656e+00	7.709129e-02	2.271575e-09	2.124982e-09	7.826674e-12	1.086219e-10	3.992678e-11	
3  4.4019	2.239545e+00	1.154484e-01	1.042529e+00	7.730213e-02	2.286886e-09	2.124067e-09	1.969503e-11	3.014866e-10	2.433151e-11	
11  5.48013	2.248889e+00	1.150062e-01	1.042589e+00	7.441705e-02	2.261559e-09	2.113234e-09	1.829900e-11	2.228941e-10	1.806263e-11	
19  3.52109	2.246485e+00	1.151098e-01	1.042610e+00	7.637434e-02	2.282456e-09	2.121659e-09	6.823542e-12	2.265423e-10	2.112966e-11	
24  3.93323	2.248987e+00	1.149070e-01	1.042424e+00	7.449180e-02	2.277147e-09	2.111314e-09	1.225265e-11	5.674875e-10	1.908176e-11	
2  3.78543	2.242447e+00	1.152840e-01	1.042417e+00	7.656409e-02	2.293731e-09	2.122412e-09	2.443267e-11	3.340937e-10	1.414406e-11	
17  4.41767	2.238853e+00	1.168428e-01	1.042372e+00	7.840389e-02	2.348226e-09	2.133812e-09	1.705183e-11	2.920643e-10	5.208192e-12	
9  4.45444	2.239272e+00	1.174744e-01	1.042164e+00	7.262619e-02	2.340621e-09	2.108543e-09	1.914555e-11	7.217145e-10	-2.709448e-12	
6  5.51555	2.241874e+00	1.185315e-01	1.041916e+00	7.290214e-02	2.390309e-09	2.112542e-09	2.732059e-11	2.195803e-10	-2.522220e-11	
20  4.58751	2.235695e+00	1.189903e-01	1.041902e+00	7.686712e-02	2.409228e-09	2.132011e-09	3.262658e-12	2.137344e-10	-2.216041e-12	
6  4.91076	2.236413e+00	1.194047e-01	1.041742e+00	7.581176e-02	2.425558e-09	2.128498e-09	2.014835e-11	1.684278e-11	-1.785153e-11	
7  4.91173	2.240976e+00	1.189571e-01	1.041767e+00	7.515992e-02	2.398481e-09	2.124964e-09	1.612083e-11	4.229081e-10	-6.924617e-12	
7  4.83049	2.236868e+00	1.186114e-01	1.041757e+00	7.798452e-02	2.403917e-09	2.135074e-09	2.969354e-12	7.277246e-10	-4.666569e-12	
2  7.04482	2.238245e+00	1.190693e-01	1.041666e+00	7.589326e-02	2.411843e-09	2.128048e-09	2.336337e-11	5.078948e-10	-2.460829e-11	
1  7.23977	2.232724e+00	1.196064e-01	1.041814e+00	7.397908e-02	2.426293e-09	2.122308e-09	3.432408e-11	1.683307e-10	-3.040107e-11	
11  7.30564	2.234645e+00	1.188457e-01	1.041714e+00	7.391159e-02	2.406697e-09	2.120462e-09	5.791691e-11	1.148818e-10	-5.129912e-11	
7  9.89524	2.227656e+00	1.201055e-01	1.041450e+00	7.341394e-02	2.439887e-09	2.118084e-09	6.348825e-11	2.641487e-10	-6.025379e-11	
2  10.0264	2.231467e+00	1.207707e-01	1.041414e+00	7.505340e-02	2.469748e-09	2.127802e-09	7.395548e-11	9.020286e-11	-8.960317e-11	
2  13.4326	2.226586e+00	1.217383e-01	1.041367e+00	7.162194e-02	2.463356e-09	2.113526e-09	7.355449e-11	2.708348e-10	-7.560134e-11	
1  8.5825	2.229208e+00	1.205190e-01	1.041460e+00	7.279419e-02	2.432134e-09	2.116816e-09	8.043423e-11	1.062185e-10	-7.685824e-11	
20  8.54308	2.229436e+00	1.206881e-01	1.041471e+00	7.222064e-02	2.435103e-09	2.113966e-09	9.472633e-11	8.324187e-11	-8.455674e-11	
102  7.21874	2.228577e+00	1.211237e-01	1.041482e+00	7.378519e-02	2.443530e-09	2.122714e-09	7.544438e-11	2.260304e-11	-6.362005e-11	
7  6.78787	2.231456e+00	1.192730e-01	1.041508e+00	7.590955e-02	2.407574e-09	2.126812e-09	9.085581e-11	1.056432e-10	-5.783948e-11	
9  5.82845	2.226735e+00	1.180943e-01	1.041799e+00	7.484105e-02	2.354058e-09	2.120611e-09	8.124542e-11	1.011913e-10	-2.999975e-11	
2  5.68499	2.234221e+00	1.177401e-01	1.041692e+00	7.626218e-02	2.362825e-09	2.126111e-09	5.838141e-11	2.963511e-10	-2.174502e-11	
4  6.04554	2.239781e+00	1.184090e-01	1.041504e+00	7.512123e-02	2.396948e-09	2.123871e-09	4.175511e-11	2.110073e-10	-1.460963e-11	
7  7.12745	2.230961e+00	1.187145e-01	1.041423e+00	7.482542e-02	2.391540e-09	2.121788e-09	3.607365e-11	5.249395e-10	-1.192922e-11	
2  5.44513	2.228377e+00	1.174604e-01	1.041619e+00	7.598843e-02	2.369805e-09	2.124538e-09	3.645404e-11	2.595598e-10	-6.781372e-12	
16  5.16552	2.230500e+00	1.180809e-01	1.041349e+00	7.544669e-02	2.398498e-09	2.122696e-09	4.560255e-11	5.785599e-11	-2.849237e-11	
4  7.65051	2.224095e+00	1.179953e-01	1.041611e+00	7.226445e-02	2.359167e-09	2.108590e-09	3.371640e-11	6.346085e-10	-4.421432e-12	
6  5.34213	2.226789e+00	1.187324e-01	1.041575e+00	7.339979e-02	2.383178e-09	2.115483e-09	3.738523e-11	2.199487e-10	-3.286174e-12	
28  5.60206	2.220385e+00	1.196975e-01	1.041438e+00	7.297964e-02	2.394755e-09	2.115932e-09	4.098463e-11	1.543544e-11	-1.048678e-11	
2  10.9844	2.218716e+00	1.197307e-01	1.041289e+00	6.714236e-02	2.371880e-09	2.089418e-09	2.429492e-11	3.588559e-11	-4.592249e-12	
6  7.01592	2.219006e+00	1.193308e-01	1.041025e+00	7.474747e-02	2.415894e-09	2.120190e-09	3.626519e-11	2.320868e-10	-2.869658e-11	
7  6.35062	2.224643e+00	1.185611e-01	1.041121e+00	7.361387e-02	2.378882e-09	2.113242e-09	2.132066e-11	7.247185e-10	-1.110510e-11	
10  6.9076	2.233652e+00	1.176981e-01	1.040909e+00	7.404942e-02	2.371968e-09	2.112393e-09	4.447149e-12	7.862545e-10	-1.444501e-11	
3  7.82567	2.237315e+00	1.179326e-01	1.040722e+00	7.685770e-02	2.402960e-09	2.124293e-09	7.761826e-12	6.806352e-10	-1.971570e-11	
11  6.89089	2.235656e+00	1.178240e-01	1.040905e+00	7.390675e-02	2.368275e-09	2.110390e-09	8.688073e-12	9.735047e-10	-3.672973e-12	
12  7.03929	2.238515e+00	1.193343e-01	1.040911e+00	7.761357e-02	2.421322e-09	2.130166e-09	2.182169e-12	9.231262e-10	-1.101120e-11	
1  7.08825	2.242815e+00	1.200489e-01	1.040920e+00	7.407992e-02	2.429310e-09	2.115196e-09	3.551483e-12	9.163802e-10	-1.614178e-11	
19  6.79298	2.245096e+00	1.201043e-01	1.041204e+00	7.209417e-02	2.407373e-09	2.108084e-09	8.671579e-12	9.341332e-10	-1.601610e-11	
13  8.96064	2.240592e+00	1.204502e-01	1.041112e+00	7.572910e-02	2.427029e-09	2.126229e-09	7.059642e-12	7.811746e-10	-5.602254e-12	
5  7.23374	2.239403e+00	1.206305e-01	1.041155e+00	7.435208e-02	2.438565e-09	2.121628e-09	2.374472e-11	3.059618e-10	-2.479926e-11	
12  4.66843	2.245290e+00	1.193347e-01	1.041380e+00	7.643999e-02	2.417703e-09	2.125401e-09	3.204746e-12	9.106779e-10	-5.121471e-12	
23  5.01591	2.237138e+00	1.193383e-01	1.041249e+00	7.321015e-02	2.398337e-09	2.113334e-09	1.097440e-11	3.314399e-10	-6.031832e-12	
9  5.42165	2.235231e+00	1.195689e-01	1.041228e+00	7.128290e-02	2.400628e-09	2.104334e-09	1.264681e-11	4.229944e-10	-1.009666e-11	
1  5.80782	2.224051e+00	1.192597e-01	1.041382e+00	7.299773e-02	2.373545e-09	2.111828e-09	3.411064e-11	4.965234e-10	-1.803592e-11	
3  6.63851	2.223245e+00	1.193168e-01	1.041233e+00	7.420183e-02	2.378333e-09	2.116788e-09	5.896939e-11	2.116913e-10	-2.411820e-11	
1  6.82903	2.213069e+00	1.186997e-01	1.041324e+00	7.308401e-02	2.356300e-09	2.110948e-09	3.637169e-11	1.658530e-10	2.601535e-12	
3  4.51411	2.222589e+00	1.180158e-01	1.041626e+00	7.451970e-02	2.342824e-09	2.117388e-09	2.917669e-11	3.491187e-10	2.387108e-12	
1  5.14982	2.232297e+00	1.178492e-01	1.041687e+00	7.130223e-02	2.336444e-09	2.106117e-09	3.233747e-11	1.764897e-10	-2.745228e-12	
2  6.07448	2.243952e+00	1.172508e-01	1.041374e+00	7.724724e-02	2.363085e-09	2.129427e-09	4.886892e-11	4.995896e-11	-1.422968e-11	
6  7.44447	2.244278e+00	1.180949e-01	1.041316e+00	7.159125e-02	2.352778e-09	2.105009e-09	4.161434e-11	5.389238e-10	-1.065682e-11	
1  8.59575	2.244034e+00	1.175089e-01	1.041514e+00	7.001876e-02	2.333106e-09	2.095533e-09	2.347944e-11	1.072787e-09	-1.457161e-12	
6  3.62737	2.244976e+00	1.163346e-01	1.041679e+00	7.673074e-02	2.336437e-09	2.120095e-09	8.450964e-12	1.609418e-09	2.606294e-12	
15  4.47481	2.250340e+00	1.146546e-01	1.042176e+00	7.791665e-02	2.303010e-09	2.127753e-09	1.245945e-11	3.584147e-10	8.459738e-12	
2  6.7005	2.254939e+00	1.146100e-01	1.042202e+00	7.955494e-02	2.312475e-09	2.134352e-09	2.340772e-11	4.971332e-10	-1.907174e-12	
9  6.79429	2.253395e+00	1.151065e-01	1.042176e+00	7.551131e-02	2.301802e-09	2.117179e-09	2.439067e-11	1.170320e-09	-5.937413e-13	
2  7.984	2.244043e+00	1.155237e-01	1.042266e+00	7.580976e-02	2.293613e-09	2.119215e-09	2.647059e-11	1.184485e-09	1.554773e-11	
1  9.60547	2.242944e+00	1.151264e-01	1.042400e+00	7.379673e-02	2.267716e-09	2.111133e-09	4.731662e-11	8.985677e-10	1.106971e-11	
12  7.90065	2.248648e+00	1.147071e-01	1.042602e+00	7.509950e-02	2.269469e-09	2.116794e-09	3.418745e-11	8.533542e-10	1.118143e-11	
5  5.77258	2.242631e+00	1.156601e-01	1.042163e+00	7.712888e-02	2.301995e-09	2.126083e-09	3.769919e-11	6.707458e-10	4.977765e-12	
4  5.33161	2.241491e+00	1.173614e-01	1.041762e+00	7.439701e-02	2.337630e-09	2.113746e-09	3.105992e-11	1.086274e-09	-7.214882e-12	
6  6.18932	2.253176e+00	1.166048e-01	1.041643e+00	7.543307e-02	2.326395e-09	2.114317e-09	1.918646e-11	1.576503e-09	-1.450087e-11	
15  6.24657	2.243702e+00	1.158934e-01	1.041882e+00	7.950385e-02	2.307954e-09	2.130350e-09	2.169482e-11	1.419130e-09	-1.600783e-12	
7  7.07387	2.245934e+00	1.157020e-01	1.042085e+00	7.970357e-02	2.299737e-09	2.132482e-09	2.649234e-11	1.196778e-09	-2.682681e-12	
2  5.02694	2.246481e+00	1.161446e-01	1.042113e+00	7.756331e-02	2.302740e-09	2.125463e-09	2.301490e-11	9.178583e-10	-2.638622e-12	
2  9.41173	2.235890e+00	1.159759e-01	1.042141e+00	7.597977e-02	2.304911e-09	2.121837e-09	3.311836e-11	1.644847e-10	-1.989741e-11	
1  7.27044	2.232453e+00	1.167305e-01	1.041918e+00	7.389997e-02	2.322608e-09	2.114556e-09	3.384441e-11	1.327775e-10	-2.291148e-11	
2  4.92112	2.237397e+00	1.155470e-01	1.042198e+00	7.635941e-02	2.292987e-09	2.124049e-09	2.417162e-11	2.229098e-10	6.366816e-12	
2  5.55915	2.233379e+00	1.159118e-01	1.042137e+00	7.567388e-02	2.302553e-09	2.121293e-09	1.588695e-11	9.176168e-10	4.253031e-12	
5  3.93852	2.233447e+00	1.165754e-01	1.042266e+00	7.514936e-02	2.310676e-09	2.120732e-09	1.075461e-11	7.499919e-10	1.222409e-11	
1  4.56935	2.240086e+00	1.170443e-01	1.042393e+00	7.855922e-02	2.346897e-09	2.136736e-09	8.234844e-12	6.488060e-10	4.414994e-12	
5  5.25867	2.239335e+00	1.172679e-01	1.042483e+00	8.044350e-02	2.356932e-09	2.144690e-09	2.952598e-12	7.695898e-10	7.283852e-12	
3  8.44412	2.248815e+00	1.169249e-01	1.042689e+00	8.025397e-02	2.344901e-09	2.145672e-09	1.536365e-11	5.872571e-10	8.984674e-12	
3  8.04543	2.250101e+00	1.174584e-01	1.042571e+00	7.851384e-02	2.361371e-09	2.135522e-09	4.731329e-12	1.084746e-09	1.415488e-11	
19  3.29283	2.250238e+00	1.180249e-01	1.042230e+00	7.449363e-02	2.370478e-09	2.117766e-09	3.491692e-12	1.147509e-09	1.779947e-12	
15  4.50042	2.252170e+00	1.176590e-01	1.042303e+00	7.393099e-02	2.363275e-09	2.114566e-09	1.520500e-12	1.353442e-09	-1.862275e-12	
5  6.04473	2.240899e+00	1.182670e-01	1.042360e+00	7.554034e-02	2.365660e-09	2.124944e-09	9.207967e-12	9.253067e-10	9.764286e-12	
3  7.28747	2.250447e+00	1.182722e-01	1.042193e+00	7.839340e-02	2.373436e-09	2.135924e-09	1.351482e-11	1.233610e-09	1.820642e-12	
1  7.26415	2.245770e+00	1.191756e-01	1.042021e+00	7.406703e-02	2.374057e-09	2.116605e-09	1.303112e-11	1.524879e-09	-8.027613e-12	
2  5.17068	2.246701e+00	1.179902e-01	1.042084e+00	7.992685e-02	2.363138e-09	2.137862e-09	2.262498e-12	1.866973e-09	1.768672e-12	
1  3.32212	2.256215e+00	1.162190e-01	1.042233e+00	7.587295e-02	2.312697e-09	2.115557e-09	5.698080e-12	1.867146e-09	8.248167e-12	
12  5.01651	2.261283e+00	1.157203e-01	1.042351e+00	7.328614e-02	2.300206e-09	2.105473e-09	7.613361e-12	1.411585e-09	-1.412147e-12	
9  4.27755	2.260963e+00	1.157650e-01	1.042153e+00	8.126143e-02	2.344160e-09	2.138779e-09	2.052375e-12	1.612935e-09	1.850577e-12	
3  3.75266	2.261828e+00	1.159009e-01	1.042120e+00	7.614478e-02	2.331008e-09	2.119045e-09	1.452062e-11	1.080060e-09	2.749949e-12	
6  5.44123	2.250011e+00	1.159832e-01	1.042211e+00	8.037468e-02	2.336024e-09	2.138489e-09	1.615931e-11	1.080592e-09	2.116927e-13	
1  6.15527	2.240850e+00	1.158129e-01	1.042340e+00	7.694250e-02	2.324727e-09	2.125034e-09	1.604046e-11	8.219732e-10	-3.662344e-12	
1  7.28532	2.241945e+00	1.162893e-01	1.042421e+00	7.716846e-02	2.335681e-09	2.127659e-09	1.215776e-11	1.138615e-09	-4.217315e-12	
14  6.12383	2.253759e+00	1.151385e-01	1.042731e+00	7.865907e-02	2.311055e-09	2.134231e-09	6.557872e-12	1.125929e-09	1.147574e-11	
22  6.15614	2.246402e+00	1.160561e-01	1.042829e+00	7.815661e-02	2.326652e-09	2.132455e-09	5.662152e-12	1.422406e-09	4.516302e-12	
13  4.41208	2.241742e+00	1.155633e-01	1.042800e+00	7.737122e-02	2.303769e-09	2.125361e-09	3.519254e-12	1.986399e-09	4.162932e-12	
12  4.23671	2.244810e+00	1.151307e-01	1.042592e+00	7.447680e-02	2.290241e-09	2.111703e-09	5.086122e-12	1.812085e-09	4.452426e-12	
8  2.55306	2.240381e+00	1.162681e-01	1.042291e+00	7.573415e-02	2.313737e-09	2.119030e-09	6.772688e-12	1.427238e-09	8.427532e-12	
18  3.47584	2.246366e+00	1.166154e-01	1.042021e+00	7.843246e-02	2.335555e-09	2.129256e-09	7.413823e-12	1.722692e-09	-2.096065e-12	
4  4.15544	2.240114e+00	1.180440e-01	1.041784e+00	7.218487e-02	2.339148e-09	2.104603e-09	1.184906e-11	1.508713e-09	-3.085809e-12	
11  1.98752	2.245640e+00	1.172299e-01	1.041863e+00	7.472476e-02	2.330934e-09	2.113074e-09	5.690463e-12	1.771356e-09	8.189401e-13	
21  2.55033	2.246525e+00	1.172236e-01	1.041836e+00	7.411041e-02	2.329339e-09	2.112005e-09	5.521567e-12	1.498688e-09	2.912986e-12	
5  1.93659	2.247405e+00	1.172512e-01	1.041837e+00	7.542390e-02	2.340580e-09	2.116126e-09	6.091163e-12	1.508155e-09	-1.770867e-12	
8  5.13804	2.250176e+00	1.179265e-01	1.041637e+00	7.125554e-02	2.339183e-09	2.101412e-09	1.469246e-11	9.393024e-10	-6.753996e-12	
2  5.20774	2.241523e+00	1.177321e-01	1.041591e+00	7.369311e-02	2.341649e-09	2.110976e-09	2.840310e-11	8.120143e-10	1.572989e-13	
1  5.54595	2.241398e+00	1.184092e-01	1.041665e+00	7.233587e-02	2.357441e-09	2.106400e-09	2.346766e-11	9.767099e-10	-1.480698e-11	
1  2.86076	2.242892e+00	1.181564e-01	1.041827e+00	7.337493e-02	2.350673e-09	2.111444e-09	4.818181e-12	8.800700e-10	2.347482e-12	
2  8.94683	2.243706e+00	1.183826e-01	1.041966e+00	7.688848e-02	2.374667e-09	2.128819e-09	2.813819e-12	7.919019e-10	-9.861482e-12	
17  3.83055	2.247402e+00	1.171694e-01	1.042101e+00	7.577681e-02	2.343858e-09	2.124330e-09	6.583206e-12	2.919859e-10	-3.548291e-12	
25  3.15049	2.245859e+00	1.172876e-01	1.041909e+00	7.321548e-02	2.352591e-09	2.111638e-09	2.109850e-12	6.637763e-11	7.337678e-14	
19  2.9099	2.246388e+00	1.169252e-01	1.041827e+00	7.651849e-02	2.345065e-09	2.123441e-09	3.872804e-12	6.614596e-10	-3.944702e-12	
15  3.66743	2.244778e+00	1.164421e-01	1.042078e+00	7.854383e-02	2.325715e-09	2.132577e-09	1.478605e-11	3.710383e-10	1.216464e-11	
6  3.16219	2.241275e+00	1.171834e-01	1.042087e+00	7.653504e-02	2.339511e-09	2.125111e-09	2.426542e-11	3.725917e-10	2.903471e-12	
4  4.32233	2.245341e+00	1.171993e-01	1.042002e+00	7.588106e-02	2.332764e-09	2.121426e-09	2.898149e-11	3.872818e-10	-8.461642e-12	
2  4.44365	2.237237e+00	1.162981e-01	1.042495e+00	7.774191e-02	2.304217e-09	2.129672e-09	2.156891e-11	5.206736e-10	1.792961e-11	
19  4.23131	2.239045e+00	1.164830e-01	1.042291e+00	7.589914e-02	2.308545e-09	2.121682e-09	4.043984e-11	2.706920e-10	1.126742e-11	
2  4.63972	2.247101e+00	1.173892e-01	1.041909e+00	7.518058e-02	2.332498e-09	2.119871e-09	5.095300e-11	1.614060e-10	-4.096615e-13	
4  6.97074	2.246667e+00	1.173156e-01	1.041556e+00	8.003308e-02	2.377736e-09	2.138196e-09	5.633162e-11	2.512350e-10	-2.182797e-11	
6  4.68587	2.247655e+00	1.178476e-01	1.041597e+00	7.336767e-02	2.361223e-09	2.111315e-09	3.106969e-11	5.174548e-10	-2.179853e-11	
2  3.68411	2.244885e+00	1.178531e-01	1.041634e+00	7.390157e-02	2.345498e-09	2.114478e-09	1.977684e-11	4.573228e-10	-2.565144e-12	
7  6.16995	2.239560e+00	1.166860e-01	1.041793e+00	8.068997e-02	2.349512e-09	2.142177e-09	2.393858e-11	3.095404e-10	7.738575e-12	
6  6.04536	2.246632e+00	1.166421e-01	1.041422e+00	7.764941e-02	2.366263e-09	2.127952e-09	6.773873e-12	2.890401e-10	5.561046e-12	
8  5.76729	2.250606e+00	1.162701e-01	1.041339e+00	7.433022e-02	2.356059e-09	2.111455e-09	1.065826e-11	7.237020e-10	-1.598682e-11	
16  4.02208	2.243230e+00	1.159472e-01	1.041515e+00	7.502727e-02	2.323338e-09	2.113961e-09	6.516872e-12	9.617456e-10	-3.937751e-12	
46  4.42102	2.237959e+00	1.163248e-01	1.041522e+00	7.384137e-02	2.329550e-09	2.109376e-09	8.394280e-13	1.116439e-09	-2.757601e-12	
29  4.58898	2.231291e+00	1.160448e-01	1.041747e+00	7.353706e-02	2.311569e-09	2.109124e-09	2.870688e-12	1.144227e-09	7.809296e-13	
2  5.34547	2.229509e+00	1.165865e-01	1.041520e+00	7.193701e-02	2.331848e-09	2.102330e-09	4.795474e-12	9.001065e-10	-1.654806e-12	
2  7.53738	2.229491e+00	1.158562e-01	1.041541e+00	7.675964e-02	2.334268e-09	2.121564e-09	1.446400e-11	1.027490e-09	-5.626549e-12	
3  6.54574	2.227010e+00	1.154001e-01	1.041867e+00	7.665153e-02	2.313777e-09	2.122317e-09	9.568712e-12	6.973238e-10	8.710658e-12	
11  11.1169	2.211278e+00	1.158136e-01	1.041886e+00	7.120763e-02	2.282586e-09	2.100082e-09	7.373968e-12	5.298911e-10	1.738446e-11	
11  10.2353	2.215007e+00	1.145669e-01	1.042055e+00	7.599354e-02	2.265120e-09	2.119183e-09	1.326263e-11	4.034977e-10	1.316434e-11	
6  6.56951	2.212518e+00	1.164617e-01	1.041898e+00	7.457557e-02	2.307250e-09	2.116526e-09	1.001729e-11	4.230178e-10	1.376693e-11	
9  8.98447	2.207154e+00	1.165838e-01	1.041881e+00	7.750712e-02	2.322190e-09	2.128821e-09	5.126046e-12	4.046268e-10	1.728531e-11	
2  8.76031	2.207921e+00	1.159449e-01	1.041985e+00	7.747090e-02	2.312436e-09	2.127882e-09	1.063692e-11	1.693632e-10	2.490758e-11	
8  8.75389	2.210397e+00	1.167676e-01	1.041817e+00	7.729734e-02	2.349330e-09	2.126894e-09	3.947947e-11	1.277569e-10	-6.194415e-12	
11  9.05105	2.216502e+00	1.165693e-01	1.041644e+00	7.321712e-02	2.342747e-09	2.108682e-09	5.781731e-11	9.505030e-11	-2.450285e-11	
6  10.0452	2.224133e+00	1.162362e-01	1.041445e+00	7.469816e-02	2.358288e-09	2.112157e-09	5.803265e-11	2.126796e-10	-3.015336e-11	
6  11.1591	2.235333e+00	1.161457e-01	1.041456e+00	7.327779e-02	2.347405e-09	2.104391e-09	5.637991e-11	7.114825e-10	-1.739175e-11	
5  11.5384	2.227820e+00	1.153244e-01	1.041796e+00	6.971612e-02	2.286239e-09	2.088905e-09	3.929911e-11	4.980380e-10	3.500711e-12	
2  7.24312	2.228865e+00	1.149043e-01	1.041875e+00	7.519459e-02	2.301524e-09	2.112416e-09	2.660878e-11	4.127109e-10	1.542062e-11	
3  9.64892	2.235390e+00	1.141642e-01	1.041742e+00	8.083310e-02	2.299861e-09	2.135167e-09	2.395345e-11	3.032747e-10	1.700770e-11	
1  9.07631	2.238085e+00	1.143789e-01	1.041624e+00	7.335489e-02	2.268432e-09	2.101520e-09	2.313392e-11	6.393703e-10	1.199875e-11	
3  10.3541	2.248889e+00	1.143999e-01	1.041470e+00	7.970201e-02	2.313033e-09	2.126268e-09	2.877533e-11	1.155705e-09	-1.038436e-11	
1  8.24827	2.245945e+00	1.149014e-01	1.041506e+00	7.349906e-02	2.299870e-09	2.100348e-09	1.982321e-11	1.388317e-09	-7.490997e-12	
26  9.00301	2.242011e+00	1.148746e-01	1.041276e+00	7.471605e-02	2.318785e-09	2.106336e-09	2.275048e-11	6.416931e-10	-2.476713e-12	
17  12.5576	2.241066e+00	1.145386e-01	1.041137e+00	7.312693e-02	2.301866e-09	2.097774e-09	2.336744e-11	2.736178e-10	2.295050e-12	
4  13.3265	2.257175e+00	1.134417e-01	1.041355e+00	7.476021e-02	2.289273e-09	2.102178e-09	3.566028e-11	5.980354e-10	-1.011109e-11	
2  14.4991	2.255686e+00	1.138828e-01	1.041018e+00	7.927224e-02	2.324309e-09	2.122612e-09	2.522874e-11	8.502304e-10	-7.770197e-12	
8  14.0938	2.254123e+00	1.139220e-01	1.041011e+00	7.795324e-02	2.318189e-09	2.117395e-09	3.337097e-11	5.691692e-10	-1.227314e-11	
4  14.5643	2.258094e+00	1.143528e-01	1.040838e+00	7.741756e-02	2.328141e-09	2.114185e-09	3.213151e-11	9.452975e-10	-1.869668e-11	
2  13.428	2.260307e+00	1.143760e-01	1.040945e+00	7.556757e-02	2.322299e-09	2.107034e-09	3.182471e-11	7.532995e-10	-2.266650e-11	
1  14.1407	2.247896e+00	1.148557e-01	1.041088e+00	8.262560e-02	2.345495e-09	2.139930e-09	3.609033e-11	3.404933e-10	-1.390129e-11	
13  8.5926	2.245979e+00	1.153425e-01	1.041213e+00	7.573286e-02	2.305471e-09	2.111088e-09	3.838966e-11	5.692401e-10	-7.565128e-12	
3  8.38557	2.251628e+00	1.159818e-01	1.041127e+00	7.686659e-02	2.333596e-09	2.117051e-09	4.280242e-11	5.245833e-10	-2.039505e-11	
3  8.89223	2.246703e+00	1.156057e-01	1.041076e+00	7.673849e-02	2.319125e-09	2.115528e-09	2.986697e-11	6.101169e-10	-1.277028e-11	
2  11.2865	2.241116e+00	1.159517e-01	1.041131e+00	7.305094e-02	2.304151e-09	2.100027e-09	4.917480e-11	6.503542e-10	-2.466466e-11	
5  11.3276	2.243065e+00	1.148268e-01	1.041556e+00	7.416017e-02	2.279798e-09	2.103852e-09	4.974672e-11	8.397256e-10	-1.744405e-11	
2  11.534	2.237992e+00	1.150284e-01	1.041537e+00	7.249843e-02	2.268534e-09	2.095806e-09	4.211363e-11	1.092755e-09	-9.889657e-13	
1  8.46466	2.250112e+00	1.154172e-01	1.041659e+00	7.741471e-02	2.314059e-09	2.119241e-09	3.912620e-11	1.302120e-09	-3.861551e-12	
9  7.59631	2.252825e+00	1.165270e-01	1.041674e+00	7.867296e-02	2.337185e-09	2.126507e-09	1.712325e-11	1.779637e-09	4.819075e-12	
1  5.55615	2.247311e+00	1.168269e-01	1.041670e+00	7.373255e-02	2.322656e-09	2.107138e-09	1.732706e-11	1.625947e-09	2.457595e-12	
6  3.57856	2.251304e+00	1.168486e-01	1.041705e+00	7.613931e-02	2.335853e-09	2.116691e-09	1.212840e-11	1.593813e-09	9.500352e-13	
4  4.2337	2.257032e+00	1.168437e-01	1.041628e+00	7.505256e-02	2.336459e-09	2.111824e-09	1.664663e-11	1.547173e-09	-6.775917e-12	
12  5.92968	2.249776e+00	1.168808e-01	1.041700e+00	7.215272e-02	2.328090e-09	2.099872e-09	1.680968e-11	1.160298e-09	-1.242521e-11	
1  4.65662	2.250124e+00	1.176633e-01	1.041723e+00	7.258453e-02	2.355753e-09	2.105447e-09	1.856308e-11	3.934558e-10	-1.315187e-11	
3  4.71366	2.247705e+00	1.179547e-01	1.041658e+00	7.525908e-02	2.371226e-09	2.116495e-09	1.538966e-11	6.825000e-10	-1.596285e-11	
3  4.98204	2.244981e+00	1.179412e-01	1.041394e+00	7.801035e-02	2.391650e-09	2.127675e-09	1.468289e-11	6.725548e-10	-1.691542e-11	
2  5.12455	2.249094e+00	1.178845e-01	1.041299e+00	7.886430e-02	2.404434e-09	2.129428e-09	3.479595e-12	9.414957e-10	-4.275196e-12	
17  3.93443	2.242209e+00	1.173772e-01	1.041342e+00	7.578681e-02	2.371580e-09	2.115810e-09	1.716484e-11	1.001345e-09	-9.884084e-12	
3  6.10329	2.242330e+00	1.182708e-01	1.041503e+00	7.742653e-02	2.404638e-09	2.126026e-09	2.572121e-11	9.136924e-10	-1.823042e-11	
10  6.67238	2.239823e+00	1.190506e-01	1.041123e+00	7.336605e-02	2.399183e-09	2.107836e-09	2.182685e-11	1.327537e-09	-2.077383e-11	
1  5.76934	2.232940e+00	1.200748e-01	1.041176e+00	7.103337e-02	2.423118e-09	2.103549e-09	3.798013e-12	4.545109e-10	-1.184869e-11	
33  5.81117	2.235319e+00	1.200929e-01	1.041364e+00	7.493619e-02	2.451548e-09	2.121772e-09	1.554873e-11	2.997964e-10	-2.433498e-11	
10  4.3941	2.222412e+00	1.187120e-01	1.041546e+00	7.611837e-02	2.410010e-09	2.124692e-09	1.537047e-11	2.871054e-11	-1.481060e-11	
3  4.02104	2.221263e+00	1.180044e-01	1.041901e+00	7.315272e-02	2.352443e-09	2.109906e-09	1.482729e-11	6.257505e-10	2.614405e-12	
2  4.32865	2.231193e+00	1.186441e-01	1.041780e+00	7.698260e-02	2.400079e-09	2.128284e-09	1.552724e-11	4.488678e-10	-2.867662e-12	
4  5.79181	2.232666e+00	1.184429e-01	1.041837e+00	7.909775e-02	2.410787e-09	2.138091e-09	2.068152e-11	7.467834e-11	-3.019360e-12	
1  4.52144	2.229533e+00	1.179545e-01	1.041991e+00	7.076136e-02	2.359875e-09	2.102531e-09	2.811539e-12	1.934642e-10	4.447920e-12	
10  3.60609	2.245236e+00	1.177083e-01	1.041755e+00	7.357675e-02	2.390098e-09	2.113684e-09	1.495132e-11	5.713792e-11	-9.413680e-12	
9  3.86723	2.237384e+00	1.174759e-01	1.041762e+00	7.359471e-02	2.353978e-09	2.112548e-09	2.999247e-11	4.911494e-10	-5.362423e-12	
5  4.57898	2.237773e+00	1.171537e-01	1.041763e+00	7.331975e-02	2.354175e-09	2.109615e-09	3.925682e-11	4.129720e-10	-1.244134e-11	
11  6.27105	2.241013e+00	1.155046e-01	1.042042e+00	7.449230e-02	2.325725e-09	2.113425e-09	3.934801e-11	4.036552e-11	-1.674700e-11	
8  4.34421	2.241912e+00	1.158730e-01	1.042083e+00	7.466921e-02	2.310959e-09	2.113147e-09	3.252439e-11	4.526063e-10	-3.749595e-12	
5  3.92053	2.242167e+00	1.162648e-01	1.042003e+00	7.421473e-02	2.315582e-09	2.112893e-09	3.492204e-11	4.957430e-10	-5.720521e-13	
2  3.70062	2.233820e+00	1.167394e-01	1.041911e+00	7.567466e-02	2.332520e-09	2.119554e-09	2.669769e-11	6.205333e-10	8.132110e-13	
1  4.74781	2.242353e+00	1.178516e-01	1.041967e+00	7.100812e-02	2.352722e-09	2.103188e-09	1.935372e-11	2.005292e-10	-7.297868e-12	
3  4.2231	2.243597e+00	1.181557e-01	1.042042e+00	7.198682e-02	2.362047e-09	2.107961e-09	1.169073e-11	2.380577e-10	-4.225081e-12	
4  4.66108	2.240944e+00	1.180633e-01	1.042168e+00	7.324313e-02	2.359176e-09	2.113034e-09	7.987404e-12	1.639727e-10	-5.198371e-12	
18  3.78107	2.234896e+00	1.183407e-01	1.042134e+00	7.544115e-02	2.386992e-09	2.123592e-09	1.693225e-12	3.163049e-10	-1.415347e-12	
1  3.52789	2.229876e+00	1.185191e-01	1.042005e+00	7.236216e-02	2.374998e-09	2.110399e-09	4.759781e-12	3.872277e-10	9.853721e-13	
2  3.63288	2.233491e+00	1.178089e-01	1.042009e+00	7.630370e-02	2.377796e-09	2.125411e-09	2.248881e-11	1.976173e-10	-2.871919e-12	
10  3.69568	2.245917e+00	1.170944e-01	1.041934e+00	7.176654e-02	2.342306e-09	2.103451e-09	9.716099e-12	2.051816e-10	1.864324e-12	
10  3.71893	2.251696e+00	1.169813e-01	1.041981e+00	7.449081e-02	2.347897e-09	2.116897e-09	9.685085e-12	8.824778e-11	-7.080894e-12	
11  3.65404	2.247832e+00	1.164090e-01	1.042133e+00	7.358886e-02	2.325243e-09	2.111012e-09	4.363584e-12	2.184565e-10	-3.358358e-13	
14  3.90995	2.250318e+00	1.158819e-01	1.042154e+00	7.504446e-02	2.313876e-09	2.117018e-09	4.090201e-12	2.984252e-10	-4.264301e-13	
1  3.37933	2.248151e+00	1.170883e-01	1.041987e+00	7.747697e-02	2.357680e-09	2.130648e-09	3.674012e-12	3.285236e-10	6.692151e-12	
7  3.31577	2.244300e+00	1.170436e-01	1.041985e+00	7.378960e-02	2.339178e-09	2.115575e-09	1.403598e-11	5.422658e-11	1.078600e-11	
1  3.59005	2.245922e+00	1.168591e-01	1.041992e+00	7.635025e-02	2.342276e-09	2.126646e-09	2.132280e-11	8.927945e-11	8.659933e-12	
13  3.43433	2.246383e+00	1.168975e-01	1.041922e+00	7.761097e-02	2.349065e-09	2.130204e-09	1.595510e-11	1.009424e-10	6.596912e-12	
2  2.89237	2.242230e+00	1.175872e-01	1.041935e+00	7.407282e-02	2.345529e-09	2.116454e-09	1.799436e-11	1.976897e-10	2.556925e-12	
10  4.79428	2.250173e+00	1.166898e-01	1.041895e+00	7.532682e-02	2.314699e-09	2.117732e-09	2.901042e-11	9.655364e-10	-5.124822e-12	
5  7.44663	2.245975e+00	1.172601e-01	1.041922e+00	7.458848e-02	2.322137e-09	2.116090e-09	5.123273e-11	8.671633e-10	-7.999547e-12	
2  6.09731	2.242686e+00	1.173978e-01	1.041874e+00	7.531669e-02	2.340027e-09	2.120770e-09	5.464786e-11	5.681655e-10	-1.065510e-11	
3  7.33417	2.235378e+00	1.188232e-01	1.041700e+00	7.111207e-02	2.359922e-09	2.106872e-09	4.887485e-11	3.993785e-10	-1.023669e-11	
1  5.81753	2.229317e+00	1.185615e-01	1.041766e+00	7.253747e-02	2.367304e-09	2.112712e-09	3.681129e-11	3.670827e-10	-5.285652e-12	
1  5.91045	2.228154e+00	1.177684e-01	1.041930e+00	7.111243e-02	2.325661e-09	2.105769e-09	3.121624e-11	3.132706e-10	3.931238e-12	
2  6.5083	2.228961e+00	1.176309e-01	1.041884e+00	7.150343e-02	2.326476e-09	2.107733e-09	4.702264e-11	1.892879e-10	-1.257902e-11	
14  6.81221	2.230128e+00	1.170002e-01	1.042194e+00	7.534030e-02	2.321677e-09	2.123604e-09	4.089964e-11	4.662854e-10	5.384852e-13	
1  7.1392	2.237531e+00	1.162190e-01	1.042216e+00	7.637250e-02	2.310781e-09	2.124800e-09	3.310383e-11	8.804934e-10	6.424498e-12	
6  7.77542	2.241142e+00	1.167834e-01	1.042227e+00	7.689560e-02	2.326130e-09	2.127020e-09	4.001013e-11	9.383403e-10	1.311051e-12	
1  8.21445	2.241298e+00	1.171077e-01	1.042424e+00	7.287052e-02	2.297809e-09	2.111235e-09	2.085308e-11	9.916762e-10	1.900512e-11	
12  6.74874	2.247232e+00	1.177288e-01	1.042219e+00	7.615382e-02	2.335784e-09	2.125520e-09	2.078401e-11	1.332048e-09	7.852131e-13	
7  5.76831	2.240008e+00	1.176011e-01	1.042136e+00	7.495608e-02	2.334377e-09	2.119432e-09	1.466558e-11	1.579295e-09	-2.634175e-12	
15  8.17272	2.238972e+00	1.183419e-01	1.041972e+00	7.329153e-02	2.350318e-09	2.112780e-09	1.213349e-11	1.988400e-09	-8.540488e-12	
2  4.0069	2.237999e+00	1.182323e-01	1.041954e+00	7.238085e-02	2.360542e-09	2.110318e-09	3.390238e-12	1.068949e-09	-3.160364e-12	
14  3.98674	2.241729e+00	1.182358e-01	1.041849e+00	7.283875e-02	2.368483e-09	2.111655e-09	2.831641e-12	9.740738e-10	-5.275340e-12	
152  4.09571	2.234001e+00	1.188334e-01	1.041976e+00	7.399081e-02	2.384354e-09	2.119302e-09	1.941670e-12	9.822619e-10	-1.403793e-12	
53  3.41582	2.233272e+00	1.180398e-01	1.042101e+00	7.279613e-02	2.345665e-09	2.112223e-09	1.328405e-12	1.193820e-09	6.401932e-13	
8  4.62984	2.236857e+00	1.180718e-01	1.041952e+00	7.664272e-02	2.375906e-09	2.130211e-09	9.501176e-12	5.517490e-10	-5.823660e-12	
40  4.01646	2.232725e+00	1.178526e-01	1.041978e+00	7.442777e-02	2.363512e-09	2.120962e-09	1.209272e-12	1.527767e-10	-1.816066e-12	
9  4.26617	2.228152e+00	1.184632e-01	1.042015e+00	7.366956e-02	2.358742e-09	2.119143e-09	1.976709e-12	5.115024e-10	4.870595e-12	
32  4.49655	2.229793e+00	1.182768e-01	1.041728e+00	7.433714e-02	2.350621e-09	2.119851e-09	5.350294e-12	9.162358e-10	1.391970e-12	
35  5.06373	2.229685e+00	1.182198e-01	1.041430e+00	7.597522e-02	2.369770e-09	2.125795e-09	3.603688e-12	7.254439e-10	-1.060662e-13	
16  4.43672	2.232863e+00	1.185647e-01	1.041371e+00	7.283458e-02	2.371241e-09	2.112093e-09	2.938865e-12	8.273540e-10	-6.315196e-12	
16  4.33435	2.238907e+00	1.189131e-01	1.041346e+00	7.233320e-02	2.398568e-09	2.109997e-09	1.652851e-11	6.637186e-11	-2.113128e-11	
17  4.39257	2.244184e+00	1.183619e-01	1.041243e+00	7.437292e-02	2.402094e-09	2.117361e-09	3.354664e-12	9.477481e-11	-1.513030e-11	
12  5.2561	2.249094e+00	1.172499e-01	1.041470e+00	7.578746e-02	2.375678e-09	2.122868e-09	4.960495e-12	1.705180e-10	-1.660200e-11	
2  6.48763	2.240478e+00	1.172302e-01	1.041534e+00	7.196339e-02	2.362782e-09	2.108751e-09	1.204223e-11	3.498227e-12	-2.293472e-11	
7  6.45362	2.243555e+00	1.166624e-01	1.041655e+00	7.537331e-02	2.366649e-09	2.121642e-09	2.244546e-11	2.681564e-10	-1.974040e-11	
6  6.48181	2.254372e+00	1.167061e-01	1.041531e+00	7.467701e-02	2.371690e-09	2.118199e-09	3.542775e-11	1.037666e-10	-3.449274e-11	
1  8.86425	2.240603e+00	1.169452e-01	1.041482e+00	7.334222e-02	2.354528e-09	2.110675e-09	4.320806e-11	7.600729e-10	-2.302439e-11	
5  6.96537	2.230362e+00	1.172168e-01	1.041651e+00	7.802988e-02	2.375276e-09	2.132421e-09	3.159868e-11	4.617186e-10	-1.044367e-11	
7  7.42272	2.227395e+00	1.173494e-01	1.041571e+00	7.232155e-02	2.357637e-09	2.108406e-09	4.053658e-11	2.974598e-10	-2.321933e-11	
5  7.52738	2.237466e+00	1.165799e-01	1.041565e+00	7.262762e-02	2.351278e-09	2.107625e-09	5.128418e-11	1.796205e-10	-3.264576e-11	
2  6.40687	2.237450e+00	1.169841e-01	1.041850e+00	7.153152e-02	2.342018e-09	2.103755e-09	4.548328e-11	2.121159e-10	-2.318797e-11	
7  5.98381	2.242588e+00	1.177253e-01	1.041856e+00	7.550651e-02	2.391113e-09	2.121817e-09	5.546273e-11	1.243826e-10	-4.331310e-11	
1  6.84713	2.248692e+00	1.171656e-01	1.041868e+00	7.745087e-02	2.375174e-09	2.127787e-09	3.923368e-11	7.256157e-10	-1.777811e-11	
3  4.77376	2.245610e+00	1.178282e-01	1.041638e+00	7.452686e-02	2.380438e-09	2.117244e-09	3.736662e-11	3.920637e-10	-9.156099e-12	
12  4.03783	2.242623e+00	1.180956e-01	1.041690e+00	7.309186e-02	2.393373e-09	2.112338e-09	3.914316e-11	5.989934e-11	-1.551603e-11	
4  4.46353	2.231353e+00	1.180981e-01	1.041782e+00	7.582753e-02	2.401163e-09	2.123118e-09	3.704881e-11	5.970372e-11	-7.434091e-12	
1  4.30595	2.240191e+00	1.169293e-01	1.041931e+00	7.718056e-02	2.382873e-09	2.127357e-09	2.935143e-11	1.521682e-11	-8.883607e-13	
2  5.09411	2.246485e+00	1.174054e-01	1.041877e+00	7.674155e-02	2.389552e-09	2.127304e-09	3.637176e-11	2.517269e-10	-1.070752e-11	
2  5.61985	2.245750e+00	1.168782e-01	1.042005e+00	7.335983e-02	2.355642e-09	2.111605e-09	5.695853e-11	1.942250e-10	-2.264499e-11	
3  4.65396	2.253766e+00	1.166134e-01	1.041975e+00	7.450772e-02	2.366174e-09	2.116774e-09	3.800178e-11	9.831184e-11	-1.485849e-11	
13  5.10565	2.258660e+00	1.161550e-01	1.041985e+00	7.717311e-02	2.365235e-09	2.127498e-09	3.895333e-11	4.583671e-12	-1.704454e-11	
7  5.84492	2.251218e+00	1.172484e-01	1.041955e+00	7.618665e-02	2.366469e-09	2.125307e-09	3.103686e-11	4.098113e-10	4.703497e-12	
2  5.40407	2.246093e+00	1.167901e-01	1.041994e+00	7.522454e-02	2.338989e-09	2.119206e-09	3.984613e-11	6.593706e-10	-4.556237e-12	
4  8.00775	2.251503e+00	1.170107e-01	1.041923e+00	7.120283e-02	2.325266e-09	2.100528e-09	2.035643e-11	8.418129e-10	1.075740e-11	
1  6.91306	2.247264e+00	1.171051e-01	1.042034e+00	7.011442e-02	2.318992e-09	2.096407e-09	2.892870e-11	6.622641e-10	-1.286704e-12	
8  6.93334	2.236494e+00	1.173397e-01	1.042124e+00	7.162666e-02	2.332071e-09	2.104737e-09	3.195962e-11	7.595857e-10	-3.186279e-12	
2  8.88062	2.240923e+00	1.173413e-01	1.042005e+00	7.928864e-02	2.360554e-09	2.136338e-09	2.415939e-11	9.423870e-10	1.187045e-11	
5  4.04476	2.243099e+00	1.176281e-01	1.041799e+00	7.311114e-02	2.361420e-09	2.110469e-09	2.895790e-11	4.829208e-10	-5.232475e-12	
1  3.86354	2.243583e+00	1.174686e-01	1.041758e+00	7.318736e-02	2.355691e-09	2.108762e-09	2.950255e-11	5.384710e-10	-1.037187e-11	
6  4.73987	2.244905e+00	1.172248e-01	1.041539e+00	7.249132e-02	2.358360e-09	2.104912e-09	3.947234e-11	7.210055e-11	-2.622555e-11	
5  3.78312	2.239759e+00	1.167533e-01	1.041701e+00	7.754858e-02	2.348366e-09	2.125419e-09	3.059372e-11	3.261836e-10	-1.575099e-12	
2  4.11975	2.238353e+00	1.166104e-01	1.041723e+00	7.721436e-02	2.347884e-09	2.123228e-09	3.467883e-11	1.951401e-10	3.545713e-12	
2  3.96742	2.247119e+00	1.160524e-01	1.041909e+00	7.396737e-02	2.316404e-09	2.108832e-09	2.510371e-11	4.119426e-10	1.042061e-11	
9  3.74664	2.240020e+00	1.169056e-01	1.041808e+00	7.670987e-02	2.349796e-09	2.123743e-09	1.980284e-11	4.019549e-10	9.823530e-12	
2  3.86022	2.237520e+00	1.165494e-01	1.041802e+00	7.717833e-02	2.349827e-09	2.124892e-09	2.687042e-11	1.494068e-10	-9.270346e-12	
22  3.94341	2.236005e+00	1.167661e-01	1.041676e+00	7.384391e-02	2.328748e-09	2.112316e-09	3.540295e-11	3.185463e-11	-4.087169e-12	
13  3.25776	2.243348e+00	1.163078e-01	1.041893e+00	7.493076e-02	2.323297e-09	2.115943e-09	4.105554e-11	1.841190e-10	3.343233e-12	
22  3.74631	2.237162e+00	1.175215e-01	1.041839e+00	7.217217e-02	2.347720e-09	2.104847e-09	2.444142e-11	1.666925e-10	2.040457e-12	
4  5.0386	2.235936e+00	1.182476e-01	1.041962e+00	7.335217e-02	2.359219e-09	2.112482e-09	2.298855e-11	1.733580e-10	1.537028e-11	
1  5.44567	2.244938e+00	1.175936e-01	1.041824e+00	7.288777e-02	2.338653e-09	2.107798e-09	2.044302e-11	3.822371e-10	1.232745e-11	
2  5.91533	2.253242e+00	1.185395e-01	1.041549e+00	7.220766e-02	2.372206e-09	2.104316e-09	1.677046e-11	8.625534e-10	-5.871182e-12	
4  6.59062	2.250355e+00	1.187503e-01	1.041314e+00	7.402017e-02	2.386793e-09	2.112121e-09	3.249613e-11	8.440453e-10	-2.577127e-11	
6  5.99637	2.254491e+00	1.181130e-01	1.041544e+00	7.833359e-02	2.386440e-09	2.127665e-09	1.372654e-11	1.216693e-09	-6.739671e-12	
3  5.79191	2.261490e+00	1.180920e-01	1.041493e+00	7.258678e-02	2.372941e-09	2.102527e-09	8.797138e-12	1.644604e-09	-1.163285e-11	
13  5.53555	2.257835e+00	1.184974e-01	1.041486e+00	7.649751e-02	2.391348e-09	2.118439e-09	5.788891e-12	2.529531e-09	-3.637217e-12	
14  6.01298	2.264193e+00	1.180241e-01	1.041356e+00	7.460243e-02	2.379916e-09	2.108519e-09	9.149302e-12	2.439305e-09	-7.761259e-12	
66  5.63247	2.267287e+00	1.184433e-01	1.041304e+00	7.439415e-02	2.397585e-09	2.108548e-09	3.574110e-12	2.724109e-09	-7.037871e-12	
28  6.86031	2.269227e+00	1.184468e-01	1.041387e+00	7.603479e-02	2.407528e-09	2.115923e-09	6.220775e-12	2.326572e-09	-9.189068e-12	
17  8.09147	2.277299e+00	1.172235e-01	1.041588e+00	8.015105e-02	2.397182e-09	2.131511e-09	4.992053e-12	2.598422e-09	-6.805803e-12	
2  6.10259	2.266746e+00	1.154230e-01	1.041561e+00	8.017399e-02	2.365108e-09	2.131289e-09	3.397718e-12	1.632630e-09	-6.870932e-12	
51  3.24261	2.263929e+00	1.155267e-01	1.041614e+00	7.763245e-02	2.347942e-09	2.120442e-09	1.512138e-12	1.795578e-09	-2.148621e-12	
21  6.77127	2.270133e+00	1.152438e-01	1.041579e+00	7.410990e-02	2.326922e-09	2.105202e-09	4.051932e-12	1.786761e-09	2.190655e-12	
9  6.74076	2.255760e+00	1.164208e-01	1.041438e+00	7.748774e-02	2.381469e-09	2.120307e-09	1.183402e-11	1.998851e-09	-1.338514e-11	
2  5.7579	2.253424e+00	1.171202e-01	1.041718e+00	7.758360e-02	2.384179e-09	2.121937e-09	1.253322e-11	2.024576e-09	-7.259466e-12	
16  4.33071	2.253374e+00	1.163754e-01	1.042058e+00	7.390155e-02	2.341609e-09	2.107434e-09	6.841105e-12	1.571463e-09	6.283420e-12	
10  4.12713	2.254095e+00	1.160880e-01	1.042032e+00	7.482594e-02	2.335201e-09	2.110648e-09	1.474090e-11	1.467433e-09	-2.513915e-12	
5  3.70359	2.252569e+00	1.163150e-01	1.042007e+00	7.547346e-02	2.340462e-09	2.113985e-09	1.334786e-11	1.484775e-09	1.607009e-12	
1  2.76439	2.245043e+00	1.174623e-01	1.041655e+00	7.646642e-02	2.370830e-09	2.120256e-09	1.021323e-11	1.378773e-09	-5.056754e-12	
1  4.03377	2.241411e+00	1.185793e-01	1.041320e+00	7.399219e-02	2.400348e-09	2.112194e-09	1.685199e-11	7.985937e-10	-1.457968e-11	
5  3.51489	2.243539e+00	1.181093e-01	1.041246e+00	7.258992e-02	2.370823e-09	2.105564e-09	5.467627e-12	8.249762e-10	-6.163388e-12	
4  3.61954	2.237469e+00	1.187512e-01	1.041346e+00	7.444516e-02	2.398993e-09	2.117575e-09	1.200978e-11	4.161370e-10	-1.672757e-11	
22  3.63752	2.240067e+00	1.190780e-01	1.041238e+00	7.554945e-02	2.405863e-09	2.119435e-09	3.150760e-12	1.226525e-09	-7.468241e-12	
4  4.56588	2.234416e+00	1.193418e-01	1.041184e+00	7.510931e-02	2.408819e-09	2.119104e-09	5.393486e-12	1.154283e-09	-4.780253e-12	
11  4.06029	2.240600e+00	1.181742e-01	1.041260e+00	7.400256e-02	2.385329e-09	2.111606e-09	5.563236e-12	9.321789e-10	-1.425888e-12	
2  5.02183	2.245632e+00	1.179265e-01	1.041515e+00	7.201136e-02	2.372039e-09	2.104295e-09	1.582257e-11	8.359041e-10	-3.520295e-12	
1  5.35251	2.250161e+00	1.172854e-01	1.041584e+00	7.516574e-02	2.368430e-09	2.114937e-09	2.213364e-11	1.341185e-09	-8.865444e-12	
8  7.98111	2.256727e+00	1.172452e-01	1.041493e+00	7.440361e-02	2.364949e-09	2.110614e-09	2.661555e-11	1.565059e-09	-2.223410e-11	
8  8.28491	2.249009e+00	1.184917e-01	1.041040e+00	7.535071e-02	2.413812e-09	2.117036e-09	2.275239e-11	1.452246e-09	-2.727069e-11	
7  5.06951	2.246632e+00	1.190697e-01	1.041024e+00	7.260568e-02	2.410751e-09	2.108504e-09	5.500990e-12	9.378574e-10	-9.595635e-12	
6  5.81314	2.248854e+00	1.187987e-01	1.041076e+00	7.251810e-02	2.410635e-09	2.110561e-09	4.482347e-12	6.943041e-10	-1.368378e-11	
1  5.88299	2.251184e+00	1.182290e-01	1.041229e+00	7.635268e-02	2.414588e-09	2.124584e-09	4.192135e-12	1.120231e-09	-1.421977e-11	
39  4.21286	2.239898e+00	1.182026e-01	1.041532e+00	7.715708e-02	2.401649e-09	2.129245e-09	4.752084e-13	1.239013e-09	-1.006276e-12	
18  4.97436	2.240188e+00	1.188590e-01	1.041528e+00	7.185893e-02	2.387379e-09	2.105909e-09	5.682766e-12	1.658390e-09	-8.310681e-12	
3  6.90677	2.237647e+00	1.182140e-01	1.041729e+00	8.071737e-02	2.407257e-09	2.143148e-09	5.724193e-12	1.439720e-09	-2.786446e-12	
23  3.3189	2.239251e+00	1.182374e-01	1.041587e+00	7.727690e-02	2.401861e-09	2.128015e-09	1.071868e-12	1.463318e-09	-1.327404e-12	
71  3.27454	2.243616e+00	1.172190e-01	1.041547e+00	7.856633e-02	2.388537e-09	2.130151e-09	4.162437e-13	1.521936e-09	-7.790915e-13	
17  3.72733	2.245772e+00	1.168177e-01	1.041502e+00	7.732658e-02	2.381375e-09	2.122271e-09	6.689041e-12	1.511499e-09	-6.869477e-12	
47  4.10664	2.241330e+00	1.176569e-01	1.041358e+00	7.419918e-02	2.393998e-09	2.108710e-09	1.622272e-12	1.731204e-09	-7.498924e-12	
18  3.13153	2.242976e+00	1.174871e-01	1.041377e+00	7.601007e-02	2.403484e-09	2.116451e-09	1.630276e-12	1.797214e-09	-2.349798e-12	
106  4.65702	2.239801e+00	1.176133e-01	1.041280e+00	7.003812e-02	2.374603e-09	2.091032e-09	4.980481e-13	1.891817e-09	-2.532723e-12	
7  5.6463	2.235124e+00	1.171956e-01	1.041300e+00	7.303440e-02	2.384617e-09	2.104415e-09	2.048279e-12	1.286917e-09	-8.475278e-12	
5  5.19714	2.244842e+00	1.167545e-01	1.041438e+00	7.178447e-02	2.369284e-09	2.097330e-09	4.085555e-12	1.754467e-09	-3.591037e-12	
60  5.5194	2.236451e+00	1.159336e-01	1.041634e+00	7.261803e-02	2.331937e-09	2.098555e-09	4.260087e-12	1.965668e-09	2.071451e-12	
3  7.94057	2.240568e+00	1.157533e-01	1.041511e+00	7.333595e-02	2.335386e-09	2.099915e-09	1.177431e-11	1.832638e-09	-1.036983e-11	
5  5.24444	2.234106e+00	1.166520e-01	1.041662e+00	7.470942e-02	2.366299e-09	2.108254e-09	7.953103e-12	1.711403e-09	-3.532978e-12	
12  7.33635	2.236775e+00	1.164556e-01	1.041500e+00	7.272916e-02	2.361534e-09	2.099152e-09	1.225349e-11	1.384581e-09	-6.308013e-12	
6  7.19268	2.235253e+00	1.158856e-01	1.041382e+00	7.298408e-02	2.343588e-09	2.097794e-09	6.677763e-12	1.557009e-09	-1.660194e-12	
14  7.65067	2.240437e+00	1.153075e-01	1.041411e+00	7.489952e-02	2.330589e-09	2.103813e-09	1.185845e-11	1.585462e-09	-4.763098e-12	
5  6.79113	2.240783e+00	1.155287e-01	1.041625e+00	7.663526e-02	2.339775e-09	2.112296e-09	1.359290e-11	1.620808e-09	-3.023113e-12	
16  6.63348	2.241573e+00	1.148198e-01	1.041660e+00	7.731622e-02	2.311402e-09	2.112025e-09	5.815785e-12	1.881829e-09	7.932573e-13	
30  4.86521	2.249977e+00	1.150064e-01	1.041607e+00	7.532547e-02	2.302967e-09	2.105585e-09	6.329550e-12	1.972264e-09	-9.430185e-13	
170  4.06767	2.249654e+00	1.158637e-01	1.041361e+00	7.637506e-02	2.328879e-09	2.113266e-09	4.110569e-12	1.888208e-09	-4.888389e-13	
5  4.16462	2.242387e+00	1.166779e-01	1.041160e+00	7.631525e-02	2.356659e-09	2.116258e-09	1.118364e-12	1.275821e-09	-4.204099e-12	
6  4.09034	2.237631e+00	1.175784e-01	1.041134e+00	7.514600e-02	2.368945e-09	2.113012e-09	8.620603e-12	1.125329e-09	-1.153722e-11	
23  3.21554	2.239719e+00	1.181833e-01	1.041339e+00	7.529015e-02	2.372366e-09	2.116145e-09	9.077934e-12	1.381751e-09	-5.683986e-12	
6  4.28337	2.243000e+00	1.182758e-01	1.041745e+00	7.653733e-02	2.380773e-09	2.124467e-09	1.545981e-12	1.109474e-09	-5.111291e-12	
3  4.44408	2.239714e+00	1.171716e-01	1.042036e+00	7.404586e-02	2.326038e-09	2.109707e-09	1.323085e-11	1.718563e-09	-4.144281e-12	
70  1.98851	2.238651e+00	1.175409e-01	1.041959e+00	7.570056e-02	2.343042e-09	2.117727e-09	4.645935e-12	2.024085e-09	-1.649813e-13	
70  1.55407	2.241054e+00	1.175487e-01	1.042181e+00	7.399703e-02	2.342367e-09	2.111131e-09	1.478994e-12	1.713194e-09	1.072396e-12	
